EVENT_ID,MENU_HINT,EVENT_NAME,EVENT_DT,SELECTION_ID,SELECTION_NAME,WIN_LOSE,BSP,PPWAP,MORNINGWAP,PPMAX,PPMIN,IPMAX,IPMIN,MORNINGTRADEDVOL,PPTRADEDVOL,IPTRADEDVOL
100744201,AUS / Bath (AUS) 26th Aug,R7 1400m Hcap,26-08-2013 08:20,3792088,7. Lay Down Sally,0,11,10.7618222530307493120092302527917338181,9.87324245446821086852118659721452584137,12,6,60,46,2165.52,1636.58,66.6
100744201,AUS / Bath (AUS) 26th Aug,R7 1400m Hcap,26-08-2013 08:20,5803563,13. Forest Beauty,0,15.323378984,15.3927946758886037123003343662903277589,11.2367555265114811726795412037767311896,18,14,38,38,887.54,588.32,39.16
100744197,AUS / Bath (AUS) 26th Aug,R5 2000m Hcap,26-08-2013 07:00,5893009,7. Bedeys Mistake,0,4.09848493816622,3.51797864281579519230178930919283794388,3.54244690830039877123334563285483749072,4.3,3.45,4.3,4.3,13496.46,13068,178.98
100744197,AUS / Bath (AUS) 26th Aug,R5 2000m Hcap,26-08-2013 07:00,7599241,5. Key The Can,0,16.361651704548855,8.68601123524707895859700083520454264769,8.78993283981815934405515650107813379846,17.5,7,22,20,4368.66,4323.76,44.9
100744199,AUS / Bath (AUS) 26th Aug,R6 1400m CL2,26-08-2013 07:40,7599246,11. Dnon Dnon,0,37.717442681703844,46.2151124955124161409928724227564096966,28.8749665566752876125925265317042718273,60,40,1,1001,672.78,365.28,0
100744193,AUS / Bath (AUS) 26th Aug,R3 1200m Hcap,26-08-2013 05:50,5043867,5. Drop Of Magic,0,6.4,5.9188104679227449493088141426746991924,6.10304644484366809879441425377781560945,6.4,5.2,290,6.4,4464.22,3557.04,457.52
100744209,AUS / Graf (AUS) 26th Aug,R4 1200m Mdn,26-08-2013 06:15,7599462,10. Astute Boy,0,72.09734378611668,60.6103366148856437416844514369513898865,51.6692773516350423899878885748889786032,75,40,1,1001,247.7,204.08,4.48
100744209,AUS / Graf (AUS) 26th Aug,R4 1200m Mdn,26-08-2013 06:15,7599458,4. Quilty Road,0,26.291135863,29.8364726539938175253265898449185834844,24.702050051931351698897077006775804936,34,27,1,1001,808.76,600.52,11.98
100744209,AUS / Graf (AUS) 26th Aug,R4 1200m Mdn,26-08-2013 06:15,7599465,15. Gallic Wonder,0,97.42620221028396,129.891184635528066074284231083173599087,60.4159502609763586122198342032545287074,180,90,95,95,260.56,89.22,5.84
100744215,AUS / Graf (AUS) 26th Aug,R7 1600m CL1,26-08-2013 08:10,7599473,5. Yammananna,1,13.790040035627316,12.4186848192517619668939749343975672341,11.8486719194828683390829621194359781626,19.5,12.5,1,1001,2388.56,2244.48,144.08
100744215,AUS / Graf (AUS) 26th Aug,R7 1600m CL1,26-08-2013 08:10,6783325,2. Queens Charge,0,21.918830088657565,16.4495793876471896703740418646511067276,15.9863914472028701047530717741877502894,24,10,10,10,2781.78,2656.46,125.32
100744215,AUS / Graf (AUS) 26th Aug,R7 1600m CL1,26-08-2013 08:10,7438814,9. Lady Spitfire,0,31.12500453515387,18.1560432740952940436247977849855736043,17.6660930753238445546137853830161522469,32,21,1,1001,625.3,602.14,23.16
100744215,AUS / Graf (AUS) 26th Aug,R7 1600m CL1,26-08-2013 08:10,7599476,15. Fleet Star,0,42,20.047827655607316777180410529769455439,20.1482240722921808977952558256285821863,44,28,1,1001,478.06,474.62,3.44
100744205,AUS / Graf (AUS) 26th Aug,R2 1000m Hcap,26-08-2013 05:03,5720137,5. Note To Bee,0,6.7193678542520505,6.12468995701753028076402321911222696446,5.47349922617628218615720544435248956156,6.8,5.1,1,1001,4277.46,3604.28,37.2
100744207,AUS / Graf (AUS) 26th Aug,R3 1000m Mdn,26-08-2013 05:40,7599440,1. Aidos,0,61.356938166203776,68.4216939144170722385448679363029165511,45.1952778577598617909588252231500143968,75,60,1,1001,347.3,172.44,0
100744207,AUS / Graf (AUS) 26th Aug,R3 1000m Mdn,26-08-2013 05:40,7599451,13. Hot Art,0,5.662374261425285,5.6169109746386855271115872704971351529,5.40831927670197692463396531947911746846,8,5.2,1000,1000,3853.46,3386.78,.92
100744211,AUS / Graf (AUS) 26th Aug,R5 1200m Hcap,26-08-2013 06:50,5922071,3. Inaction,1,11.46,9.08187211479897763097320178071917958231,9.21635968736623491922570826133138862026,13.37,8.4,30,11.5,5046.16,4933.32,112.84
100744211,AUS / Graf (AUS) 26th Aug,R5 1200m Hcap,26-08-2013 06:50,1028664,2. Dudley,0,24.83,15.4662852668882723002115326502019175297,15.4662852668882723002115326502019175297,24.83,18.15,1,1001,728.02,728.02,0
100744211,AUS / Graf (AUS) 26th Aug,R5 1200m Hcap,26-08-2013 06:50,6003182,4. Strombo,0,7.830161787528064365,5.77868015811717529953851341964643674862,5.80573305644545182108653168382442944635,8.4,6.88,1,1001,4738.38,4701.66,36.72
100744224,AUS / Warr (AUS) 26th Aug,R5 2368m Hcap,26-08-2013 06:05,7439152,6. Mein Schadenfreude,0,38,48.6681547427701282847068716073598786784,25.0649285847938626582673236449822241627,60,40,1,1001,320.66,128.32,0
100744224,AUS / Warr (AUS) 26th Aug,R5 2368m Hcap,26-08-2013 06:05,7599916,13. Shin Cracker,0,10.61616441823542,11.4345531242893885710362969255025260355,10.0533943093665576320742268614010597885,40,9.8,60,7.6,2879.82,2064.56,340.72
100744224,AUS / Warr (AUS) 26th Aug,R5 2368m Hcap,26-08-2013 06:05,4033849,9. Princess Madeline,0,23.250908763608024,26.8014612100040821404335029546438320789,20.8886899151743638077285579641847313855,34,24,95,95,636.6,415.14,24.3
100744228,AUS / Warr (AUS) 26th Aug,R7 1400m Hcap,26-08-2013 07:20,7197073,9. Hay Bob,1,9.6,10.1972105663295031053581504122616572642,7.64600462906089811598896619501245211798,14,9.2,1.09,1.09,7163.44,5056.54,1478.94
100744216,AUS / Warr (AUS) 26th Aug,R1 3410m Stpl,26-08-2013 03:40,3628271,6. Telesmon,0,13.395330119696442,1,8.86381706181505622806389227132726882029,1,1001,1,1001,3909.08,0,0
100744218,AUS / Warr (AUS) 26th Aug,R2 3210m Hrd,26-08-2013 04:15,6316575,10. Regina Coeli,1,14.695277885,1,14.5253969878387828549011581299356973511,1,1001,1,1001,2345.16,0,0
100744220,AUS / Warr (AUS) 26th Aug,R3 1200m Mdn,26-08-2013 04:50,7544801,4. Tarragals Spirit,0,26.506527120242254,25.5870744051197673402885281462125130629,19.937747145952950112821429369317039387,27,24,1,1001,895.22,661.6,0
100744220,AUS / Warr (AUS) 26th Aug,R3 1200m Mdn,26-08-2013 04:50,7599901,6. Estahill,0,62.95998532956466,51.3618100953048495094114102570320222014,40.833001366920523335286076938098027729,70,36,1,1001,512.1,376.1,1.16
100744230,AUS / Warr (AUS) 26th Aug,R8 1700m Hcap,26-08-2013 08:00,7599931,8. Fosseding Barnes,0,6.511935590184583,7.38854183347988335037619537487482508771,7.45388166565190249015421846459757535587,8.6,7,290,8.4,5190.04,4477.9,138.9
100744230,AUS / Warr (AUS) 26th Aug,R8 1700m Hcap,26-08-2013 08:00,7599932,12. Dala,0,11.50564872733943,9.51730274867266145261986896054421244262,8.71866736980395422206185757769204437166,12.5,4.5,8.4,8.4,6485.22,5524.72,279.7
100744230,AUS / Warr (AUS) 26th Aug,R8 1700m Hcap,26-08-2013 08:00,6453105,9. Royal Hawaiian,0,15.857156217198419,21.1592568510226898180271038424752465875,17.1143327755699644425852332148086174441,30,15,1,1001,1147.44,902.12,23.1
100744230,AUS / Warr (AUS) 26th Aug,R8 1700m Hcap,26-08-2013 08:00,7277289,17. Torridon,0,27,25.2995858501470617832202115995381796791,27.0531131121490826792507343381326142438,40,20,290,11,1246.02,1003.98,82.08
100744235,AUS / Mngl (AUS) 26th Aug,R2 2300m Trot M,26-08-2013 06:10,6408041,3. Alpha Rhythm,0,240,57.2148627186862609195988826134742198283,58.5909592061742006615214994487320837927,90,42,1,1001,72.56,71.02,0
100744235,AUS / Mngl (AUS) 26th Aug,R2 2300m Trot M,26-08-2013 06:10,2423186,2. Teasing,0,3.8,3.69395144201711264736691768562988962467,3.58675074736242133792413544417173632356,3.95,3.45,8,3.55,3438.76,2613.88,492.76
100744243,AUS / Mngl (AUS) 26th Aug,R6 1609m Pace M,26-08-2013 08:43,6197454,7. Colonel Mick,0,3.25,3.97188137115383798251714206699663823557,3.2032129652855787372806491367746016512,4.6,3.6,1,1001,1833.82,1243.56,86.92
100744243,AUS / Mngl (AUS) 26th Aug,R6 1609m Pace M,26-08-2013 08:43,5960425,8. Most Exotic,0,75,35.8876759960144575169896843310896168211,35.96821305841924398625429553264604811,70,32,1,1001,186.24,179.84,0
100744243,AUS / Mngl (AUS) 26th Aug,R6 1609m Pace M,26-08-2013 08:43,7603670,3. Newhope,0,5.815275467,6.44280156980317966289524260326031523986,5.83066186732341890057150074200372580594,7,5.7,1,1001,3167.1,2575.32,127.28
100744239,AUS / Mngl (AUS) 26th Aug,R4 1609m Pace M,26-08-2013 07:23,6411115,10. Lucky Expresso,0,13,14.0874524926251662844316616109544452187,11.2865515328062144541545290608961020946,14,14,12,12,288.36,91.36,145.14
100744244,AUS / Wgul (AUS) 26th Aug,R1 1785m Pace M,26-08-2013 03:57,7600776,3. Squiggymaguire,0,108.19495772482705,1,39.4197703724446933632035844301316157939,1,1001,1,1001,142.84,0,0
100744254,AUS / Wgul (AUS) 26th Aug,R6 2205m Pace M,26-08-2013 06:55,7581443,8. Walky Talky,0,5.023012732409407,1,6.40996321045123507770853667692769727457,1,1001,1,1001,1065.52,0,0
100744254,AUS / Wgul (AUS) 26th Aug,R6 2205m Pace M,26-08-2013 06:55,7600786,7. Lombo Conquistador,0,50,1,21.8301625735039778623313732272570044967,1,1001,1,1001,57.82,0,0
100744246,AUS / Wgul (AUS) 26th Aug,R2 2205m Trot S,26-08-2013 04:32,5356606,3. My Name Is Earl,0,990,1,56.9638205499276410998552821997105643994,1,1001,1,1001,13.82,0,0
100744248,AUS / Wgul (AUS) 26th Aug,R3 1785m Pace M,26-08-2013 05:07,7600782,8. Queen Cazador,0,64.19818568078797,1,40.2169639606843829632326174008008736804,1,1001,1,1001,54.94,0,0
100744258,AUS / Wgul (AUS) 26th Aug,R8 1785m Pace M,26-08-2013 08:13,7600796,7. Go Betweens,0,5.9,1,5.11765899435673070826199987318495973622,1,1001,1,1001,315.42,0,0
100744258,AUS / Wgul (AUS) 26th Aug,R8 1785m Pace M,26-08-2013 08:13,7415737,9. Seville Lady,0,3.8656076677204703,1,3.1870912420428451007179606429671830945,1,1001,1,1001,1376.12,0,0
100744250,AUS / Wgul (AUS) 26th Aug,R4 2205m Pace M,26-08-2013 05:45,3680959,6. Moon Spirit,0,78.23121449945265,1,47.2039411948701908038786362214576165155,1,1001,1,1001,63.94,0,0
100744260,AUS / APrk (AUS) 26th Aug,R1 2138m Trot S,26-08-2013 03:11,7185017,4. Snelle Jelle S,0,3.9,1,2.35342378292098962490023942537909018356,1,1001,1,1001,125.3,0,0
100744260,AUS / APrk (AUS) 26th Aug,R1 2138m Trot S,26-08-2013 03:11,7599678,8. Count Galleon,0,50.08198813137132,1,18.71193771626297577854671280276816609,1,1001,1,1001,23.12,0,0
100744270,AUS / APrk (AUS) 26th Aug,R6 1660m Pace M,26-08-2013 06:04,6164781,3. Purity Belle,0,4.955962543864733,1,4.41661593801881571665744327614831211954,1,1001,1,1001,433.68,0,0
100744262,AUS / APrk (AUS) 26th Aug,R2 1660m Pace M,26-08-2013 03:44,7596130,5. Rollon Montana,0,5.341802253245841,1,5.14987400961163787504870762436680088323,1,1001,1,1001,2309.7,0,0
100744272,AUS / APrk (AUS) 26th Aug,R7 2138m Pace M,26-08-2013 06:39,7371828,11. We Sulute The Stars,0,8.047943123,1,1.06713109563014566181127295756808106396,1,1001,1,1001,63.16,0,0
100744280,AUS / GlbD (AUS) 26th Aug,R3 2230m Pace S,26-08-2013 05:20,3110652,5. Conte Centovalli,0,2.6,1,2.54651137349579388132332415406088498246,1,1001,1,1001,2120.72,0,0
100744280,AUS / GlbD (AUS) 26th Aug,R3 2230m Pace S,26-08-2013 05:20,1455322,3. Altivo,0,6.150671064252966,1,5.63880041877892880758210271104253912277,1,1001,1,1001,725.92,0,0
100744284,AUS / GlbD (AUS) 26th Aug,R5 1800m Pace M,26-08-2013 06:35,5973138,2. Twotones,0,580,1,348.4,1,1001,1,1001,.1,0,0
100744284,AUS / GlbD (AUS) 26th Aug,R5 1800m Pace M,26-08-2013 06:35,7200863,3. Dancehall Dolly,0,230,1,87.1541533546325878594249201277955271566,1,1001,1,1001,25.04,0,0
100744288,AUS / GlbD (AUS) 26th Aug,R7 1800m Pace M,26-08-2013 07:52,6005675,2. Arambi Star,0,242.00171051083134,1,29.4385922330097087378640776699029126214,1,1001,1,1001,82.4,0,0
100744288,AUS / GlbD (AUS) 26th Aug,R7 1800m Pace M,26-08-2013 07:52,7439477,8. Ona Rocky Beach,0,2.16,1,2.23703101916805262619974541704219201501,1,1001,1,1001,8610.16,0,0
100744288,AUS / GlbD (AUS) 26th Aug,R7 1800m Pace M,26-08-2013 07:52,7079229,4. Brooker Blue,0,580,1,93.2888888888888888888888888888888888889,1,1001,1,1001,5.4,0,0
100744278,AUS / GlbD (AUS) 26th Aug,R2 1800m Trot M,26-08-2013 04:45,3473404,7. Earl Of Stanton,0,4.8,1,3.64587392989293455652135835176143454557,1,1001,1,1001,913.46,0,0
100744278,AUS / GlbD (AUS) 26th Aug,R2 1800m Trot M,26-08-2013 04:45,5813874,6. Indiheir,0,3.901125301,1,3.00534858489366571450367444501894437051,1,1001,1,1001,2359.54,0,0
100744278,AUS / GlbD (AUS) 26th Aug,R2 1800m Trot M,26-08-2013 04:45,7600407,1. Twiggy Argyle,0,9.019384391,1,9.01628690709722850963231225793471153363,1,1001,1,1001,397.62,0,0
100744276,AUS / GlbD (AUS) 26th Aug,R1 1800m Pace M,26-08-2013 04:10,3327472,9. Craigmor Prince,0,2.416995129898445,1,2.07699090364602829976791195627760724714,1,1001,1,1001,2137.12,0,0
100744292,AUS / GlbD (AUS) 26th Aug,R9 1800m Pace M,26-08-2013 09:04,2396433,1. Red Rambler,0,24.616493768133225,1,20.1273744560337086412930855840298404366,1,1001,1,1001,289.54,0,0
100744292,AUS / GlbD (AUS) 26th Aug,R9 1800m Pace M,26-08-2013 09:04,6730490,9. Manolo Raine,0,21,1,18.0546670407781518892630003741114852226,1,1001,1,1001,213.84,0,0
100744294,AUS / Pinj (AUS) 26th Aug,R1 2185m Pace M,26-08-2013 05:55,7600672,3. Lady In Action,0,,1,21.115,1,1001,1,1001,24,0,0
100744294,AUS / Pinj (AUS) 26th Aug,R1 2185m Pace M,26-08-2013 05:55,7600676,10. The Real Nadal,0,,1,29.3765903307888040712468193384223918575,1,1001,1,1001,15.72,0,0
100744294,AUS / Pinj (AUS) 26th Aug,R1 2185m Pace M,26-08-2013 05:55,6523180,6. Art Lover,0,,1,16.5154599577491837910505089302861532552,1,1001,1,1001,104.14,0,0
100744296,AUS / Pinj (AUS) 26th Aug,R2 1684m Pace M,26-08-2013 06:30,7552802,9. Underthescope,0,,1,27.9427121771217712177121771217712177122,1,1001,1,1001,10.84,0,0
100744298,AUS / Pinj (AUS) 26th Aug,R3 2185m Pace M,26-08-2013 07:04,7386880,3. Pandoras Sioux,0,,1,7.6,1,1001,1,1001,8.12,0,0
100744298,AUS / Pinj (AUS) 26th Aug,R3 2185m Pace M,26-08-2013 07:04,7600685,11. Magical Crown,0,,1,8.84894681960375391032325338894681960375,1,1001,1,1001,191.8,0,0
100744300,AUS / Pinj (AUS) 26th Aug,R4 2185m Pace M,26-08-2013 07:44,5445945,5. Modern Whitby,0,,1,86.0927835051546391752577319587628865979,1,1001,1,1001,9.7,0,0
100744302,AUS / Pinj (AUS) 26th Aug,R5 2185m Pace M,26-08-2013 08:24,3051889,2. Classy Candidate,0,,1,66.2777777777777777777777777777777777778,1,1001,1,1001,1.08,0,0
100744302,AUS / Pinj (AUS) 26th Aug,R5 2185m Pace M,26-08-2013 08:24,6088187,5. Miss Madoff,0,,1,12.442689295039164490861618798955613577,1,1001,1,1001,122.56,0,0
100744304,AUS / Pinj (AUS) 26th Aug,R6 1684m Pace M,26-08-2013 08:52,4766761,3. Whatashambles,0,,1,16.2070376432078559738134206219312602291,1,1001,1,1001,24.44,0,0
100744308,AUS / Pinj (AUS) 26th Aug,R8 2116m Pace S,26-08-2013 09:50,5497993,5. The Marble Ridge,0,,1,68.126064735945485519591141396933560477,1,1001,1,1001,35.22,0,0
100744201,AUS / Bath (AUS) 26th Aug,R7 1400m Hcap,26-08-2013 08:20,6656232,8. Sacred Journey,0,5.381225085328951,5.76988149966446040314330005268469254499,4.88741772454600863801133265092460550068,6.6,5.3,5.5,4.5,6858.06,4966.6,265.16
100744201,AUS / Bath (AUS) 26th Aug,R7 1400m Hcap,26-08-2013 08:20,5886764,1. Blended,0,9,8.84367775351714609690399001401596977556,7.36585638842910065421297391030188381808,10,7.2,28,28,2537.4,1917.3,92.64
100744197,AUS / Bath (AUS) 26th Aug,R5 2000m Hcap,26-08-2013 07:00,7599242,6. Mystic Haayil,0,96.2746331367176,53.2863682137964193081617943653974394255,56.7316178513866503640304562885566609237,140,75,95,95,359.86,330.62,11.66
100744197,AUS / Bath (AUS) 26th Aug,R5 2000m Hcap,26-08-2013 07:00,4507321,4. Hello Gorgeous,0,19.78369439242058,14.2682229120723388664446686854548112527,14.1535704185520361990950226244343891403,23,15,1,1001,1131.52,1033.84,67.1
100744189,AUS / Bath (AUS) 26th Aug,R1 1400m Mdn,26-08-2013 04:38,6783400,10. Perfect Assurance,0,14.815194564385749,18.044113479724025097521517323400239337,15.6596508685024551688334162538666205196,23,15,1,1001,1849.16,1540.32,11.6
100744189,AUS / Bath (AUS) 26th Aug,R1 1400m Mdn,26-08-2013 04:38,6058838,7. Our Happy Hearts,0,36.62652193,35.8808195381043209399554299655729074728,26.9232280885628193370889558496004192323,40,26,1,1001,763.3,530.98,0
100744191,AUS / Bath (AUS) 26th Aug,R2 1200m Mdn,26-08-2013 05:13,7599227,5. Hussatone,0,18.884778703418412,19.7156341812513737036749957793452304478,10.383359687470932936471025951074318668,21,19,1,1001,1075.1,482.2,20.2
100744191,AUS / Bath (AUS) 26th Aug,R2 1200m Mdn,26-08-2013 05:13,6349017,9. Sagari,0,15,13.3091773347961385377879332733616346916,10.6388547604181353098753247799552861085,15,11,1,1001,1985.96,1380.5,0
100744193,AUS / Bath (AUS) 26th Aug,R3 1200m Hcap,26-08-2013 05:50,7386432,2. Glamour Rock,0,9.223479911546383,9.89346036092354002831872865034250803585,7.74082600981969715723893221108222964888,11.5,9.4,17,8.4,2908.44,1799.64,180.26
100744209,AUS / Graf (AUS) 26th Aug,R4 1200m Mdn,26-08-2013 06:15,7599468,18. Johns Rocket,0,15.5,16.447482532714929536778216914472047365,13.477998894416804864566058595909342178,17,16,32,32,723.6,469.38,26.68
100744209,AUS / Graf (AUS) 26th Aug,R4 1200m Mdn,26-08-2013 06:15,6232417,12. Mums Cat,0,39.44441389126702,33.936540586938973379379971491408506768,22.980932203389830508474576271186440678,38,24,1,1001,330.4,202.36,.34
100744205,AUS / Graf (AUS) 26th Aug,R2 1000m Hcap,26-08-2013 05:03,3113984,9. Ocean Journey,0,20.495863139,17.803506622513927735482108070075852739,14.8781402267985350756100174605876086559,25,15,2.08,2.08,3172.86,2567.32,254.66
100744205,AUS / Graf (AUS) 26th Aug,R2 1000m Hcap,26-08-2013 05:03,5356460,8. Arma,0,32,34.8266608969987366363824135109154672562,27.8521302365346252493587916785408948418,42,29,1,1001,561.44,442.84,5.8
100744205,AUS / Graf (AUS) 26th Aug,R2 1000m Hcap,26-08-2013 05:03,7599438,2. Tokyo Light,0,9.1837674597638,8.93399621046885675478963006685707467396,8.08073420370286130191511622617477141427,10,7,1,1001,4396.6,3714.28,16
100744203,AUS / Graf (AUS) 26th Aug,R1 2200m Hcap,26-08-2013 04:28,7599437,8. Firming,0,113.78042488845067,52.2337337081523128034755941732685918732,52.2337337081523128034755941732685918732,120,42,1,1001,391.3,391.3,0
100744207,AUS / Graf (AUS) 26th Aug,R3 1000m Mdn,26-08-2013 05:40,7599447,9. Sahara Snip,0,21.004636044106732,25.4631561381603331826621595546347625428,11.8874801074848034228170410372805301192,29,24,1,1001,766.62,185.72,1
100744207,AUS / Graf (AUS) 26th Aug,R3 1000m Mdn,26-08-2013 05:40,7599448,10. Dreams Of Gold,0,32,38.9480760801323441007435140588412978949,25.4267408294022389635992395972681827783,80,32,1,1001,284.06,161.8,.06
100744211,AUS / Graf (AUS) 26th Aug,R5 1200m Hcap,26-08-2013 06:50,6004975,15. Raydars Girl,0,95.5,57.8067326583043675381592866858092791295,57.8067326583043675381592866858092791295,133.7,81.18,1,1001,264.68,264.68,0
100744213,AUS / Graf (AUS) 26th Aug,R6 1400m Hcap,26-08-2013 07:30,305114,6. Bella Girl,0,5.9,5.2451754445958445662127730029294835802,4.98571468971290242302210357231736838533,5.9,4.4,290,5.9,7072.16,5599.58,154.5
100744213,AUS / Graf (AUS) 26th Aug,R6 1400m Hcap,26-08-2013 07:30,5108803,1. Overshadows,0,9,8.05999633292982294228664708388332967203,6.68967268250862808027961574816996768592,9,5.5,10,8.6,4549.1,3336.56,159.4
100744224,AUS / Warr (AUS) 26th Aug,R5 2368m Hcap,26-08-2013 06:05,7599912,2. Shiny Manners,1,10.829594404735836,11.5278095040793802257014414832931783223,7.98197979929434900803979408872693620221,13,10,10.5,1.02,2766.24,1581.8,642.88
100744228,AUS / Warr (AUS) 26th Aug,R7 1400m Hcap,26-08-2013 07:20,7599922,11. Le Shaker,0,22,19.1376837136355617807283677400505328086,18.4761628397771399628566604761100793517,22,17.5,290,290,947.68,722.88,18.56
100744228,AUS / Warr (AUS) 26th Aug,R7 1400m Hcap,26-08-2013 07:20,7599919,4. Aeronautical Joe,0,50.42389334023407,36.9061443449290845066948906104353017477,27.7046611870602404547087286327043759376,75,14,1,1001,946.54,643.48,4.12
100744220,AUS / Warr (AUS) 26th Aug,R3 1200m Mdn,26-08-2013 04:50,6290702,1. Blingaling,0,119.094929668,163.847228290253271711616805842358498941,92.5897790055248618784530386740331491713,290,130,1,1001,188.24,91.44,0
100744220,AUS / Warr (AUS) 26th Aug,R3 1200m Mdn,26-08-2013 04:50,7599900,5. The Ten Bob,1,12.798657082393765,8.6494558315237386025160062229716852237,6.41861454567651706807561093062215560333,9.2,8.2,9.6,9.6,2948.78,1944.1,517.28
100744230,AUS / Warr (AUS) 26th Aug,R8 1700m Hcap,26-08-2013 08:00,6232447,11. Big Ben Chimes,0,18,18.5022927845436719580527140985732409557,14.814953311870875639139365157982140516,21,14.5,12,12,1372.94,1002.46,95.86
100744235,AUS / Mngl (AUS) 26th Aug,R2 2300m Trot M,26-08-2013 06:10,6353944,5. Melpark Sunshine,0,340,68.2621880351963431472605833903365392075,63.7610425785913251094309590131317150816,85,55,1,1001,402.08,372.02,29.02
100744243,AUS / Mngl (AUS) 26th Aug,R6 1609m Pace M,26-08-2013 08:43,7556404,4. John Street Blue,0,70.49825039066376,47.3676965938663941646307028011499067175,41.5665171898355754857997010463378176383,1,1001,1,1001,13.38,6.58,0
100744239,AUS / Mngl (AUS) 26th Aug,R4 1609m Pace M,26-08-2013 07:23,7359550,9. Silk Banyula,0,980,1,523.133333333333333333333333333333333333,1,1001,1,1001,.6,0,0
100744239,AUS / Mngl (AUS) 26th Aug,R4 1609m Pace M,26-08-2013 07:23,7434801,6. Thortiheardulaughn,0,4.9740093403786885,5.48927737855594119116037057800805079382,19.5980335910867215431944790887170532968,1,1001,1000,7,481.08,160.8,37.78
100744239,AUS / Mngl (AUS) 26th Aug,R4 1609m Pace M,26-08-2013 07:23,7603667,3. Kentucky Lad,0,39.62473793172511,35.9998556706982651617931472447536298819,27.3115353371242891957757920389926888708,1,1001,150,150,49.24,5.82,4
100744254,AUS / Wgul (AUS) 26th Aug,R6 2205m Pace M,26-08-2013 06:55,7584214,11. Beautiful Escape,0,18.0173648068303,1,14.6883857305750122169734484443720475648,1,1001,1,1001,122.78,0,0
100744254,AUS / Wgul (AUS) 26th Aug,R6 2205m Pace M,26-08-2013 06:55,7600785,4. Petes Party,0,2.64,1,2.41776358947993511643570827903121026978,1,1001,1,1001,5018.22,0,0
100744246,AUS / Wgul (AUS) 26th Aug,R2 2205m Trot S,26-08-2013 04:32,3229784,5. Lord Deville,0,560,1,34.2001823985408116735066119471044231646,1,1001,1,1001,43.86,0,0
100744246,AUS / Wgul (AUS) 26th Aug,R2 2205m Trot S,26-08-2013 04:32,5291706,7. Stylish Dude,0,36.238994580684235,1,25.4784747847478474784747847478474784748,1,1001,1,1001,65.04,0,0
100744246,AUS / Wgul (AUS) 26th Aug,R2 2205m Trot S,26-08-2013 04:32,6100086,4. Katmandonny,1,1.34,1,1.3557946116032502243059153576889540394,1,1001,1,1001,15826.6,0,0
100744246,AUS / Wgul (AUS) 26th Aug,R2 2205m Trot S,26-08-2013 04:32,7600778,1. Glenferrie Pat,0,21.802979362141343,1,9.28076301615798922800718132854578096948,1,1001,1,1001,222.8,0,0
100744248,AUS / Wgul (AUS) 26th Aug,R3 1785m Pace M,26-08-2013 05:07,7600780,3. Elizabeth Bromac,0,8.8,1,7.25138345902590359926350039095013494085,1,1001,1,1001,792.94,0,0
100744248,AUS / Wgul (AUS) 26th Aug,R3 1785m Pace M,26-08-2013 05:07,5993334,5. Sabiha Courage,1,25.244472000266985,1,19.8055614973262032085561497326203208556,1,1001,1,1001,93.5,0,0
100744256,AUS / Wgul (AUS) 26th Aug,R7 2205m Pace M,26-08-2013 07:33,6303601,4. Alina,1,2.32,1,2.22604435072313054865484237487241704701,1,1001,1,1001,4154.16,0,0
100744256,AUS / Wgul (AUS) 26th Aug,R7 2205m Pace M,26-08-2013 07:33,7600788,2. Precious Dragon,0,4.758504352120216,1,3.06710830155164306985006008045556658482,1,1001,1,1001,1531.28,0,0
100744258,AUS / Wgul (AUS) 26th Aug,R8 1785m Pace M,26-08-2013 08:13,7600790,1. Dreamsndesires,0,370,1,145.45098039215686274509803921568627451,1,1001,1,1001,3.06,0,0
100744258,AUS / Wgul (AUS) 26th Aug,R8 1785m Pace M,26-08-2013 08:13,7600791,2. Lombo Extravaganza,0,24,1,21.4457748888128634964078002052685596989,1,1001,1,1001,58.46,0,0
100744268,AUS / APrk (AUS) 26th Aug,R5 1660m Pace M,26-08-2013 05:34,7599688,3. Newyork Teddy,0,3.3230084567901237,1,3.55928135174314978968131371943249601939,1,1001,1,1001,841.58,0,0
100744268,AUS / APrk (AUS) 26th Aug,R5 1660m Pace M,26-08-2013 05:34,6816766,7. Inglis,0,3.45,1,3.01800777219136276812962434408413287373,1,1001,1,1001,910.94,0,0
100744270,AUS / APrk (AUS) 26th Aug,R6 1660m Pace M,26-08-2013 06:04,4232807,6. Melton Big Gunna,0,41.59638816157356,1,33.3582196697774587221823402727925340991,1,1001,1,1001,222.88,0,0
100744262,AUS / APrk (AUS) 26th Aug,R2 1660m Pace M,26-08-2013 03:44,7599682,6. Colada Rainbow,0,96.34078539324923,1,48.5120320855614973262032085561497326203,1,1001,1,1001,29.92,0,0
100744262,AUS / APrk (AUS) 26th Aug,R2 1660m Pace M,26-08-2013 03:44,7599679,1. Juffs Crossing,0,5.2,1,4.82107725725020547141012093460138546437,1,1001,1,1001,1703.4,0,0
100744272,AUS / APrk (AUS) 26th Aug,R7 2138m Pace M,26-08-2013 06:39,5490084,3. Jacks A Smarty,0,3,1,2.54141585184225862850482419219063653435,1,1001,1,1001,617.72,0,0
100744274,AUS / APrk (AUS) 26th Aug,R8 1660m Pace M,26-08-2013 07:19,6037300,12. Ifu Seek Romance,0,1000,1,48,1,1001,1,1001,4.08,0,0
100744280,AUS / GlbD (AUS) 26th Aug,R3 2230m Pace S,26-08-2013 05:20,5429601,4. Sir Varno,0,64.863027164,1,35.3109101187111362351611079706048615037,1,1001,1,1001,35.38,0,0
100744286,AUS / GlbD (AUS) 26th Aug,R6 1800m Pace M,26-08-2013 07:12,6270703,4. Valmai Betty,0,450,1,95.3864661654135338345864661654135338346,1,1001,1,1001,13.3,0,0
100744286,AUS / GlbD (AUS) 26th Aug,R6 1800m Pace M,26-08-2013 07:12,6394190,7. Keringle Ideal,0,16.5,1,14.6206194561582085211574814599389268576,1,1001,1,1001,137.54,0,0
100744288,AUS / GlbD (AUS) 26th Aug,R7 1800m Pace M,26-08-2013 07:52,4445247,10. Athleticism,0,50.924663226,1,20.6538461538461538461538461538461538462,1,1001,1,1001,19.76,0,0
100744290,AUS / GlbD (AUS) 26th Aug,R8 1800m Pace M,26-08-2013 08:32,6385814,6. Escalator,0,3.907510167,1,3.59204335972997533428534337271193041672,1,1001,1,1001,1540.6,0,0
100744290,AUS / GlbD (AUS) 26th Aug,R8 1800m Pace M,26-08-2013 08:32,7600415,3. Cryptic Chance,0,33.98432144879363,1,21.5548996458087367178276269185360094451,1,1001,1,1001,16.94,0,0
100744278,AUS / GlbD (AUS) 26th Aug,R2 1800m Trot M,26-08-2013 04:45,5130474,5. Le Chabanais,0,4.144041800236731,1,3.96258848691146790372624032292074585053,1,1001,1,1001,1327.88,0,0
100744276,AUS / GlbD (AUS) 26th Aug,R1 1800m Pace M,26-08-2013 04:10,1196951,8. Ebony Girl,0,44,1,24.5182475884244372990353697749196141479,1,1001,1,1001,124.4,0,0
100744276,AUS / GlbD (AUS) 26th Aug,R1 1800m Pace M,26-08-2013 04:10,3861029,4. Jet To Vegas,0,14.322270042276937,1,14.3603267337444552634426052147571134913,1,1001,1,1001,184.86,0,0
100744276,AUS / GlbD (AUS) 26th Aug,R1 1800m Pace M,26-08-2013 04:10,4085749,7. Fully Blessed,0,560,1,38.1128205128205128205128205128205128205,1,1001,1,1001,11.7,0,0
100744292,AUS / GlbD (AUS) 26th Aug,R9 1800m Pace M,26-08-2013 09:04,5705755,8. Katesaroyal,0,14.861776259,1,8.96525,1,1001,1,1001,120,0,0
100744294,AUS / Pinj (AUS) 26th Aug,R1 2185m Pace M,26-08-2013 05:55,7600675,9. Soho Sting,0,,1,24.0107334525939177101967799642218246869,1,1001,1,1001,11.18,0,0
100744296,AUS / Pinj (AUS) 26th Aug,R2 1684m Pace M,26-08-2013 06:30,7600679,6. Banned For Life,0,,1,4.07257134420033073470351996220174816915,1,1001,1,1001,1693.2,0,0
100744298,AUS / Pinj (AUS) 26th Aug,R3 2185m Pace M,26-08-2013 07:04,6574997,8. Spoilt Coco,0,,1,25,1,1001,1,1001,32.52,0,0
100744300,AUS / Pinj (AUS) 26th Aug,R4 2185m Pace M,26-08-2013 07:44,4367331,1. Baza Magoo,0,,1,6.35938149510083822488180343969120434872,1,1001,1,1001,875.66,0,0
100744300,AUS / Pinj (AUS) 26th Aug,R4 2185m Pace M,26-08-2013 07:44,5628144,2. Northview Cardle,0,,1,1.92428232537236774524910118130457113508,1,1001,1,1001,6230.4,0,0
100744300,AUS / Pinj (AUS) 26th Aug,R4 2185m Pace M,26-08-2013 07:44,5700577,7. Soho Silverstone,1,,1,13.6046108742004264392324093816631130064,1,1001,1,1001,150.08,0,0
100744300,AUS / Pinj (AUS) 26th Aug,R4 2185m Pace M,26-08-2013 07:44,5780853,11. Im Kayoss,0,,1,44.9313725490196078431372549019607843137,1,1001,1,1001,8.16,0,0
100744304,AUS / Pinj (AUS) 26th Aug,R6 1684m Pace M,26-08-2013 08:52,776466,7. Touch Me Toes,0,,1,11.7250443734469293574724884629037983671,1,1001,1,1001,225.36,0,0
100744304,AUS / Pinj (AUS) 26th Aug,R6 1684m Pace M,26-08-2013 08:52,6569622,9. Franco Nasser,0,,1,6.71504561291523710736987685842708582675,1,1001,1,1001,751.98,0,0
100744306,AUS / Pinj (AUS) 26th Aug,R7 2185m Pace M,26-08-2013 09:24,5497991,2. Talk About Mach,0,,1,2.58198192576767895763818750033049722647,1,1001,1,1001,3782.18,0,0
100744308,AUS / Pinj (AUS) 26th Aug,R8 2116m Pace S,26-08-2013 09:50,4839057,4. Black With Bling,0,,1,20.0605761641673243883188634569850039463,1,1001,1,1001,253.4,0,0
100744308,AUS / Pinj (AUS) 26th Aug,R8 2116m Pace S,26-08-2013 09:50,6150709,2. Melton Express,1,,1,7.89156339221284472751231449816459071942,1,1001,1,1001,637.46,0,0
100744195,AUS / Bath (AUS) 26th Aug,R4 1200m Hcap,26-08-2013 06:25,3883515,5. Streaking,0,178.147688709,104.498334411220576208161339021143455906,31.9370591427021161150298426478567552903,120,110,1,1001,73.72,21.74,.02
100744199,AUS / Bath (AUS) 26th Aug,R6 1400m CL2,26-08-2013 07:40,7050100,6. Estanite,0,25.514532507570983,25.446726704525676591075358130591591816,20.0599596649084703692212224635432826559,32,23,21,21,773.52,549.28,38.18
100744189,AUS / Bath (AUS) 26th Aug,R1 1400m Mdn,26-08-2013 04:38,7599222,4. Hall Of Peace,1,1.8125483598775785,1.80517050886823140917998837448043768737,1.74897060011431921216676449703777842229,1.89,1.73,1.85,1.05,51994.76,46039.58,2773.36
100744189,AUS / Bath (AUS) 26th Aug,R1 1400m Mdn,26-08-2013 04:38,7599223,5. Kawakawa,0,119.83861060249154,76.5714391901394821293595656170999317394,46.333304136253041362530413625304136253,140,38,2.06,2.06,369.9,210.76,98.82
100744189,AUS / Bath (AUS) 26th Aug,R1 1400m Mdn,26-08-2013 04:38,7599224,9. Pappies Delight,0,130,92.2180719933222622297296051358119185404,73.3790440409100396576915049050302650804,130,55,1,1001,191.64,150.76,0
100744191,AUS / Bath (AUS) 26th Aug,R2 1200m Mdn,26-08-2013 05:13,6800977,1. Alittlebitofduey,0,3.1,3.20156758194684736343824509269019629704,3.03682504398882562734751856691724414614,3.6,3.05,1,1001,18993.46,17271.06,253.76
100744191,AUS / Bath (AUS) 26th Aug,R2 1200m Mdn,26-08-2013 05:13,7599228,11. Clasina,0,41.43300812819572,53.8381034896247917579766145486820951876,42.035488427337806169946390164039677699,70,50,1,1001,1246.04,885.4,0
100744191,AUS / Bath (AUS) 26th Aug,R2 1200m Mdn,26-08-2013 05:13,5934471,7. Matushka,0,74.120922403,70.7723066631282418196107786443692125849,42.6271204871683340582862113962592431492,90,44,65,65,183.92,89.26,5.9
100744193,AUS / Bath (AUS) 26th Aug,R3 1200m Hcap,26-08-2013 05:50,5977206,1. Feesforus,0,3.237240986647522,3.1829233397236514232127272562251168035,3.47841867740469471659426952873162328123,3.4,2.88,290,6,9461.7,8076.3,416.96
100744193,AUS / Bath (AUS) 26th Aug,R3 1200m Hcap,26-08-2013 05:50,7599233,7. Turn Seventeen,0,7.7382175583147905,7.09817074432276391330818250366699382549,6.12516843049838335208739869243807597533,8,6.2,7.4,7.4,2808.28,1929.98,130.58
100744209,AUS / Graf (AUS) 26th Aug,R4 1200m Mdn,26-08-2013 06:15,7599459,5. Bionda Dazzler,0,162.05020674753473,155.93491947479112408790289824832255657,113.765218473795593178140171791360637371,280,75,1,1001,160.66,98.18,.2
100744215,AUS / Graf (AUS) 26th Aug,R7 1600m CL1,26-08-2013 08:10,6804400,8. La Niche,0,60.828406237,37.8510204081632653061224489795918367347,37.8510204081632653061224489795918367347,75,29,1,1001,480.2,480.2,0
100744215,AUS / Graf (AUS) 26th Aug,R7 1600m CL1,26-08-2013 08:10,7599475,13. Dalrymple,0,28.788799914279956,20.4713921075068246710236643844496418317,20.4350558953807213668002531111579835478,34,23,1,1001,948.2,942.4,5.8
100744207,AUS / Graf (AUS) 26th Aug,R3 1000m Mdn,26-08-2013 05:40,7599441,2. Quanda,0,14.128697457420635,15.2899453594618696773852530197590350741,16.3327738785474519377479401891974366799,18,14.5,290,290,720.94,417.8,38.38
100744211,AUS / Graf (AUS) 26th Aug,R5 1200m Hcap,26-08-2013 06:50,3699750,9. Legal Star,0,22.56679641894883747,16.404524286968064619587622068012145044,16.3492514896942463612386441340236397382,25.79,18.62,1,1001,818.96,813.16,5.8
100744213,AUS / Graf (AUS) 26th Aug,R6 1400m Hcap,26-08-2013 07:30,3653365,7. Peaceful Belle,0,18.12943967582658,17.1548324236724307828186876563698498952,13.8075159152916720800311809796024425101,19,15,1,1001,1539.4,1180.56,6.96
100744213,AUS / Graf (AUS) 26th Aug,R6 1400m Hcap,26-08-2013 07:30,7599472,9. Clearway,0,24.336484098616054,22.1959391551798138893186510729465165404,17.3962158290557478811030201742867374955,25,20,1,1001,837.7,498.26,18.88
100744222,AUS / Warr (AUS) 26th Aug,R4 1300m 3yo,26-08-2013 05:25,7599905,2. Belcielo,0,19.575243922544573,16.4688676145828921020155372975151127719,15.6603364033091483494417820138684372574,20,14.5,1,1001,2988.08,2712.06,26.64
100744222,AUS / Warr (AUS) 26th Aug,R4 1300m 3yo,26-08-2013 05:25,7599910,9. Tycoon Tara,0,13.138422275,15.6734672334698012920473605282758728727,15.2140024658791145773597889666246129143,17.5,13.5,290,290,1395.04,977.7,38.28
100744224,AUS / Warr (AUS) 26th Aug,R5 2368m Hcap,26-08-2013 06:05,7599913,5. Golden Maharaja,0,6.6,5.96488639671746147680480707406586456271,4.86226840685970497572090758325408747824,6.8,5.2,8,6,4353.54,3075.06,212.14
100744228,AUS / Warr (AUS) 26th Aug,R7 1400m Hcap,26-08-2013 07:20,7599918,1. Red Corner,0,2.16,2.25575991693756359968222804235923413075,2.1786359769919157243746806252538619777,2.48,2.12,8,2.22,38160.5,34686.26,871.86
100744228,AUS / Warr (AUS) 26th Aug,R7 1400m Hcap,26-08-2013 07:20,7599924,13. Herbie,0,32.59705062820876,30.9912801007746364636150239867334794675,22.950986607496632062762500990569775735,36,25,1,1001,757.14,554.16,0
100744218,AUS / Warr (AUS) 26th Aug,R2 3210m Hrd,26-08-2013 04:15,2499710,6. Shivers Regal,0,85,1,58.4597337648010590571449584467161873943,1,1001,1,1001,271.94,0,0
100744220,AUS / Warr (AUS) 26th Aug,R3 1200m Mdn,26-08-2013 04:50,7599902,7. Excellent Pins,0,6.813233097135225,6.34925754609127957325073652737103725205,5.89861623425219559667872556298678057049,7,5.8,1,1001,6761.26,5980.76,80.7
100744230,AUS / Warr (AUS) 26th Aug,R8 1700m Hcap,26-08-2013 08:00,4741429,15. Power Quest,0,24.080424664807506,25.445718824281072190407312555989266177,21.8011932255581216320246343341031562741,29,22,22,22,1039.2,799.2,9.3
100744233,AUS / Mngl (AUS) 26th Aug,R1 1609m Pace M,26-08-2013 05:30,7603655,3. Hook In,0,5.661187146748415,10.6602705004657084344755851343650863677,6.81017515439910904120684418345651513617,14.5,11.5,4.5,2.12,1777.86,984.82,553.46
100744241,AUS / Mngl (AUS) 26th Aug,R5 1609m Pace M,26-08-2013 08:03,5201499,7. Heza Panamach,0,14.165105363776673,15.7517123832886021589819725278869711737,16.4285342358760739390783650091122103619,18,14.5,46,46,460.92,434.98,25.94
100744241,AUS / Mngl (AUS) 26th Aug,R5 1609m Pace M,26-08-2013 08:03,6786357,1. Littlebitlongway,0,44,51.5630724779716502882065680697522576042,47.6553606237816764132553606237816764133,75,44,1,1001,51.3,45.5,5.8
100744237,AUS / Mngl (AUS) 26th Aug,R3 1609m Pace M,26-08-2013 06:45,7565150,7. Stonebridge Royal,0,40.39601932510398,37.4882472906377130826269040007412684677,18.9586741063466585135927029988025172616,50,30,1,1001,784.98,306.48,.3
100744239,AUS / Mngl (AUS) 26th Aug,R4 1609m Pace M,26-08-2013 07:23,7603668,5. Willandtom,1,10,4.29390172829635879595363512276248747884,3.59861810293002953553412269008599283829,4.5,3.9,4.2,4.1,765.18,331.92,385.42
100744239,AUS / Mngl (AUS) 26th Aug,R4 1609m Pace M,26-08-2013 07:23,7603669,8. Cataract Jack,0,7.906525100614126,8.48427333428063028496959143549138038116,5.60565222940097311956608439020499322007,9.6,8,1,1001,1253.7,589.72,199.64
100744244,AUS / Wgul (AUS) 26th Aug,R1 1785m Pace M,26-08-2013 03:57,7600777,6. Run Clancy Run,0,3.5721103101203333,1,3.50628573300787969136510328784627229985,1,1001,1,1001,1220.86,0,0
100744252,AUS / Wgul (AUS) 26th Aug,R5 1785m Pace M,26-08-2013 06:20,5587786,9. Im Living The Dream,1,1.272102466867218,1,1.3118479238610606761840340821436624064,1,1001,1,1001,16853.4,0,0
100744252,AUS / Wgul (AUS) 26th Aug,R5 1785m Pace M,26-08-2013 06:20,5610459,2. Now And Forever,0,65.601814744,1,39.70717839374555792466240227434257285,1,1001,1,1001,28.14,0,0
100744252,AUS / Wgul (AUS) 26th Aug,R5 1785m Pace M,26-08-2013 06:20,7022201,7. Blissfull Spanker,0,890,1,89.8191489361702127659574468085106382979,1,1001,1,1001,5.64,0,0
100744254,AUS / Wgul (AUS) 26th Aug,R6 2205m Pace M,26-08-2013 06:55,5780824,5. Rorybeebellows,0,9.59027933733713,1,7.67579233910169161967723118802255492903,1,1001,1,1001,205.72,0,0
100744254,AUS / Wgul (AUS) 26th Aug,R6 2205m Pace M,26-08-2013 06:55,6255015,2. Im Tilly Devine,0,8.64405106,1,7.72671073789530105413614436305163480436,1,1001,1,1001,223.88,0,0
100744246,AUS / Wgul (AUS) 26th Aug,R2 2205m Trot S,26-08-2013 04:32,4234910,2. Fletchers Fancy,0,39.42826891856386,1,30.546587926509186351706036745406824147,1,1001,1,1001,121.92,0,0
100744248,AUS / Wgul (AUS) 26th Aug,R3 1785m Pace M,26-08-2013 05:07,6714320,7. Tianischoice,0,7.4,1,5.80722135007849293563579277864992150706,1,1001,1,1001,484.12,0,0
100744256,AUS / Wgul (AUS) 26th Aug,R7 2205m Pace M,26-08-2013 07:33,7155510,10. Sopranos Fury,0,120,1,55.172588832487309644670050761421319797,1,1001,1,1001,11.82,0,0
100744258,AUS / Wgul (AUS) 26th Aug,R8 1785m Pace M,26-08-2013 08:13,7600793,4. Total Energy,0,100,1,57.044534412955465587044534412955465587,1,1001,1,1001,29.64,0,0
100744268,AUS / APrk (AUS) 26th Aug,R5 1660m Pace M,26-08-2013 05:34,6552016,9. Cool Gem,0,960,1,71.9127358490566037735849056603773584906,1,1001,1,1001,8.48,0,0
100744270,AUS / APrk (AUS) 26th Aug,R6 1660m Pace M,26-08-2013 06:04,5164107,1. Bully Beef,0,36,1,22.0607431340872374798061389337641357028,1,1001,1,1001,61.9,0,0
100744262,AUS / APrk (AUS) 26th Aug,R2 1660m Pace M,26-08-2013 03:44,7599683,7. Montana Millie,0,59.691785395,1,61.5445263754963131026659103800340328985,1,1001,1,1001,35.26,0,0
100744262,AUS / APrk (AUS) 26th Aug,R2 1660m Pace M,26-08-2013 03:44,7599680,2. Cue In The Rack,0,6.287839412259637,1,5.93911520368331498348513662296066459814,1,1001,1,1001,399.64,0,0
100744264,AUS / APrk (AUS) 26th Aug,R3 1660m Pace M,26-08-2013 04:19,5899510,3. Our Coolkat,0,28.69232773935296,1,20.9513888888888888888888888888888888889,1,1001,1,1001,69.12,0,0
100744266,AUS / APrk (AUS) 26th Aug,R4 2647m Pace S,26-08-2013 04:58,3285511,7. Eden Burst,0,6.119041357882088,1,4.60229287891382654474923801607093377667,1,1001,1,1001,577.44,0,0
100744266,AUS / APrk (AUS) 26th Aug,R4 2647m Pace S,26-08-2013 04:58,5532814,4. Marissima,0,2.319513123671859,1,2.17202553176565486523927262524768969085,1,1001,1,1001,3421.62,0,0
100744280,AUS / GlbD (AUS) 26th Aug,R3 2230m Pace S,26-08-2013 05:20,3844331,7. Campbell Wallace,0,5.293678161,1,4.16155802126675913083680073971336107258,1,1001,1,1001,259.56,0,0
100744282,AUS / GlbD (AUS) 26th Aug,R4 1800m Pace M,26-08-2013 06:00,6543422,6. Elsu Storm,0,2.74,1,2.38222031462754363398580247245798059277,1,1001,1,1001,3716.14,0,0
100744282,AUS / GlbD (AUS) 26th Aug,R4 1800m Pace M,26-08-2013 06:00,4734726,1. Likasound,1,5.9,1,5.61573634340514373551747080551540596967,1,1001,1,1001,871.74,0,0
100744284,AUS / GlbD (AUS) 26th Aug,R5 1800m Pace M,26-08-2013 06:35,7600411,9. Hotlips Bromac,0,510,1,340.333333333333333333333333333333333333,1,1001,1,1001,.12,0,0
100744286,AUS / GlbD (AUS) 26th Aug,R6 1800m Pace M,26-08-2013 07:12,7600412,3. Castle Under Fire,0,29.18,1,11.1398758236188545362392295995945261024,1,1001,1,1001,157.84,0,0
100744290,AUS / GlbD (AUS) 26th Aug,R8 1800m Pace M,26-08-2013 08:32,7600416,8. Son Of Iris,0,206.59104975767434,1,99.0041666666666666666666666666666666667,1,1001,1,1001,43.2,0,0
100744276,AUS / GlbD (AUS) 26th Aug,R1 1800m Pace M,26-08-2013 04:10,5993357,5. Bush Tucker,0,980,1,222.718849840255591054313099041533546326,1,1001,1,1001,18.78,0,0
100744294,AUS / Pinj (AUS) 26th Aug,R1 2185m Pace M,26-08-2013 05:55,7277910,7. All Williams,1,,1,4.74375181614053625676925108968432175406,1,1001,1,1001,1514.2,0,0
100744294,AUS / Pinj (AUS) 26th Aug,R1 2185m Pace M,26-08-2013 05:55,7600673,5. Gold Ring Warrior,0,,1,14.5649874055415617128463476070528967254,1,1001,1,1001,317.6,0,0
100744294,AUS / Pinj (AUS) 26th Aug,R1 2185m Pace M,26-08-2013 05:55,7600678,12. Shes So Cool,0,,1,34.8149236192714453584018801410105757932,1,1001,1,1001,68.08,0,0
100744294,AUS / Pinj (AUS) 26th Aug,R1 2185m Pace M,26-08-2013 05:55,7135131,1. Samuel Colt,0,,1,5.41508319551790475547605386614465557393,1,1001,1,1001,592.58,0,0
100744296,AUS / Pinj (AUS) 26th Aug,R2 1684m Pace M,26-08-2013 06:30,6810080,3. Delrock,0,,1,11.2957807244501940491591203104786545925,1,1001,1,1001,309.2,0,0
100744298,AUS / Pinj (AUS) 26th Aug,R3 2185m Pace M,26-08-2013 07:04,7600683,6. Cloudy Sunrise,0,,1,4.42954821144566946114241043750168477235,1,1001,1,1001,1483.88,0,0
100744300,AUS / Pinj (AUS) 26th Aug,R4 2185m Pace M,26-08-2013 07:44,5165099,8. Broadyboy Bee Jay,0,,1,13.9394175188972876834148510449088483771,1,1001,1,1001,89.96,0,0
100744300,AUS / Pinj (AUS) 26th Aug,R4 2185m Pace M,26-08-2013 07:44,5448679,9. Rowlon The Dream,0,,1,48.9672977624784853700516351118760757315,1,1001,1,1001,23.24,0,0
100744302,AUS / Pinj (AUS) 26th Aug,R5 2185m Pace M,26-08-2013 08:24,5720182,10. Squizzy Tee,0,,1,90.2954545454545454545454545454545454546,1,1001,1,1001,4.4,0,0
100744302,AUS / Pinj (AUS) 26th Aug,R5 2185m Pace M,26-08-2013 08:24,6222723,11. Raymon John,0,,1,4.92758272231622485429592028576800150404,1,1001,1,1001,1702.08,0,0
100744306,AUS / Pinj (AUS) 26th Aug,R7 2185m Pace M,26-08-2013 09:24,6257548,4. Im Hey Jude,0,,1,24.6257457964201771831495208822997649611,1,1001,1,1001,110.62,0,0
100744306,AUS / Pinj (AUS) 26th Aug,R7 2185m Pace M,26-08-2013 09:24,4743830,1. Carim Courage,0,,1,12.5167005111686856662698690567887402843,1,1001,1,1001,285.62,0,0
100744306,AUS / Pinj (AUS) 26th Aug,R7 2185m Pace M,26-08-2013 09:24,4853736,7. Kamwood Girl,0,,1,79.8379052369077306733167082294264339152,1,1001,1,1001,8.02,0,0
100744308,AUS / Pinj (AUS) 26th Aug,R8 2116m Pace S,26-08-2013 09:50,6072565,9. Now A Christian,0,,1,3.45866540065998381171782578917875599278,1,1001,1,1001,2569.76,0,0
100744308,AUS / Pinj (AUS) 26th Aug,R8 2116m Pace S,26-08-2013 09:50,7559915,12. Mein Guy,0,,1,32.4653784219001610305958132045088566828,1,1001,1,1001,37.26,0,0
100744195,AUS / Bath (AUS) 26th Aug,R4 1200m Hcap,26-08-2013 06:25,7423781,7. Perfect Knowledge,0,7.647382679578363,6.92973424489080620229674945885131843415,5.63881353101631070123026108255552875248,8,5.9,14,14,4311.28,2789.76,81.44
100744201,AUS / Bath (AUS) 26th Aug,R7 1400m Hcap,26-08-2013 08:20,6934677,5. Dashexpress,1,3.202695126358158,3.23259412114801348633425212795771584246,3.00068614178173982531474750238645303118,3.95,2.66,2.74,1.01,32160.7,28130.3,1852.86
100744197,AUS / Bath (AUS) 26th Aug,R5 2000m Hcap,26-08-2013 07:00,7599240,3. Carrickfergus,0,3.5,3.23965212172597866183495289877665866403,3.28437336588904070306833324899212253091,5,3.45,8,3,9485.28,8542.06,898.34
100744197,AUS / Bath (AUS) 26th Aug,R5 2000m Hcap,26-08-2013 07:00,6075141,10. Bresway,0,13.5,8.55917713375379302510648901137352880948,9.06385831950142494754313989539945507501,15,7.2,55,15,3193.1,3052.46,140.64
100744197,AUS / Bath (AUS) 26th Aug,R5 2000m Hcap,26-08-2013 07:00,2895609,8. Our Heart,0,30.333622022708887,23.0350471827359308548934313899413639079,23.6089516639958260351060261618156747289,36,27,1,1001,536.66,458.8,13.82
100744199,AUS / Bath (AUS) 26th Aug,R6 1400m CL2,26-08-2013 07:40,7371104,9. Holy Magic,0,34.815719142,32.7153831545399412155870458071064746827,28.2734935067909576051854057396761411786,60,28,1,1001,873.22,714.16,5.8
100744189,AUS / Bath (AUS) 26th Aug,R1 1400m Mdn,26-08-2013 04:38,1511150,6. My Sister Sue,0,7.491346805594512,7.52019394121850976955685004731563617646,6.68088238767893419001275570463457268389,10,6.6,9,5,3386.72,2773.88,127.62
100744191,AUS / Bath (AUS) 26th Aug,R2 1200m Mdn,26-08-2013 05:13,7599225,3. Malraux,1,7,6.84488675487158591687172589534830271477,5.97038849257159116314045891510680243075,7.8,6,1,1001,3936.24,3290.22,47.86
100744209,AUS / Graf (AUS) 26th Aug,R4 1200m Mdn,26-08-2013 06:15,7006123,2. Outback Carlson,0,4.490095295288773,4.31469639642986460673007054033582882773,4.07179657916454391343337832080536512845,5,4.1,5.4,4.5,6712.98,5691.78,298.44
100744215,AUS / Graf (AUS) 26th Aug,R7 1600m CL1,26-08-2013 08:10,5279299,4. Vader,0,6.153317356,4.49027090071638765743469044088030448401,4.5193917093224056369171763884789553244,6.2,3.85,5.1,5.1,12264.86,12130.36,134.5
100744215,AUS / Graf (AUS) 26th Aug,R7 1600m CL1,26-08-2013 08:10,6836983,11. Rock To Paradise,0,9,8.0425385211881553289501698885062396075,8.04821433779802896596871364265366903351,9.2,7,1,1001,6171.38,6124.14,47.24
100744215,AUS / Graf (AUS) 26th Aug,R7 1600m CL1,26-08-2013 08:10,7107450,1. Love Is A Riddle,0,9.718022705,7.89517253754766934200789182265883579885,7.90551130207820348665419087954299221905,11.5,9.6,1,1001,3248.96,3232.36,16.6
100744205,AUS / Graf (AUS) 26th Aug,R2 1000m Hcap,26-08-2013 05:03,3799967,1. Curley Mac,0,7.4,7.63362941013734655119957481741747641175,6.26957195206781070944516554676687200155,9.6,6.6,1,1001,2788.94,2132.52,35.6
100744207,AUS / Graf (AUS) 26th Aug,R3 1000m Mdn,26-08-2013 05:40,7599443,4. Abbys Jewel,0,77.55099955823042,110.105843558672024894562406105516608334,64.3946711074104912572855953372189841799,170,80,1,1001,192.16,92.54,0
100744207,AUS / Graf (AUS) 26th Aug,R3 1000m Mdn,26-08-2013 05:40,7599445,6. Elite Pearl,0,95,94.0306426081765005010802217862896847189,57.4572935976044488806502210181092257237,110,60,1,1001,140.26,63.86,0
100744211,AUS / Graf (AUS) 26th Aug,R5 1200m Hcap,26-08-2013 06:50,7599469,11. Train Robber,0,14.336399988213519775,8.23733275995860452336069343916271712849,8.23731513069088231684869309117683151307,15.28,11.46,1,1001,1629.8,1629.78,.02
100744213,AUS / Graf (AUS) 26th Aug,R6 1400m Hcap,26-08-2013 07:30,4736131,12. Orotund,0,19.77053273055703,21.5733128443019121288194611163026752762,14.7731026644778381108725849223386791262,28,18,1,1001,791.9,502.76,16.26
100744213,AUS / Graf (AUS) 26th Aug,R6 1400m Hcap,26-08-2013 07:30,2255635,4. Butane,0,65,75.7579223085553513636943688631027130469,55.5130187395633619889912796091285793803,100,46,1,1001,323.38,217.88,0
100744213,AUS / Graf (AUS) 26th Aug,R6 1400m Hcap,26-08-2013 07:30,5059161,14. Shes A Tiger,0,187.30438905640972,224.524576447658599373330034565062299773,102.082151646548693308332356732684870503,330,100,1,1001,170.66,69.44,0
100744222,AUS / Warr (AUS) 26th Aug,R4 1300m 3yo,26-08-2013 05:25,7559398,5. Hopewell,1,2.7594845313425322,2.69292355835436310878020578086885993479,2.4760672526196320637685749729458653364,2.92,2.58,2.2,2.2,18185.76,14470.06,1758.08
100744222,AUS / Warr (AUS) 26th Aug,R4 1300m 3yo,26-08-2013 05:25,7599907,6. Sleep On It,0,69.16074765039605,81.2456150066051566901389757979646224324,59.4013992537313432835820895522388059702,100,40,55,55,428.8,265.6,5.8
100744224,AUS / Warr (AUS) 26th Aug,R5 2368m Hcap,26-08-2013 06:05,7599915,12. Hail To Tara,0,6.2,6.28861395725314513381458517093505201912,5.84017128859135703199506329824036501674,7.2,6,6.8,6.8,5347.7,4682.26,163.42
100744224,AUS / Warr (AUS) 26th Aug,R5 2368m Hcap,26-08-2013 06:05,4958498,10. East Verses West,0,24.750746636,27.1671248388133679413888744375891397431,20.8245343393175923742800363771093671057,28,23,290,3.9,593.78,294.86,84.84
100744218,AUS / Warr (AUS) 26th Aug,R2 3210m Hrd,26-08-2013 04:15,6359986,7. Steiglitz,0,39.49922187848947,1,21.1680755395683453237410071942446043166,1,1001,1,1001,667.2,0,0
100744220,AUS / Warr (AUS) 26th Aug,R3 1200m Mdn,26-08-2013 04:50,7599904,9. Smile Coming Thru,0,16.205470851,16.2629450972089288791768347043919847964,12.4443284525150407955825389412378780803,21,13.5,1,1001,1456.04,1072.92,34.82
100744230,AUS / Warr (AUS) 26th Aug,R8 1700m Hcap,26-08-2013 08:00,7454610,5. Odysseo,0,7.6,7.88253335440608004565862530789298543282,7.44757546638562121893130401987983240599,13.5,6.6,1,1001,7742.52,7173.36,23.44
100744230,AUS / Warr (AUS) 26th Aug,R8 1700m Hcap,26-08-2013 08:00,6774567,2. Rock n Royal,0,13.943729388,10.0578665655420331272053828879414570839,9.18000033910183228023375419638517446789,14,8,36,25,3538.76,3052.84,48.82
100744233,AUS / Mngl (AUS) 26th Aug,R1 1609m Pace M,26-08-2013 05:30,5632884,5. Sumatran Tiger,0,22,25.2344901427027355529017514695474684207,23.3270573592388667383920848891420374238,40,22,1000,1000,948.06,832.74,1.86
100744233,AUS / Mngl (AUS) 26th Aug,R1 1609m Pace M,26-08-2013 05:30,7603656,4. Saint Gabriel,0,4.09067898958863,5.70676404881826199067135915237353326796,5.22989280822232641091407190858361602177,7.6,6,1000,1000,2175.54,1711.8,55.4
100744241,AUS / Mngl (AUS) 26th Aug,R5 1609m Pace M,26-08-2013 08:03,3835666,6. Leisa Beryl,1,3.5,3.15075385190452296174080344285100720782,2.86612699365889577569505508253443998828,3.6,2.9,1.01,1.01,5595.24,4409.22,1186.02
100744241,AUS / Mngl (AUS) 26th Aug,R5 1609m Pace M,26-08-2013 08:03,4869033,2. The System Stride,0,135.112,90.2407643312101910828025477707006369427,90.2407643312101910828025477707006369427,150,100,1,1001,15.7,15.7,0
100744243,AUS / Mngl (AUS) 26th Aug,R6 1609m Pace M,26-08-2013 08:43,5309120,1. Modern Tango,0,109.99102148531004,84.6160168496980277091295790054975938172,79.9073529411764705882352941176470588235,120,80,1,1001,40.8,34.12,0
100744243,AUS / Mngl (AUS) 26th Aug,R6 1609m Pace M,26-08-2013 08:43,7288417,6. Chevalcoldhardcash,0,6.598251689318566,5.92050205199460843285081563764316330207,5.78949977630799366407506378245045524346,6.8,5.4,1,1001,1654.06,1497.5,64.1
100744237,AUS / Mngl (AUS) 26th Aug,R3 1609m Pace M,26-08-2013 06:45,7603664,9. Cavalerie,0,460,91.6978931857038621739192546433175768576,114.619153674832962138084632516703786192,1,1001,1,1001,8.98,7.42,.16
100744239,AUS / Mngl (AUS) 26th Aug,R4 1609m Pace M,26-08-2013 07:23,6316768,7. Lucky Art,0,3.45,3.60727396309588929669530286461785201126,3.40180148995409737376777786138911882008,4,3,4,4,2126.24,1523.36,293.94
100744244,AUS / Wgul (AUS) 26th Aug,R1 1785m Pace M,26-08-2013 03:57,6587879,2. Oltime Rocka Lombo,1,2.4001693668331576,1,2.48860095368152409948734021357093286172,1,1001,1,1001,4466.9,0,0
100744244,AUS / Wgul (AUS) 26th Aug,R1 1785m Pace M,26-08-2013 03:57,6131422,5. Feardafella,0,5.9,1,5.27314065097324253311169499705078020269,1,1001,1,1001,1118.94,0,0
100744252,AUS / Wgul (AUS) 26th Aug,R5 1785m Pace M,26-08-2013 06:20,3801610,3. Melton Little Max,0,555.7941397458221,1,177.457647058823529411764705882352941176,1,1001,1,1001,17,0,0
100744254,AUS / Wgul (AUS) 26th Aug,R6 2205m Pace M,26-08-2013 06:55,5318679,9. Heres Your Chocky,0,8.2,1,5.51720660146699266503667481662591687042,1,1001,1,1001,523.52,0,0
100744246,AUS / Wgul (AUS) 26th Aug,R2 2205m Trot S,26-08-2013 04:32,7237977,6. Spiros The Greek,0,33.67817216236278,1,17.3385518590998043052837573385518590998,1,1001,1,1001,51.1,0,0
100744248,AUS / Wgul (AUS) 26th Aug,R3 1785m Pace M,26-08-2013 05:07,7448017,2. Awesome Mattjesty,0,3.2144385102461093,1,4.39581203918796081203918796081203918796,1,1001,1,1001,1980.2,0,0
100744256,AUS / Wgul (AUS) 26th Aug,R7 2205m Pace M,26-08-2013 07:33,5487505,8. Irrefutable,0,68.845155013,1,31.7980704509759928202827013686336100516,1,1001,1,1001,89.14,0,0
100744256,AUS / Wgul (AUS) 26th Aug,R7 2205m Pace M,26-08-2013 07:33,4694613,9. Jacks Majority,0,91.33646192830057,1,62.3018641010222489476849067949488875526,1,1001,1,1001,33.26,0,0
100744258,AUS / Wgul (AUS) 26th Aug,R8 1785m Pace M,26-08-2013 08:13,7600792,3. Little Bit Sassy,0,4,1,3.55160664254027550782162035956105533505,1,1001,1,1001,685.28,0,0
100744260,AUS / APrk (AUS) 26th Aug,R1 2138m Trot S,26-08-2013 03:11,4890991,5. Nandy Noot,0,6.726741762142629,1,4.90276148582600195503421309872922776149,1,1001,1,1001,163.68,0,0
100744260,AUS / APrk (AUS) 26th Aug,R1 2138m Trot S,26-08-2013 03:11,7294047,3. The Love Affair,0,26.329218844249844,1,10.9495333563774628413411683373660559972,1,1001,1,1001,57.86,0,0
100744268,AUS / APrk (AUS) 26th Aug,R5 1660m Pace M,26-08-2013 05:34,7082673,11. Pepperall,0,72.79666605111211,1,35.4647887323943661971830985915492957747,1,1001,1,1001,36.92,0,0
100744264,AUS / APrk (AUS) 26th Aug,R3 1660m Pace M,26-08-2013 04:19,5977492,4. Justa Rocket King,0,13.317458619638344,1,7.7728960918375960158689963703891280493,1,1001,1,1001,236.94,0,0
100744266,AUS / APrk (AUS) 26th Aug,R4 2647m Pace S,26-08-2013 04:58,5469125,5. Julius Bardon,1,6.289442448,1,4.61398126071861797799807587735809595516,1,1001,1,1001,478.14,0,0
100744266,AUS / APrk (AUS) 26th Aug,R4 2647m Pace S,26-08-2013 04:58,2906695,3. Mister Attitude,0,24.945896051828164,1,15.3071574151780362066898453422850977101,1,1001,1,1001,166.82,0,0
100744272,AUS / APrk (AUS) 26th Aug,R7 2138m Pace M,26-08-2013 06:39,6346500,7. Karinya Mat,0,42.62958468364552,1,22.0685714285714285714285714285714285714,1,1001,1,1001,14,0,0
100744272,AUS / APrk (AUS) 26th Aug,R7 2138m Pace M,26-08-2013 06:39,7599693,12. Phase Four,0,50,1,35.0021582733812949640287769784172661871,1,1001,1,1001,27.8,0,0
100744274,AUS / APrk (AUS) 26th Aug,R8 1660m Pace M,26-08-2013 07:19,3862575,1. Mystical Strike,0,90,1,20.661956521739130434782608695652173913,1,1001,1,1001,9.2,0,0
100744274,AUS / APrk (AUS) 26th Aug,R8 1660m Pace M,26-08-2013 07:19,5781822,2. All About Rufus,0,1000,1,39.3007662835249042145593869731800766284,1,1001,1,1001,10.44,0,0
100744274,AUS / APrk (AUS) 26th Aug,R8 1660m Pace M,26-08-2013 07:19,5818505,6. My Code Of Honour,0,2.42,1,2.50579803519608104150581720401480258779,1,1001,1,1001,751.22,0,0
100744274,AUS / APrk (AUS) 26th Aug,R8 1660m Pace M,26-08-2013 07:19,6413650,7. Sir Christian,0,140,1,17.8608799048751486325802615933412604043,1,1001,1,1001,16.82,0,0
100744274,AUS / APrk (AUS) 26th Aug,R8 1660m Pace M,26-08-2013 07:19,6671484,10. Cold America,0,1000,1,500.5,1,1001,1,1001,.08,0,0
100744274,AUS / APrk (AUS) 26th Aug,R8 1660m Pace M,26-08-2013 07:19,7581419,11. Viscount Jujon,0,1000,1,500.5,1,1001,1,1001,1.6,0,0
100744282,AUS / GlbD (AUS) 26th Aug,R4 1800m Pace M,26-08-2013 06:00,3845622,5. Ailron,0,76.89058849885883,1,50.3435650887573964497041420118343195266,1,1001,1,1001,54.08,0,0
100744282,AUS / GlbD (AUS) 26th Aug,R4 1800m Pace M,26-08-2013 06:00,4049645,7. Life Long Promise,0,38,1,27.3630634997576345128453708191953465827,1,1001,1,1001,123.78,0,0
100744286,AUS / GlbD (AUS) 26th Aug,R6 1800m Pace M,26-08-2013 07:12,7359537,10. Tiabamba,0,3.37505828856607,1,3.77371184249776275231182261111663517948,1,1001,1,1001,2614.82,0,0
100744286,AUS / GlbD (AUS) 26th Aug,R6 1800m Pace M,26-08-2013 07:12,7600414,9. The Stairwaytoheaven,1,2.0088372945920856,1,2.46197400792467001014273530970438664528,1,1001,1,1001,5698.66,0,0
100744288,AUS / GlbD (AUS) 26th Aug,R7 1800m Pace M,26-08-2013 07:52,7152806,1. Broadway Harry,0,3.45,1,3.00294003728001161974388147861240891815,1,1001,1,1001,1652.36,0,0
100744288,AUS / GlbD (AUS) 26th Aug,R7 1800m Pace M,26-08-2013 07:52,3035823,5. Town Of Dreams,0,850,1,80.9082352941176470588235294117647058824,1,1001,1,1001,8.5,0,0
100744288,AUS / GlbD (AUS) 26th Aug,R7 1800m Pace M,26-08-2013 07:52,3288962,7. Bully Murphy,1,14.5,1,12.2024820054604120129064283941424671134,1,1001,1,1001,402.9,0,0
100744278,AUS / GlbD (AUS) 26th Aug,R2 1800m Trot M,26-08-2013 04:45,6903729,2. Roxspur,1,18,1,12.5682411717951629385715907800613148632,1,1001,1,1001,352.28,0,0
100744292,AUS / GlbD (AUS) 26th Aug,R9 1800m Pace M,26-08-2013 09:04,6005691,2. The Sound Of Rain,0,287.0813212802262,1,126.41181041181041181041181041181041181,1,1001,1,1001,25.74,0,0
100744294,AUS / Pinj (AUS) 26th Aug,R1 2185m Pace M,26-08-2013 05:55,7600677,11. Jolly Jumper,0,,1,4.77362978283350568769389865563598759049,1,1001,1,1001,425.48,0,0
100744296,AUS / Pinj (AUS) 26th Aug,R2 1684m Pace M,26-08-2013 06:30,646096,4. Modern Love,1,,1,7.69066070299965968204579707326559385483,1,1001,1,1001,411.38,0,0
100744296,AUS / Pinj (AUS) 26th Aug,R2 1684m Pace M,26-08-2013 06:30,7161643,7. Hear It Now,0,,1,44.701711942593541773449513070220399795,1,1001,1,1001,39.02,0,0
100744300,AUS / Pinj (AUS) 26th Aug,R4 2185m Pace M,26-08-2013 07:44,4564895,12. Lorian Silver,0,,1,980,1,1001,1,1001,.02,0,0
100744302,AUS / Pinj (AUS) 26th Aug,R5 2185m Pace M,26-08-2013 08:24,5925478,3. Ace Of Cards,0,,1,6.51834732326058571162096623764223092707,1,1001,1,1001,536.1,0,0
100744304,AUS / Pinj (AUS) 26th Aug,R6 1684m Pace M,26-08-2013 08:52,4510097,2. Blissfull Boy,1,,1,4.82197745995214349644729391564834602809,1,1001,1,1001,1094.94,0,0
100744304,AUS / Pinj (AUS) 26th Aug,R6 1684m Pace M,26-08-2013 08:52,4995027,10. Extreme Bromac,0,,1,29.2094155844155844155844155844155844156,1,1001,1,1001,24.64,0,0
100744304,AUS / Pinj (AUS) 26th Aug,R6 1684m Pace M,26-08-2013 08:52,6338032,6. Soho Indianapolis,0,,1,64.9898167006109979633401221995926680244,1,1001,1,1001,9.82,0,0
100744306,AUS / Pinj (AUS) 26th Aug,R7 2185m Pace M,26-08-2013 09:24,4044676,10. Sovereign Grange,0,,1,30.0264900662251655629139072847682119205,1,1001,1,1001,18.12,0,0
100744308,AUS / Pinj (AUS) 26th Aug,R8 2116m Pace S,26-08-2013 09:50,5601842,7. Thirtyeightspecial,0,,1,33.494910941475826972010178117048346056,1,1001,1,1001,31.44,0,0
100744308,AUS / Pinj (AUS) 26th Aug,R8 2116m Pace S,26-08-2013 09:50,7067660,3. Loaded Aussie,0,,1,11.6636625054202706712006755368920738526,1,1001,1,1001,876.34,0,0
100744195,AUS / Bath (AUS) 26th Aug,R4 1200m Hcap,26-08-2013 06:25,5531607,10. Ruby Hill,0,15.863794364538048,17.0322113222588923794460420128608045948,15.5220782675366536794504686350905193322,28,13.5,1,1001,2556.36,2284.88,23.22
100744201,AUS / Bath (AUS) 26th Aug,R7 1400m Hcap,26-08-2013 08:20,6487043,10. Rollinontheriver,0,24,25.0392677200156806463990236142874260449,20.1382885785893304690297171500179018976,55,23,21,21,1396.5,1092.46,19.62
100744189,AUS / Bath (AUS) 26th Aug,R1 1400m Mdn,26-08-2013 04:38,7565336,8. Pantera,0,25.42422463471302,19.9111183900278457202417632956193311593,18.113663016412755361589333047738895285,28,15.5,1,1001,1493.96,1330.32,10.44
100744209,AUS / Graf (AUS) 26th Aug,R4 1200m Mdn,26-08-2013 06:15,7599460,6. Millie Dazzler,0,70,57.3265573869779672954891309865662055261,49.5876830844342331993107409534750143596,75,34,65,23,557.12,455.44,16.14
100744209,AUS / Graf (AUS) 26th Aug,R4 1200m Mdn,26-08-2013 06:15,7599463,13. To Be Obeyed,0,27,25.4252462127148859336146401432122725192,21.9912414142811045037569722952104365464,34,21,1,1001,433.86,354.24,.34
100744215,AUS / Graf (AUS) 26th Aug,R7 1600m CL1,26-08-2013 08:10,6451033,3. Samsili,0,10,11.2252068894601163855101271450564933086,11.2811184498468149444952850833565431902,17,9.6,25,25,3015.96,2977.04,38.92
100744215,AUS / Graf (AUS) 26th Aug,R7 1600m CL1,26-08-2013 08:10,5736132,6. Bourbondetta,0,12,9.82015827698512734251454046800413494972,9.83420249854735618826263800116211504939,16.5,10,1,1001,2753.6,2746.86,6.74
100744207,AUS / Graf (AUS) 26th Aug,R3 1000m Mdn,26-08-2013 05:40,7599450,12. Ebony Rein,0,8.2,8.18315145120863730285462821794124082474,7.74303586196526576949101571310427787384,8.8,7.8,13,13,1330.1,1124.86,31.06
100744207,AUS / Graf (AUS) 26th Aug,R3 1000m Mdn,26-08-2013 05:40,7599442,3. Zalated,0,8.781816389,9.05857328538241379425634629959795631715,8.23309239257952937080403569455272061217,34,7.8,8,5,2642.42,2204.34,187.66
100744211,AUS / Graf (AUS) 26th Aug,R5 1200m Hcap,26-08-2013 06:50,1193785,1. Great Heart,0,4.4885,4.18205753256243860225553305674730281098,4.25563687865362899613950640307429798194,6.49,4.49,17,5.3,13620.02,13002.66,617.36
100744211,AUS / Graf (AUS) 26th Aug,R5 1200m Hcap,26-08-2013 06:50,7599470,13. The Snip,0,20.055,17.4968630690992500037726168379434711093,17.4968630690992500037726168379434711093,24.83,19.1,1,1001,2650.68,2650.68,0
100744211,AUS / Graf (AUS) 26th Aug,R5 1200m Hcap,26-08-2013 06:50,6169096,5. Annapannaa,0,32.47,20.7093613625456750990029443908793014607,20.7330946009232621930822238576302937044,34.38,27.7,1,1001,597.88,577.1,20.78
100744213,AUS / Graf (AUS) 26th Aug,R6 1400m Hcap,26-08-2013 07:30,6351112,10. The Hum,0,26.11719239379279,31.3492034515619093866180320689311785243,22.7246348274380638693971072604897608478,46,23,36,23,1117.28,670.32,58.04
100744213,AUS / Graf (AUS) 26th Aug,R6 1400m Hcap,26-08-2013 07:30,4935553,5. Mini Delago,1,29,25.2921199743055464662763804394432523183,16.2989865637314898252881602130435367379,30,17.5,1,1001,1487.02,923.86,314.3
100744213,AUS / Graf (AUS) 26th Aug,R6 1400m Hcap,26-08-2013 07:30,4643928,8. Alright Already,0,9.2,9.21700454327676974410579212632958095028,6.93524771999014049790485580478185851614,10,8.4,11,11,3489.02,2315.92,94.88
100744222,AUS / Warr (AUS) 26th Aug,R4 1300m 3yo,26-08-2013 05:25,7599908,7. Elle Le Pommes,0,6,5.77417496327986724966897673708383300048,5.35064285316480538044761038430632059384,6.4,5.1,1,1001,7541.38,6784.94,57.1
100744224,AUS / Warr (AUS) 26th Aug,R5 2368m Hcap,26-08-2013 06:05,3499606,3. Half Moon Rising,0,8.53549030631206,9.29715312994657999919761661995111203984,8.24029776531884381733409239948979224167,10.5,8.2,1,1001,2775.34,2352.94,32.12
100744226,AUS / Warr (AUS) 26th Aug,R6 1000m Hcap,26-08-2013 06:40,611545,7. Engineered,0,6.872086061685694,7.09850470334080445258199712352213113325,7.16763179387201306741839449903838554153,10.5,6.4,9.8,9.8,3036.56,2934.6,101.96
100744228,AUS / Warr (AUS) 26th Aug,R7 1400m Hcap,26-08-2013 07:20,5496402,5. Something To Share,0,8,7.21804055099191533092055537094057120222,6.68206260085266039050680035081490274425,9.2,6,1,1001,7548.14,6786.46,21.6
100744228,AUS / Warr (AUS) 26th Aug,R7 1400m Hcap,26-08-2013 07:20,7599925,14. Yeahman,0,82.428752313,69.3354160811026165091189127023876852922,50.3320986815277966562457523447057224412,170,38,1,1001,588.56,410.16,0
100744216,AUS / Warr (AUS) 26th Aug,R1 3410m Stpl,26-08-2013 03:40,2412795,1. Key Symbol,0,9.4,1,6.67867432353513723963402764259295308546,1,1001,1,1001,2260.28,0,0
100744216,AUS / Warr (AUS) 26th Aug,R1 3410m Stpl,26-08-2013 03:40,3833546,9. Mateo,0,16,1,12.1135458167330677290836653386454183267,1,1001,1,1001,371.48,0,0
100744220,AUS / Warr (AUS) 26th Aug,R3 1200m Mdn,26-08-2013 04:50,7599903,8. Schillers,0,14.814458198815117,12.5411196607563567753848564542067653456,11.2853611369415482352553921608966499066,16.5,8.8,1,1001,2430.38,2078.94,0
100744230,AUS / Warr (AUS) 26th Aug,R8 1700m Hcap,26-08-2013 08:00,6720798,7. Anotherexcuse,0,80,53.1223896805413119531262283579737645559,47.3678812321813503928794937765106738057,95,32,70,70,575.24,482.86,11.6
100744230,AUS / Warr (AUS) 26th Aug,R8 1700m Hcap,26-08-2013 08:00,7599929,1. Le Maro,0,21.24266631962079,22.0058600562334849198037349067717957754,11.9571062282495045178607656174409713011,32,20,12,12,1281.58,591.7,351.3
100744235,AUS / Mngl (AUS) 26th Aug,R2 2300m Trot M,26-08-2013 06:10,7603658,7. Dashing Stride,1,4.508810035604984,4.2468548805822361467688402777807659904,3.79211087232587672169580931913646576145,5,3.8,4,4,2047.4,1543.1,374
100744235,AUS / Mngl (AUS) 26th Aug,R2 2300m Trot M,26-08-2013 06:10,5374182,4. Rapt In A Rainbow,0,7.291083677,7.84568319594063492571954697915610017755,4.79371388953085278483938063323318696557,1,1001,1,1001,173.08,82.04,0
100744243,AUS / Mngl (AUS) 26th Aug,R6 1609m Pace M,26-08-2013 08:43,6327525,10. Kenneth Lloyd,0,12.5,11.1871822440976246740834958527428154516,10.5280868299474716790076577431808113411,12,9.6,1,1001,632.04,588.1,0
100744237,AUS / Mngl (AUS) 26th Aug,R3 1609m Pace M,26-08-2013 06:45,7603663,6. Izzy Watt,1,2.52,2.88255624866777381014621815075304847399,2.64353948437568893732008893983963113902,3.5,2.5,1,1001,6350.36,5232.82,805.02
100744237,AUS / Mngl (AUS) 26th Aug,R3 1609m Pace M,26-08-2013 06:45,7603662,5. Lettuceonrena,0,11.624765667,7.8337256500466384199557648475727580869,6.99265971239981140971239981140971239981,12.5,12.5,10,8,678.72,461.48,74.96
100744254,AUS / Wgul (AUS) 26th Aug,R6 2205m Pace M,26-08-2013 06:55,7600784,3. Broadway Avenue,1,36.04248396822831,1,15.9164228237015362106803218727139722019,1,1001,1,1001,109.36,0,0
100744258,AUS / Wgul (AUS) 26th Aug,R8 1785m Pace M,26-08-2013 08:13,7600795,6. Big Red Rocket,0,35.957038384247596,1,21.1624203821656050955414012738853503185,1,1001,1,1001,18.84,0,0
100744258,AUS / Wgul (AUS) 26th Aug,R8 1785m Pace M,26-08-2013 08:13,7600794,5. Glenferrie Affair,1,5.200791613,1,2.88088429079476917245454241407373549315,1,1001,1,1001,1793.98,0,0
100744250,AUS / Wgul (AUS) 26th Aug,R4 2205m Pace M,26-08-2013 05:45,7181225,2. Mister Clooney,0,9.2,1,5.51400267567051028859017646684079760464,1,1001,1,1001,313.94,0,0
100744260,AUS / APrk (AUS) 26th Aug,R1 2138m Trot S,26-08-2013 03:11,3108196,7. Best Bits,1,5,1,4.03812616551990225708957623303967590509,1,1001,1,1001,311.02,0,0
100744260,AUS / APrk (AUS) 26th Aug,R1 2138m Trot S,26-08-2013 03:11,6537828,9. Bonnie Sundon,0,40,1,7.69150779896013864818024263431542461005,1,1001,1,1001,11.54,0,0
100744268,AUS / APrk (AUS) 26th Aug,R5 1660m Pace M,26-08-2013 05:34,7599689,4. Certainlydealtnace,1,13.15668060419004,1,6.56208226221079691516709511568123393316,1,1001,1,1001,108.92,0,0
100744268,AUS / APrk (AUS) 26th Aug,R5 1660m Pace M,26-08-2013 05:34,7599691,8. Ultimate Magic,0,73.941612925,1,51.9764150943396226415094339622641509434,1,1001,1,1001,29.68,0,0
100744270,AUS / APrk (AUS) 26th Aug,R6 1660m Pace M,26-08-2013 06:04,6554041,9. Gysbert,0,9.643257504812645,1,8.90230008244023083264633140972794723825,1,1001,1,1001,242.6,0,0
100744270,AUS / APrk (AUS) 26th Aug,R6 1660m Pace M,26-08-2013 06:04,4599072,8. I Am Terror,0,6.652890264837768,1,8.51071933376628337853841158268709172174,1,1001,1,1001,523.54,0,0
100744270,AUS / APrk (AUS) 26th Aug,R6 1660m Pace M,26-08-2013 06:04,4712334,4. Hija De Diose,0,100,1,86.6301969365426695842450765864332603939,1,1001,1,1001,27.42,0,0
100744270,AUS / APrk (AUS) 26th Aug,R6 1660m Pace M,26-08-2013 06:04,3831521,2. Rocky Rogue,0,18,1,14.9644944793245291188568954319116691925,1,1001,1,1001,92.38,0,0
100744262,AUS / APrk (AUS) 26th Aug,R2 1660m Pace M,26-08-2013 03:44,5713224,3. In The Present,0,6.34993084,1,5.21929356744338693797177551690187069248,1,1001,1,1001,487.52,0,0
100744264,AUS / APrk (AUS) 26th Aug,R3 1660m Pace M,26-08-2013 04:19,5414052,6. The Frogster,0,3.8,1,3.49589160839160839160839160839160839161,1,1001,1,1001,1006.72,0,0
100744264,AUS / APrk (AUS) 26th Aug,R3 1660m Pace M,26-08-2013 04:19,6335338,2. Standout Stats,0,5.033154544266255,1,4.74493047920843303369333247105994955701,1,1001,1,1001,1546.3,0,0
100744266,AUS / APrk (AUS) 26th Aug,R4 2647m Pace S,26-08-2013 04:58,5471770,1. Anvil Justice,0,18.92856,1,14.5644823980481003834088532589752527013,1,1001,1,1001,57.38,0,0
100744274,AUS / APrk (AUS) 26th Aug,R8 1660m Pace M,26-08-2013 07:19,3529686,9. Lombo La Freebie,0,5.5,1,5.68696145124716553287981859410430839002,1,1001,1,1001,317.52,0,0
100744280,AUS / GlbD (AUS) 26th Aug,R3 2230m Pace S,26-08-2013 05:20,3840417,6. Tuapeka Tiz,0,13.225272727272728,1,5.62250575193474168583978247228613260824,1,1001,1,1001,95.62,0,0
100744282,AUS / GlbD (AUS) 26th Aug,R4 1800m Pace M,26-08-2013 06:00,4137394,9. Thats Hot,0,11.151093460200356,1,11.6334452156104221185572875184890203664,1,1001,1,1001,351.56,0,0
100744284,AUS / GlbD (AUS) 26th Aug,R5 1800m Pace M,26-08-2013 06:35,5563886,10. Onkaparinga Suzy,0,22.79707806244492,1,13.9955035002692514808831448572967151319,1,1001,1,1001,742.8,0,0
100744286,AUS / GlbD (AUS) 26th Aug,R6 1800m Pace M,26-08-2013 07:12,6556356,8. Embraced,0,10.281255526885218,1,8.50987026996338036165441280835722599143,1,1001,1,1001,704.54,0,0
100744286,AUS / GlbD (AUS) 26th Aug,R6 1800m Pace M,26-08-2013 07:12,6489531,6. Carbohydrate,0,70,1,36.5489690721649484536082474226804123711,1,1001,1,1001,116.4,0,0
100744288,AUS / GlbD (AUS) 26th Aug,R7 1800m Pace M,26-08-2013 07:52,4710074,9. Vinjon Bee,0,45.42068047576487,1,23.1661572052401746724890829694323144105,1,1001,1,1001,91.6,0,0
100744290,AUS / GlbD (AUS) 26th Aug,R8 1800m Pace M,26-08-2013 08:32,7545142,2. Sophies Way,0,17.849026359627032,1,10.6336883408071748878923766816143497758,1,1001,1,1001,71.36,0,0
100744292,AUS / GlbD (AUS) 26th Aug,R9 1800m Pace M,26-08-2013 09:04,4461643,7. Mighty Sea Wind,0,24.49413431644556,1,23.9923154701718907987866531850353892821,1,1001,1,1001,98.9,0,0
100744292,AUS / GlbD (AUS) 26th Aug,R9 1800m Pace M,26-08-2013 09:04,4792300,3. Launch Me,0,102.71475407637656,1,46.6979742173112338858195211786372007367,1,1001,1,1001,10.86,0,0
100744294,AUS / Pinj (AUS) 26th Aug,R1 2185m Pace M,26-08-2013 05:55,7600674,8. Batavia Ace,0,,1,8.57066318578553615960099750623441396509,1,1001,1,1001,513.28,0,0
100744296,AUS / Pinj (AUS) 26th Aug,R2 1684m Pace M,26-08-2013 06:30,7552803,10. Augusta Moonlight,0,,1,83.8145052631578947368421052631578947368,1,1001,1,1001,9.5,0,0
100744296,AUS / Pinj (AUS) 26th Aug,R2 1684m Pace M,26-08-2013 06:30,7584009,2. Im Verity,0,,1,72.8341991341991341991341991341991341991,1,1001,1,1001,4.62,0,0
100744298,AUS / Pinj (AUS) 26th Aug,R3 2185m Pace M,26-08-2013 07:04,6401327,5. Renascentari,0,,1,50.2845528455284552845528455284552845529,1,1001,1,1001,22.14,0,0
100744306,AUS / Pinj (AUS) 26th Aug,R7 2185m Pace M,26-08-2013 09:24,6061923,8. Chloe Vargarita,0,,1,6.0364948123649747952951217560611314112,1,1001,1,1001,749.86,0,0
100744308,AUS / Pinj (AUS) 26th Aug,R8 2116m Pace S,26-08-2013 09:50,6472190,10. Hes A Pearler,0,,1,30.6583034647550776583034647550776583035,1,1001,1,1001,66.96,0,0
100744308,AUS / Pinj (AUS) 26th Aug,R8 2116m Pace S,26-08-2013 09:50,6989219,11. Gallileo,0,,1,4.14880672837771270213994082750825785667,1,1001,1,1001,6617.94,0,0
100744308,AUS / Pinj (AUS) 26th Aug,R8 2116m Pace S,26-08-2013 09:50,3626860,8. Ballas Arockstar,0,,1,28.4021519838601210490921318090114324143,1,1001,1,1001,59.48,0,0
100744195,AUS / Bath (AUS) 26th Aug,R4 1200m Hcap,26-08-2013 06:25,2033173,1. Criminal Mind,0,8.6,7.70070067637513302291414059674119828447,6.89701961896062033085011996073057922396,8.8,7.2,9.4,9.4,3809.58,3107.66,158.26
100744201,AUS / Bath (AUS) 26th Aug,R7 1400m Hcap,26-08-2013 08:20,7599247,6. Bathurstian,0,26.839934469,20.2799359680098093433748404759263052032,17.2462607048423378981017404001736453688,23,15.5,1,1001,1013.56,770.1,8.7
100744201,AUS / Bath (AUS) 26th Aug,R7 1400m Hcap,26-08-2013 08:20,7599249,14. Holding On,0,15,15.786230564961938501272441847361381409,10.2414862520497160103614629625228736424,17,14.5,38,38,841.58,485.34,14.78
100744197,AUS / Bath (AUS) 26th Aug,R5 2000m Hcap,26-08-2013 07:00,6301303,1. Prestidigitate,0,12.519143193120545,9.04655632919118347088627931836458449331,9.26665595275163470906698540563886740526,14.5,10,1,1001,1991.18,1874.5,17.84
100744199,AUS / Bath (AUS) 26th Aug,R6 1400m CL2,26-08-2013 07:40,7392083,13. Goodfa,0,19,24.6182083938897197815218856241787658242,19.1823219867511685928135126609503598979,40,19.5,1,1001,1394.84,1051.18,11.6
100744189,AUS / Bath (AUS) 26th Aug,R1 1400m Mdn,26-08-2013 04:38,6514507,11. Waterviews,0,17.725788491303245,17.1164507155515892952006098325326493501,13.9803205614567526555386949924127465857,19,15,1,1001,1897.92,1429.78,0
100744189,AUS / Bath (AUS) 26th Aug,R1 1400m Mdn,26-08-2013 04:38,7565322,1. Burrell Of Laughs,0,9.6,10.0171687686633310517483533938076699783,8.97071129263247228557789211266111494192,10.5,9.2,36,16,3770.6,3220.46,28.64
100744191,AUS / Bath (AUS) 26th Aug,R2 1200m Mdn,26-08-2013 05:13,7565340,13. Tracktorque,0,17,16.3310470084638370251250653696903527538,14.3630187810981046334378325519859645086,18.5,13.5,60,60,1390.76,1158.66,23.92
100744191,AUS / Bath (AUS) 26th Aug,R2 1200m Mdn,26-08-2013 05:13,7599230,14. Underlay,0,9.42231358884601,9.01117630453666387311003888551547773734,8.44514082816310542210540946941457435651,12,8.2,14,14,3165.56,2810.36,77.8
100744191,AUS / Bath (AUS) 26th Aug,R2 1200m Mdn,26-08-2013 05:13,7403636,10. Zippy Zuma,0,26,30.1326848815191604260212081953966178761,22.4737447365627543257492657726195109869,42,27,1,1001,565.22,398.6,11.76
100744191,AUS / Bath (AUS) 26th Aug,R2 1200m Mdn,26-08-2013 05:13,5957865,2. Gold Ink,0,18.5,21.7455759656409446247859984069673111545,16.9045891682132613463809684494685338282,28,18.5,1,1001,592.7,445.52,.22
100744193,AUS / Bath (AUS) 26th Aug,R3 1200m Hcap,26-08-2013 05:50,7599232,6. Sticky Danish,1,7.135241343452144,8.16371118817602480901495593384747653235,5.93657939407740159191827186817509030876,11.5,7,4,3.05,3864.52,2340.74,778.54
100744209,AUS / Graf (AUS) 26th Aug,R4 1200m Mdn,26-08-2013 06:15,6683756,7. Sea Elle,0,65,65.4423942450665733033262236474893527708,41.4447286047286047286047286047286047286,90,50,2.12,2.12,660.66,408.68,197.62
100744215,AUS / Graf (AUS) 26th Aug,R7 1600m CL1,26-08-2013 08:10,6430730,10. Magnavita,0,7.4,7.48454810628977473780094425361758207746,7.35553727454231667287063043551825657338,11,7.6,1,1001,2955.1,2707.52,247.58
100744205,AUS / Graf (AUS) 26th Aug,R2 1000m Hcap,26-08-2013 05:03,6199906,6. Year Of The Tiger,1,3.4815331047716604,3.08853376016548237516581931314317637007,2.85485737299853763532181311987940135939,3.6,2.78,1,1001,15071.48,12478.32,1301.18
100744203,AUS / Graf (AUS) 26th Aug,R1 2200m Hcap,26-08-2013 04:28,6872086,1. Special Miss,0,1.5975491587571102,1.56711441820410262713538312971254086456,1.57252580662720685009137759263611801149,1.84,1.58,1.93,1.69,47396.74,46001.14,1395.6
100744203,AUS / Graf (AUS) 26th Aug,R1 2200m Hcap,26-08-2013 04:28,5982466,4. Object Of Virtue,0,13.5,10.9204650361701716357827207713005826854,11.092471695175389816936183464199123607,13.5,12.5,24,22,1798.28,1772.68,25.6
100744207,AUS / Graf (AUS) 26th Aug,R3 1000m Mdn,26-08-2013 05:40,7599444,5. Cut Cat,0,36,28.8948659470534459647633659996176034392,19.1346964516878547482324824907889932619,34,21,1,1001,602.54,390.38,.24
100744211,AUS / Graf (AUS) 26th Aug,R5 1200m Hcap,26-08-2013 06:50,6058468,8. Kyspeil,0,13.8475,10.2041668275367468424814457431363097756,10.0205403702626732577299602597654356887,14.33,11.94,1,1001,1238.04,1178.28,59.76
100744213,AUS / Graf (AUS) 26th Aug,R6 1400m Hcap,26-08-2013 07:30,5112061,11. Catchions,0,14.5,17.9158289953103013279215627232405849025,15.6003866587272741333044628150301980466,34,14.5,15.5,7.6,2586.26,2070.44,136.2
100744224,AUS / Warr (AUS) 26th Aug,R5 2368m Hcap,26-08-2013 06:05,7599911,1. Keltoi,0,7.674957218443159,7.65527231628360425663288961772813048385,6.99333372855762893320825646801996115178,9.2,6.6,1,1001,5735.14,4863.98,65.02
100744226,AUS / Warr (AUS) 26th Aug,R6 1000m Hcap,26-08-2013 06:40,574255,2. Knox,0,5.245773785217244,4.91042503027800440093694417137040648076,4.93178285087762234339360358684692269288,6,4.5,5.6,5.6,8172.08,7914.98,142.62
100744226,AUS / Warr (AUS) 26th Aug,R6 1000m Hcap,26-08-2013 06:40,7225026,3. Bens Spirit,1,6.932371704456055,4.81402614359773042375470213957254068063,4.0689483382834348646129165131051228131,7.6,4.5,1.06,1.06,6457.78,5126.84,1330.94
100744218,AUS / Warr (AUS) 26th Aug,R2 3210m Hrd,26-08-2013 04:15,3041222,3. Oak Heart,0,1.757854636,1,1.78449955474051642373249145056718266972,1,1001,1,1001,31060.54,0,0
100744218,AUS / Warr (AUS) 26th Aug,R2 3210m Hrd,26-08-2013 04:15,7599898,2. Decoux,0,3.8073013062836263,1,3.4896522297486126452231079408594280239,1,1001,1,1001,6011.44,0,0
100744230,AUS / Warr (AUS) 26th Aug,R8 1700m Hcap,26-08-2013 08:00,5988292,4. Two Legs Better,0,19,17.5198780109132326318805059928353457567,13.7747362681385204308733196830766491587,19.5,14,3.8,3.8,1797.28,1272.7,186.16
100744230,AUS / Warr (AUS) 26th Aug,R8 1700m Hcap,26-08-2013 08:00,4443570,6. Wilful Lad,0,76.00668206015895,74.8003424391664102016111509590797095489,51.078723951633650630306148700797530229,95,60,1,1001,388.7,228.92,0
100744233,AUS / Mngl (AUS) 26th Aug,R1 1609m Pace M,26-08-2013 05:30,5547590,1. Lifeiswhathappens,1,3.946483153,6.46018075271171319643734766664988089757,4.59427445545013802222273771138277389872,7.2,4.3,1.05,1.05,3448.72,2143.8,637.32
100744235,AUS / Mngl (AUS) 26th Aug,R2 2300m Trot M,26-08-2013 06:10,4393818,8. Charlie Bubbles,0,11,9.87074705403111156713182808359768537841,16.3314288350804665583936217333530193415,11,11,1000,2.08,1083.68,246.48,797.26
100744241,AUS / Mngl (AUS) 26th Aug,R5 1609m Pace M,26-08-2013 08:03,5499439,4. Champagne Jack,0,8.808153943,6.42879607183611276336360933825903569012,6.60751096142848065069581241659782677766,1,1001,9.2,9.2,314.74,277.12,37.62
100744243,AUS / Mngl (AUS) 26th Aug,R6 1609m Pace M,26-08-2013 08:43,4252651,2. Diplo,0,103.7423103993386,72.6139513287118962433962065541443811177,68.0143369175627240143369175627240143369,85,75,1,1001,22.32,17.1,0
100744237,AUS / Mngl (AUS) 26th Aug,R3 1609m Pace M,26-08-2013 06:45,7374404,8. Better Than Max,0,2.7963722595498988,2.86513436461071032640688945947099598421,3.98833164535904925460034150900008317554,3.1,2.76,480,480,4087.74,3323.92,254.2
100744237,AUS / Mngl (AUS) 26th Aug,R3 1609m Pace M,26-08-2013 06:45,7603659,1. Kapalua Beach,0,17.890960806686202,15.6364567104452867512531906239300114904,21.7017179595278246205733558178752107926,20,9.8,1000,500,569.28,417.3,5.64
100744237,AUS / Mngl (AUS) 26th Aug,R3 1609m Pace M,26-08-2013 06:45,7603665,10. Bara Liam,0,500,142.19587886298791681888176239647446717,173.991596638655462184873949579831932773,200,200,1,1001,4.76,3.46,.04
100744237,AUS / Mngl (AUS) 26th Aug,R3 1609m Pace M,26-08-2013 06:45,7603660,2. Beyond The Badland,0,23,17.5619659993077467226243934421149851708,6.07546956004419388651236578939913311992,21,21,55,2.4,705.98,85.2,593.66
100744239,AUS / Mngl (AUS) 26th Aug,R4 1609m Pace M,26-08-2013 07:23,7565142,4. Explosive Thunder,0,8.391463872,8.19752959662936396324991230298328869776,4.43619381202568593111500291885580852306,8,8,1,1001,137.04,58.36,0
100744252,AUS / Wgul (AUS) 26th Aug,R5 1785m Pace M,26-08-2013 06:20,6385785,6. Sals Mo,0,11,1,10.8840759215421034832600608725059181603,1,1001,1,1001,473.12,0,0
100744246,AUS / Wgul (AUS) 26th Aug,R2 2205m Trot S,26-08-2013 04:32,2990534,8. Keystone Blues,0,9.2,1,6.80770390147274136594608560847472224615,1,1001,1,1001,464.44,0,0
100744248,AUS / Wgul (AUS) 26th Aug,R3 1785m Pace M,26-08-2013 05:07,6580749,4. Amazing Milly,0,4.6513085283309925,1,4.1046237576171057324050672165971500783,1,1001,1,1001,1289.86,0,0
100744248,AUS / Wgul (AUS) 26th Aug,R3 1785m Pace M,26-08-2013 05:07,7600779,1. Kamikaze Ky,0,6,1,5.20647845672432172208658574326880093532,1,1001,1,1001,581.62,0,0
100744256,AUS / Wgul (AUS) 26th Aug,R7 2205m Pace M,26-08-2013 07:33,6771487,6. Me Mate Les,0,7.486867371332483,1,4.35275833602526829618463084598542765873,1,1001,1,1001,557.22,0,0
100744256,AUS / Wgul (AUS) 26th Aug,R7 2205m Pace M,26-08-2013 07:33,4892827,3. My Tiger Lily,0,560,1,70.0276497695852534562211981566820276498,1,1001,1,1001,13.02,0,0
100744258,AUS / Wgul (AUS) 26th Aug,R8 1785m Pace M,26-08-2013 08:13,7600797,8. Ruthless And More,0,70,1,45.2210526315789473684210526315789473684,1,1001,1,1001,22.8,0,0
100744268,AUS / APrk (AUS) 26th Aug,R5 1660m Pace M,26-08-2013 05:34,7599690,5. Certainly Why Knot,0,18.53,1,7.94020313161235717308506136267456622937,1,1001,1,1001,47.26,0,0
100744268,AUS / APrk (AUS) 26th Aug,R5 1660m Pace M,26-08-2013 05:34,7599687,2. Bradkens Girl,0,35.07531320619512,1,19.4678447276940903823870220162224797219,1,1001,1,1001,69.04,0,0
100744270,AUS / APrk (AUS) 26th Aug,R6 1660m Pace M,26-08-2013 06:04,5716050,10. Surface To Air,0,10.801410831466782,1,9.41823510310115278454294528332521513233,1,1001,1,1001,1847.7,0,0
100744262,AUS / APrk (AUS) 26th Aug,R2 1660m Pace M,26-08-2013 03:44,7599685,10. Amber Strike,1,8.371153552590986,1,6.57549635637283440065846265031216750647,1,1001,1,1001,996.26,0,0
100744266,AUS / APrk (AUS) 26th Aug,R4 2647m Pace S,26-08-2013 04:58,2992663,8. Mister Skye Rocket,0,5.722355926,1,4.67785476718403547671840354767184035477,1,1001,1,1001,360.8,0,0
100744272,AUS / APrk (AUS) 26th Aug,R7 2138m Pace M,26-08-2013 06:39,2970692,9. Waterslide,1,4.472264813,1,3.5509318423855165069222577209797657082,1,1001,1,1001,450.72,0,0
100744272,AUS / APrk (AUS) 26th Aug,R7 2138m Pace M,26-08-2013 06:39,6187187,1. Cobbity Commander,0,8.604969986369252,1,2.44587575316850197382090172449615624351,1,1001,1,1001,96.26,0,0
100744272,AUS / APrk (AUS) 26th Aug,R7 2138m Pace M,26-08-2013 06:39,6310558,5. Bit Noisy,0,18.861088123227027,1,2.44375796178343949044585987261146496815,1,1001,1,1001,31.4,0,0
100744272,AUS / APrk (AUS) 26th Aug,R7 2138m Pace M,26-08-2013 06:39,6405068,6. Noondah Prince,0,7.3732062525136275,1,3.90193110647181628392484342379958246347,1,1001,1,1001,459.84,0,0
100744274,AUS / APrk (AUS) 26th Aug,R8 1660m Pace M,26-08-2013 07:19,3144299,5. Marchmont Drive,1,10.185533714212943,1,8.56801974766867800329127811300054854635,1,1001,1,1001,72.92,0,0
100744274,AUS / APrk (AUS) 26th Aug,R8 1660m Pace M,26-08-2013 07:19,7599694,3. Im Kacee Jane,0,4.333005202456551,1,3.5510998017184401850627891606080634501,1,1001,1,1001,756.5,0,0
100744280,AUS / GlbD (AUS) 26th Aug,R3 2230m Pace S,26-08-2013 05:20,4060523,8. Palomine,1,48.47855325281489,1,39.6726528040327662255828607435412728418,1,1001,1,1001,63.48,0,0
100744282,AUS / GlbD (AUS) 26th Aug,R4 1800m Pace M,26-08-2013 06:00,4399940,8. Winfromheretohere,0,27.24013448936079,1,20.5075777718691837277319861738899228929,1,1001,1,1001,150.44,0,0
100744284,AUS / GlbD (AUS) 26th Aug,R5 1800m Pace M,26-08-2013 06:35,5496566,6. Escape Trader,0,58.24192977138331,1,27.1088861076345431789737171464330413016,1,1001,1,1001,31.96,0,0
100744284,AUS / GlbD (AUS) 26th Aug,R5 1800m Pace M,26-08-2013 06:35,7600410,7. Village Flyer,0,14.797362431383048,1,12.3703082276907780263484961471538652747,1,1001,1,1001,482.76,0,0
100744284,AUS / GlbD (AUS) 26th Aug,R5 1800m Pace M,26-08-2013 06:35,106443,5. Segreto,1,1.3,1,1.33100712335318256147604208447749220944,1,1001,1,1001,10371.52,0,0
100744286,AUS / GlbD (AUS) 26th Aug,R6 1800m Pace M,26-08-2013 07:12,7164743,2. Queen Of The Blues,0,1000,1,367.516666666666666666666666666666666667,1,1001,1,1001,1.2,0,0
100744286,AUS / GlbD (AUS) 26th Aug,R6 1800m Pace M,26-08-2013 07:12,7422098,1. Watch Me Glitter,0,4.936661238893869,1,4.6564364067595612214645715979839905129,1,1001,1,1001,674.6,0,0
100744288,AUS / GlbD (AUS) 26th Aug,R7 1800m Pace M,26-08-2013 07:52,6202595,3. Flying Vargas,0,10.992288756196501,1,11.5406988292888927121865004574923164752,1,1001,1,1001,2557.42,0,0
100744290,AUS / GlbD (AUS) 26th Aug,R8 1800m Pace M,26-08-2013 08:32,249357,1. Heat Wave,0,67.50100464576074,1,55.9932584269662921348314606741573033708,1,1001,1,1001,17.8,0,0
100744278,AUS / GlbD (AUS) 26th Aug,R2 1800m Trot M,26-08-2013 04:45,7600409,9. Viller Trapper,0,44,1,25.918559944075498077595246417336595596,1,1001,1,1001,57.22,0,0
100744292,AUS / GlbD (AUS) 26th Aug,R9 1800m Pace M,26-08-2013 09:04,6751660,6. Eight Tee I,0,70.286074689,1,32.0855949895615866388308977035490605428,1,1001,1,1001,19.16,0,0
100744292,AUS / GlbD (AUS) 26th Aug,R9 1800m Pace M,26-08-2013 09:04,6899166,5. Side Swiper,0,66.38692949779333,1,30.9777382012466607301869991095280498664,1,1001,1,1001,22.46,0,0
100744294,AUS / Pinj (AUS) 26th Aug,R1 2185m Pace M,26-08-2013 05:55,7392228,4. Lady Shardon,0,,1,85,1,1001,1,1001,.22,0,0
100744296,AUS / Pinj (AUS) 26th Aug,R2 1684m Pace M,26-08-2013 06:30,7226068,5. Jungle Clout,0,,1,3.39160904886423911930840025683736425308,1,1001,1,1001,2149.22,0,0
100744296,AUS / Pinj (AUS) 26th Aug,R2 1684m Pace M,26-08-2013 06:30,6445223,11. Dark Kara,0,,1,33.0995936794582392776523702031602708804,1,1001,1,1001,17.72,0,0
100744296,AUS / Pinj (AUS) 26th Aug,R2 1684m Pace M,26-08-2013 06:30,6489556,1. Hy Leimposing,0,,1,6.06903296496147411578972171823087254648,1,1001,1,1001,848.78,0,0
100744298,AUS / Pinj (AUS) 26th Aug,R3 2185m Pace M,26-08-2013 07:04,6526180,7. Matashi,1,,1,15.5,1,1001,1,1001,5.8,0,0
100744298,AUS / Pinj (AUS) 26th Aug,R3 2185m Pace M,26-08-2013 07:04,7600681,1. Bankrobber,0,,1,2.93436996075840042661473096028889236673,1,1001,1,1001,3450.42,0,0
100744300,AUS / Pinj (AUS) 26th Aug,R4 2185m Pace M,26-08-2013 07:44,6741666,6. Terra Into The West,0,,1,16.7466060450819672131147540983606557377,1,1001,1,1001,156.16,0,0
100744306,AUS / Pinj (AUS) 26th Aug,R7 2185m Pace M,26-08-2013 09:24,6422036,6. Millwoods Delight,0,,1,51.9419795221843003412969283276450511945,1,1001,1,1001,5.86,0,0
100744306,AUS / Pinj (AUS) 26th Aug,R7 2185m Pace M,26-08-2013 09:24,5198766,3. Wotsthefuss,0,,1,38.9265505984766050054406964091403699674,1,1001,1,1001,73.52,0,0
100744308,AUS / Pinj (AUS) 26th Aug,R8 2116m Pace S,26-08-2013 09:50,3072474,1. Gamblers Delight,0,,1,23.4611909650924024640657084188911704312,1,1001,1,1001,97.4,0,0
100744308,AUS / Pinj (AUS) 26th Aug,R8 2116m Pace S,26-08-2013 09:50,4814558,6. Multibet,0,,1,44.9122807017543859649122807017543859649,1,1001,1,1001,36.48,0,0
100744195,AUS / Bath (AUS) 26th Aug,R4 1200m Hcap,26-08-2013 06:25,3431404,4. Just Like Zac,0,8.509865491652747,8.18843530491539233436891733030074437267,7.21575476205313558089777943956295049957,9.6,6.8,1,1001,3851.28,3219.16,30.16
100744195,AUS / Bath (AUS) 26th Aug,R4 1200m Hcap,26-08-2013 06:25,6294775,3. Kosciuszko Moon,0,30,29.0452120014716063196897068912286331167,26.2621400080393308803067313935870875978,46,24,1,1001,1293.64,1153.64,23.56
100744195,AUS / Bath (AUS) 26th Aug,R4 1200m Hcap,26-08-2013 06:25,5635191,11. Naval Prince,0,35.74194805687178,33.9964376833028487302936580017119417718,25.9307128382405531052568840147812611754,44,28,1,1001,671.12,461.06,17.4
100744195,AUS / Bath (AUS) 26th Aug,R4 1200m Hcap,26-08-2013 06:25,4113189,2. Baldy Bay,0,18,19.9274298304241659196057795208985666627,14.1041349361193278368682736484360249229,22,18,1,1001,1588.9,1033.78,4
100744201,AUS / Bath (AUS) 26th Aug,R7 1400m Hcap,26-08-2013 08:20,2156175,11. Spence,0,32.08519128374755,34.3562771638252836776727641270961681754,28.8055497724771733634714332451000803022,65,30,1,1001,672.46,527,4.46
100744197,AUS / Bath (AUS) 26th Aug,R5 2000m Hcap,26-08-2013 07:00,5000864,9. Solid Effort,0,11.346911411116018,10.0917689950922180755844987286571612342,10.0933373331498555112150818769781202697,18,10,40,11.5,3633.5,3474.7,105.52
100744197,AUS / Bath (AUS) 26th Aug,R5 2000m Hcap,26-08-2013 07:00,7599243,11. Temudgin,0,276.0738917948433,110.434255155763525139456056810016618738,117.106677866442671146577068458630827383,250,130,220,220,95.24,89.44,5.8
100744197,AUS / Bath (AUS) 26th Aug,R5 2000m Hcap,26-08-2013 07:00,5414187,2. Awi Acting,1,14,13.1275730011774535934651380396863788526,9.13035394337244418878107790307162616,25,13.5,14.5,3.2,2364.22,1367.76,910.68
100744199,AUS / Bath (AUS) 26th Aug,R6 1400m CL2,26-08-2013 07:40,7599245,3. Magical Tales,0,2.1354747161903287,2.11018976271167829780651367625833677706,1.99059201925353402556819398400473752439,2.3,1.9,3,3,32692.18,26891.48,640.38
100744199,AUS / Bath (AUS) 26th Aug,R6 1400m CL2,26-08-2013 07:40,7599244,2. Weekend Passion,0,72.5253326574195,84.8500896064588169305403529271048442602,64.629910128243966474805614460264566293,95,70,1,1001,792.24,591.06,0
100744199,AUS / Bath (AUS) 26th Aug,R6 1400m CL2,26-08-2013 07:40,7224598,12. Belle De Heart,0,120.66176344670355,103.957943871364053321270922801853497706,70.3142147659136333353521894494579371328,140,85,170,48,330.22,200.38,9.24
100744189,AUS / Bath (AUS) 26th Aug,R1 1400m Mdn,26-08-2013 04:38,7599221,3. Deanoss,0,39.230272364188,81.3552730042865373538276816885383132339,63.380207308272649740864659187823919176,140,44,1,1001,609.72,463.52,0
100744191,AUS / Bath (AUS) 26th Aug,R2 1200m Mdn,26-08-2013 05:13,7556064,8. Miss Gracious,0,9.341456760535948,9.45288570737180934746861627451823363945,8.70632997892404744606929888290258306299,13.5,7.8,8.4,8.4,2780.42,2408.24,41.76
100744193,AUS / Bath (AUS) 26th Aug,R3 1200m Hcap,26-08-2013 05:50,7599231,4. Commentate,0,8.2,8.56458077206015631120204138047852523268,9.1504209477551528737779438321190609627,9.2,7.8,290,290,3211.8,2896.86,58.94
100744209,AUS / Graf (AUS) 26th Aug,R4 1200m Mdn,26-08-2013 06:15,7565300,1. Final Crescendo,1,2.3862912203982347,2.3997554962705652692062166388676573955,2.13413897880406799227330716227694749719,2.62,2.18,2,2,24393.36,18554.92,2054.84
100744209,AUS / Graf (AUS) 26th Aug,R4 1200m Mdn,26-08-2013 06:15,6790401,8. Give It Berries,0,19,16.0794833628004581240603096968494255488,14.7900316899995988607645713827269445224,21,11,1,1001,997.16,899.4,10.46
100744215,AUS / Graf (AUS) 26th Aug,R7 1600m CL1,26-08-2013 08:10,7599474,12. Telena,0,140.89464118553326,54.9461162005012373014969665683823589001,56.3969922242160129881227035802785610527,110,60,150,150,234.06,230.5,3.56
100744205,AUS / Graf (AUS) 26th Aug,R2 1000m Hcap,26-08-2013 05:03,5599179,4. Harley Down,0,5.5070328782725495,6.8847149145991481825423437911013239396,6.09077226681674121027220757678978703237,9,5.6,9.2,9.2,5401.76,4372.54,189.66
100744205,AUS / Graf (AUS) 26th Aug,R2 1000m Hcap,26-08-2013 05:03,6111520,7. Mackerel Sky,0,34.455980158336466,30.1436278167759630786749031287524599189,23.4110103584075189462885130886587020551,46,21,1,1001,604.34,444.54,4
100744203,AUS / Graf (AUS) 26th Aug,R1 2200m Hcap,26-08-2013 04:28,7599436,3. Show Day,0,17.138738718400706,10.0971909374089672731702312048404779488,10.4406466636046101752849314775846783238,17,6.4,60,60,3744.76,3660.38,84.38
100744207,AUS / Graf (AUS) 26th Aug,R3 1000m Mdn,26-08-2013 05:40,7599446,7. Inas Gift,0,57.542137785204694,61.1100919645762003635199540944215034709,45.4290982927233548814851649262390187303,90,38,1,1001,482.64,313.52,0
100744207,AUS / Graf (AUS) 26th Aug,R3 1000m Mdn,26-08-2013 05:40,7599449,11. Money Sox,1,17.404369000306986,16.7423347543089104831338236309638309233,7.16925065430672729665316625970494056409,19,15,1,1001,1367.86,438.72,635.74
100744211,AUS / Graf (AUS) 26th Aug,R5 1200m Hcap,26-08-2013 06:50,4318829,6. Blacksahero,0,25.785,18.9700463557564617545442072094978062982,18.73223179840761717146843962899121727,25.79,19.1,9,9,1218.3,1189.24,29.06
100744211,AUS / Graf (AUS) 26th Aug,R5 1200m Hcap,26-08-2013 06:50,4845417,12. Tycoon Sun,0,5.9361313279816682925,5.09882534159460310966444514281952160651,5.04732766991124026885243651809332981085,6.69,5.44,3,3,5829.22,5654.16,175.06
100744224,AUS / Warr (AUS) 26th Aug,R5 2368m Hcap,26-08-2013 06:05,5780795,14. Kilkenny Cats,0,91.654847877,90.9509187219956583578026392063658312929,52.9429800968262506724045185583647122109,100,80,170,170,185.9,84.86,3.44
100744226,AUS / Warr (AUS) 26th Aug,R6 1000m Hcap,26-08-2013 06:40,2845623,5. Mr Eisenhower,0,22.40891297480171,15.2761027212776304040624770314473145123,15.5393578670672174239579421704844160721,21,14,1,1001,2663,2551.26,9.8
100744226,AUS / Warr (AUS) 26th Aug,R6 1000m Hcap,26-08-2013 06:40,7599917,9. Paris Scene,0,3.8148927118736635,3.8016395483486355853462831875740028568,3.85493977526108112552987878780656102261,4.7,3.7,8,3.75,16782.14,15945.18,836.96
100744226,AUS / Warr (AUS) 26th Aug,R6 1000m Hcap,26-08-2013 06:40,7224487,10. Want To Be A Hippy,0,95,46.554826350864652517845281776432995019,46.1595103046479993840310037728101018915,120,34,36,30,779.26,756.02,23.24
100744228,AUS / Warr (AUS) 26th Aug,R7 1400m Hcap,26-08-2013 07:20,6301311,8. Halo Miss Maher,0,20,16.9743257522141748589147706626069208391,14.185669611363229549450896570604277005,23,13,10,7.6,1899.46,1498.52,128.9
100744228,AUS / Warr (AUS) 26th Aug,R7 1400m Hcap,26-08-2013 07:20,7599920,7. Comic Ruler,0,18.779559978,17.8519461647973921642542950054812583617,16.095222655835504674770388011837249608,19,16,1,1001,1696.34,1485.48,5.8
100744228,AUS / Warr (AUS) 26th Aug,R7 1400m Hcap,26-08-2013 07:20,7599921,10. Jahan,0,8.733065860782226,10.7775041050052604414838087683266461995,8.283630533792023313710440911198295107,15,9.4,1,1001,5133.46,3397.92,84.88
100744216,AUS / Warr (AUS) 26th Aug,R1 3410m Stpl,26-08-2013 03:40,4212192,12. Futonic,0,107.64319553867216,1,57.8114437791084497671324018629407850965,1,1001,1,1001,150.3,0,0
100744216,AUS / Warr (AUS) 26th Aug,R1 3410m Stpl,26-08-2013 03:40,5360506,4. Makena Lei,0,3.999041054,1,3.18111948444107477826652461780795952915,1,1001,1,1001,6119.96,0,0
100744230,AUS / Warr (AUS) 26th Aug,R8 1700m Hcap,26-08-2013 08:00,5799425,18. Sariden,0,32.82957429080736,40.5815277492136594497473152378119100785,27.8372848718257311349139487302924539656,85,28,1,1001,664.72,433.44,0
100744230,AUS / Warr (AUS) 26th Aug,R8 1700m Hcap,26-08-2013 08:00,7599933,13. Perfect Jay,0,12,12.0966653817113712717920699069083144162,10.2090201826586988386514826925245236216,14,11,1,1001,1596.42,1296.32,29.54
100744230,AUS / Warr (AUS) 26th Aug,R8 1700m Hcap,26-08-2013 08:00,7599935,19. Our Big Red,0,140,129.671365394251735142813547274963936431,61.3087002715145791524023137764136465589,180,70,190,48,338.84,141.22,10.52
100744233,AUS / Mngl (AUS) 26th Aug,R1 1609m Pace M,26-08-2013 05:30,5955831,6. Deanoman,0,3.655283930711448,3.81353881155900781084795973135474899104,3.70830913463241458298074993013928848341,4,3.5,5.1,5.1,5081.54,4619.08,215.82
100744235,AUS / Mngl (AUS) 26th Aug,R2 2300m Trot M,26-08-2013 06:10,6066921,6. Chevaux Rainbow,0,4.1,4.15221338401865292114336724222912616134,3.56279003203293424113613388061337588151,4.4,3.55,2,2,1642.06,1149.32,370.1
100744241,AUS / Mngl (AUS) 26th Aug,R5 1609m Pace M,26-08-2013 08:03,2504065,3. Strong Impact,0,8.081444632280618,5.59370948689684155727385246329644161443,5.53834031257010394077619083227398489494,10,6.4,3.55,3.55,534.92,434,100.92
100744237,AUS / Mngl (AUS) 26th Aug,R3 1609m Pace M,26-08-2013 06:45,7603661,4. Miss Percervirance,0,420,57.7084895812160450883642658759226263297,68.4670818505338078291814946619217081851,60,55,1,1001,22.48,20.86,.1
100744239,AUS / Mngl (AUS) 26th Aug,R4 1609m Pace M,26-08-2013 07:23,7082703,1. Aced The Seventh,0,13.8490047364193,13.7255564531085405933869512187222943305,7.02448319394035032349692283414865078113,1,1001,11,11,253.48,30.26,52.18
100744239,AUS / Mngl (AUS) 26th Aug,R4 1609m Pace M,26-08-2013 07:23,7603666,2. Karloo Quade,0,39.65356919634388,34.9497793264343781765418524779588932672,17.2136854741896758703481392557022809124,1,1001,1,1001,66.64,4,0
100744254,AUS / Wgul (AUS) 26th Aug,R6 2205m Pace M,26-08-2013 06:55,5471854,6. Goldtown Gambler,0,790,1,41.9757914338919925512104283054003724395,1,1001,1,1001,10.74,0,0
100744248,AUS / Wgul (AUS) 26th Aug,R3 1785m Pace M,26-08-2013 05:07,7600781,6. Barra Of Fire,0,23.503032952443753,1,18.0830427418551359968117963534920793066,1,1001,1,1001,200.74,0,0
100744256,AUS / Wgul (AUS) 26th Aug,R7 2205m Pace M,26-08-2013 07:33,5931737,7. Ima Powerball,0,118.6386723358184,1,25.0058189655172413793103448275862068966,1,1001,1,1001,92.8,0,0
100744256,AUS / Wgul (AUS) 26th Aug,R7 2205m Pace M,26-08-2013 07:33,7450015,1. Rhygrin,0,7.425168225,1,6.35664855928200283419933868682097307511,1,1001,1,1001,677.44,0,0
100744250,AUS / Wgul (AUS) 26th Aug,R4 2205m Pace M,26-08-2013 05:45,3278047,5. Golden Grinder,0,27.999564782,1,14.118220742150333016175071360608943863,1,1001,1,1001,168.16,0,0
100744250,AUS / Wgul (AUS) 26th Aug,R4 2205m Pace M,26-08-2013 05:45,5506389,1. Western Rockstar,1,1.3232746754775149,1,1.29543201816517001104527742534172610176,1,1001,1,1001,14612.58,0,0
100744250,AUS / Wgul (AUS) 26th Aug,R4 2205m Pace M,26-08-2013 05:45,6100050,3. Lady Taras Bulba,0,12.5,1,8.45081926390756511778475023656556601424,1,1001,1,1001,401.58,0,0
100744268,AUS / APrk (AUS) 26th Aug,R5 1660m Pace M,26-08-2013 05:34,7185034,12. Gotham City Sin,0,61.63175245289692,1,31.2469978165938864628820960698689956332,1,1001,1,1001,73.28,0,0
100744268,AUS / APrk (AUS) 26th Aug,R5 1660m Pace M,26-08-2013 05:34,7455194,10. Letsgowithit,0,75,1,33.0346260387811634349030470914127423823,1,1001,1,1001,14.44,0,0
100744270,AUS / APrk (AUS) 26th Aug,R6 1660m Pace M,26-08-2013 06:04,7035022,5. Midnight Montana,1,2.792144722286612,1,3.19441346664928344348279562343927070693,1,1001,1,1001,1994.26,0,0
100744262,AUS / APrk (AUS) 26th Aug,R2 1660m Pace M,26-08-2013 03:44,7242689,8. Petrify,0,17.5,1,17.2394699079935848738077150333417742889,1,1001,1,1001,236.94,0,0
100744272,AUS / APrk (AUS) 26th Aug,R7 2138m Pace M,26-08-2013 06:39,3447383,2. Clay County,0,57.130355445,1,23.9525043177892918825561312607944732297,1,1001,1,1001,92.64,0,0
100744272,AUS / APrk (AUS) 26th Aug,R7 2138m Pace M,26-08-2013 06:39,5587885,8. Fremarksuel,0,21.669260375816375,1,12.6484833659491193737769080234833659491,1,1001,1,1001,40.88,0,0
100744280,AUS / GlbD (AUS) 26th Aug,R3 2230m Pace S,26-08-2013 05:20,4244181,2. Mister Commitment,0,66.7234327111486,1,35.915860328144720235591081194783340345,1,1001,1,1001,47.54,0,0
100744282,AUS / GlbD (AUS) 26th Aug,R4 1800m Pace M,26-08-2013 06:00,4771998,3. Torida Dream,0,87.20500460576207,1,52.348739495798319327731092436974789916,1,1001,1,1001,57.12,0,0
100744284,AUS / GlbD (AUS) 26th Aug,R5 1800m Pace M,26-08-2013 06:35,6045864,4. Island Rocket,0,95,1,20.9473837209302325581395348837209302326,1,1001,1,1001,6.88,0,0
100744288,AUS / GlbD (AUS) 26th Aug,R7 1800m Pace M,26-08-2013 07:52,2784515,6. Son Of Pariel,0,70,1,20.4824191279887482419127988748241912799,1,1001,1,1001,14.22,0,0
100744290,AUS / GlbD (AUS) 26th Aug,R8 1800m Pace M,26-08-2013 08:32,7600417,9. Jetstar Jimmy,0,242.41496728755536,1,81.9407216494845360824742268041237113402,1,1001,1,1001,7.76,0,0
100744278,AUS / GlbD (AUS) 26th Aug,R2 1800m Trot M,26-08-2013 04:45,7600408,3. Earl Of Parwan,0,29.87878281877667,1,16.8134648370497427101200686106346483705,1,1001,1,1001,93.28,0,0
100744276,AUS / GlbD (AUS) 26th Aug,R1 1800m Pace M,26-08-2013 04:10,5081612,1. Spirit Of Sam,0,9.28670270074159,1,5.12488253249648454916486606989745172686,1,1001,1,1001,583.14,0,0
100744276,AUS / GlbD (AUS) 26th Aug,R1 1800m Pace M,26-08-2013 04:10,3259681,2. Algrancos Icon,1,8.2,1,6.87150379925781940272132885668846085881,1,1001,1,1001,565.9,0,0
100744296,AUS / Pinj (AUS) 26th Aug,R2 1684m Pace M,26-08-2013 06:30,6948976,12. Alpe Di Mezzo,0,,1,61.4866115702479338842975206611570247934,1,1001,1,1001,4.84,0,0
100744298,AUS / Pinj (AUS) 26th Aug,R3 2185m Pace M,26-08-2013 07:04,6483393,2. Swift Mach,0,,1,24.1232583065380493033226152197213290461,1,1001,1,1001,18.66,0,0
100744300,AUS / Pinj (AUS) 26th Aug,R4 2185m Pace M,26-08-2013 07:44,2274796,3. Cuvee Riche,0,,1,32.9865092748735244519392917369308600337,1,1001,1,1001,11.86,0,0
100744300,AUS / Pinj (AUS) 26th Aug,R4 2185m Pace M,26-08-2013 07:44,6338022,10. Stellas Starzzz,0,,1,32.1305841924398625429553264604810996564,1,1001,1,1001,11.64,0,0
100744302,AUS / Pinj (AUS) 26th Aug,R5 2185m Pace M,26-08-2013 08:24,548339,8. Big Bad Bob,0,,1,37.6899187768752986144290492116579073101,1,1001,1,1001,41.86,0,0
100744302,AUS / Pinj (AUS) 26th Aug,R5 2185m Pace M,26-08-2013 08:24,6143383,1. Boy O Boy,1,,1,5.90446718032924929476653614584649067408,1,1001,1,1001,475.02,0,0
100744302,AUS / Pinj (AUS) 26th Aug,R5 2185m Pace M,26-08-2013 08:24,6250616,6. Soho Monza,0,,1,8.0059511158342189160467587672688629118,1,1001,1,1001,207.02,0,0
100744304,AUS / Pinj (AUS) 26th Aug,R6 1684m Pace M,26-08-2013 08:52,4746364,11. Mosquito Buzzin,0,,1,29.4951171875,1,1001,1,1001,20.48,0,0
100744304,AUS / Pinj (AUS) 26th Aug,R6 1684m Pace M,26-08-2013 08:52,4842800,12. Four Grinners,0,,1,11.4592857142857142857142857142857142857,1,1001,1,1001,14,0,0
100744304,AUS / Pinj (AUS) 26th Aug,R6 1684m Pace M,26-08-2013 08:52,4892782,4. Stealthy Shannon,0,,1,7.02670834513255059141307425882762977324,1,1001,1,1001,1836.28,0,0
100744304,AUS / Pinj (AUS) 26th Aug,R6 1684m Pace M,26-08-2013 08:52,6801049,5. Glow Bright,0,,1,26.7588395285584768812330009066183136899,1,1001,1,1001,22.06,0,0
100744306,AUS / Pinj (AUS) 26th Aug,R7 2185m Pace M,26-08-2013 09:24,6793476,5. Riverboat Ning,0,,1,26.0940306391970417326994189117802430005,1,1001,1,1001,189.3,0,0
100744306,AUS / Pinj (AUS) 26th Aug,R7 2185m Pace M,26-08-2013 09:24,7600688,11. Kotare Ash,1,,1,7.3777636142093916955665948073858843378,1,1001,1,1001,2133.8,0,0
100744195,AUS / Bath (AUS) 26th Aug,R4 1200m Hcap,26-08-2013 06:25,7148888,6. Oywotzy,1,3.05,3.39453255434592139621012297761300593756,2.88693610180133602804622469036712450273,3.9,3,3.55,1.5,16595.46,12411.92,2066.34
100744195,AUS / Bath (AUS) 26th Aug,R4 1200m Hcap,26-08-2013 06:25,5794789,9. Onyegin,0,14,10.5291555689102408381970035594103240951,8.77754330803881851437554796384194455362,13.5,8.4,1,1001,1984.62,1569.42,0
100744195,AUS / Bath (AUS) 26th Aug,R4 1200m Hcap,26-08-2013 06:25,7368958,8. Image Of Darkness,0,24.237488206224505,28.7737194464981659075053349873269201756,17.9620374966589025926915880713276566497,36,24,9.4,9.4,523.78,276.92,43.26
100744201,AUS / Bath (AUS) 26th Aug,R7 1400m Hcap,26-08-2013 08:20,7454556,17. Shesoakiedokie,0,65.46208542754405,80.059832011919468194981752311035119918,45.2177028859190393182258376912647685454,130,55,1,1001,309.78,152,2.66
100744201,AUS / Bath (AUS) 26th Aug,R7 1400m Hcap,26-08-2013 08:20,2994748,3. Gold Sultan,0,16.373574514351933,17.1702925104998599951087198148216838961,13.6199985756845616075773581322476884547,21,15,1,1001,1685.02,1183.78,19.74
100744199,AUS / Bath (AUS) 26th Aug,R6 1400m CL2,26-08-2013 07:40,5632725,4. Port Solitaire,0,5.654412262654731,5.0056371856020592160475091249762997433,4.57400463694474776835300853861148222661,5.6,4.7,5.8,5.8,6392.14,5414.34,238.5
100744199,AUS / Bath (AUS) 26th Aug,R6 1400m CL2,26-08-2013 07:40,7346684,7. Griqua,1,5.263603407222837,5.62729848979897963645416873833714823241,4.42439816818399993705099656141068716706,6.6,5,1,1001,7625.22,5478.96,1413.06
100744191,AUS / Bath (AUS) 26th Aug,R2 1200m Mdn,26-08-2013 05:13,6168950,6. Matronello,0,110,99.9463448073500935333204342158967518432,52.0776412011825112805352419480317410923,140,90,1,1001,257.08,126.82,0
100744209,AUS / Graf (AUS) 26th Aug,R4 1200m Mdn,26-08-2013 06:15,7599461,9. Rockabye Angel,0,13.5,11.2548002690859382532859640026031705101,10.2567378936226514951045250066155067478,13.5,8.8,42,12.5,1813.92,1291.84,250
100744215,AUS / Graf (AUS) 26th Aug,R7 1600m CL1,26-08-2013 08:10,7406407,7. Charlee Rose,0,17.5,12.7118594531126773117252077650830632016,12.7204203274373959825057088671285365948,25,14,1,1001,1550.22,1544.42,5.8
100744205,AUS / Graf (AUS) 26th Aug,R2 1000m Hcap,26-08-2013 05:03,2176520,10. Charlies Boy,0,74.0581358956918,72.0194597265957159196402975220007205696,53.7459626771936120581374484119863628207,100,55,1,1001,445.84,317.36,0
100744203,AUS / Graf (AUS) 26th Aug,R1 2200m Hcap,26-08-2013 04:28,4929730,6. The Big Boy Sings,0,31.068890538592456,26.1628909458512487680240969754121340229,26.1023079367601493604512592357193930246,44,29,1,1001,1006.96,1001.16,5.8
100744203,AUS / Graf (AUS) 26th Aug,R1 2200m Hcap,26-08-2013 04:28,3976041,2. Castlemagne King,1,5.0117320311236835,4.25920520069787596886401673021929538522,4.19560356630923778022356578375017151332,5,4.4,4.6,4.3,6850.78,6155.3,695.48
100744207,AUS / Graf (AUS) 26th Aug,R3 1000m Mdn,26-08-2013 05:40,7599453,15. Beaut Lae,0,11,11.144625408341951329965474396351350816,10.0863542342008582630977740730449816307,12.5,9.8,10.5,10.5,3239.1,2819,61.36
100744207,AUS / Graf (AUS) 26th Aug,R3 1000m Mdn,26-08-2013 05:40,7035395,8. Rose Of Paradise,0,4.855646557126965,4.68956853171367288961318933702887145634,3.72713077450767145749326551441430889956,5.2,4.5,5.1,5.1,4781.36,3212.28,284.48
100744213,AUS / Graf (AUS) 26th Aug,R6 1400m Hcap,26-08-2013 07:30,4318824,3. Incitement,0,13.065569623373445,12.7522215005813112707633132597369468449,10.4149537929419394354272126245248689449,15,12,1,1001,1110.22,737.88,15.08
100744213,AUS / Graf (AUS) 26th Aug,R6 1400m Hcap,26-08-2013 07:30,6741353,2. Kapcat,0,6.017155570155666,5.49785506917038475665295135882624864536,4.50951337477301299064115099874284117894,6.6,4.8,6.8,6.8,6872.64,4957.08,186.52
100744213,AUS / Graf (AUS) 26th Aug,R6 1400m Hcap,26-08-2013 07:30,4998695,13. Threebigrivers,0,22.228770457720373,21.9744648593643770536308959292406891668,14.2061020070897828911680480389559600853,29,16,11,11,1585.38,651.72,162.52
100744222,AUS / Warr (AUS) 26th Aug,R4 1300m 3yo,26-08-2013 05:25,7454804,1. Arties Shore,0,3.2416734884530882,3.35020882809260650233333469497816925655,3.24478624478208683754521508657946589871,3.5,3.15,1,1001,9764.44,9172.24,85.84
100744222,AUS / Warr (AUS) 26th Aug,R4 1300m 3yo,26-08-2013 05:25,7599906,4. Gold A Plenty,0,60,54.0397581438757540037656288448372833885,46.114641876188463976336361715613775618,70,40,46,46,473.3,347.04,6
100744224,AUS / Warr (AUS) 26th Aug,R5 2368m Hcap,26-08-2013 06:05,7599914,7. Sept Rouge,0,10.5,10.4128811713771377092283280943845320728,9.44720763110080822003633857527723826828,12,7.6,5.9,5.9,6384.4,5626.74,207.68
100744224,AUS / Warr (AUS) 26th Aug,R5 2368m Hcap,26-08-2013 06:05,5548790,8. Willys Boy,0,25.85728539180593,29.7832193264344400210302646694532667427,23.5516441468372593566901829487026186775,34,25,1,1001,836.3,631.06,0
100744226,AUS / Warr (AUS) 26th Aug,R6 1000m Hcap,26-08-2013 06:40,5456135,6. Ombra Sierra,0,4.753651137184569,4.4979589699093881024784666166276335783,4.51434074106824232356758702798980581145,6.4,4.4,10.5,10.5,6333.02,6126.38,206.64
100744216,AUS / Warr (AUS) 26th Aug,R1 3410m Stpl,26-08-2013 03:40,2427551,5. Sanctuary,0,13.010842182866657,1,11.396374549819927971188475390156062425,1,1001,1,1001,833,0,0
100744216,AUS / Warr (AUS) 26th Aug,R1 3410m Stpl,26-08-2013 03:40,7051414,11. Bring Them On,0,100,1,40.987830790032837550705041529843538729,1,1001,1,1001,103.54,0,0
100744216,AUS / Warr (AUS) 26th Aug,R1 3410m Stpl,26-08-2013 03:40,2512755,2. Rabbuka,0,3.781486888,1,3.62070049309293484397937290623706101555,1,1001,1,1001,6376.08,0,0
100744216,AUS / Warr (AUS) 26th Aug,R1 3410m Stpl,26-08-2013 03:40,7599897,7. Kerford,0,56.994539316147,1,28.1623612960497114957833999112294718154,1,1001,1,1001,225.3,0,0
100744216,AUS / Warr (AUS) 26th Aug,R1 3410m Stpl,26-08-2013 03:40,2796170,8. Lucky Lindsay,1,13,1,11.1913987188257976242303625847378568319,1,1001,1,1001,643.16,0,0
100744216,AUS / Warr (AUS) 26th Aug,R1 3410m Stpl,26-08-2013 03:40,4273050,10. Bold Image,0,20.9239706884697,1,13.8893904834315402648419185199265031997,1,1001,1,1001,631.32,0,0
100744218,AUS / Warr (AUS) 26th Aug,R2 3210m Hrd,26-08-2013 04:15,5478867,5. Quintin,0,14.98050252266286,1,14.0063527606540997207675769227338013971,1,1001,1,1001,2241.86,0,0
100744220,AUS / Warr (AUS) 26th Aug,R3 1200m Mdn,26-08-2013 04:50,7595891,10. Zeb Force,0,1.8575306871553854,2.19756287789475779252522036256598172946,2.07171252116783237527261846570134042518,2.7,1.92,8,2.02,31014.04,25149.1,1048.74
100744220,AUS / Warr (AUS) 26th Aug,R3 1200m Mdn,26-08-2013 04:50,1432895,2. Eventful,0,17,19.172927470713327749571056015607268353,12.0995665085162303307505887974877973854,22,16.5,1,1001,585.94,325.68,39.44
100744230,AUS / Warr (AUS) 26th Aug,R8 1700m Hcap,26-08-2013 08:00,6266069,14. Lady Jodalyna,1,8.026390389250592,7.00787114338904479726373311426104674783,6.04148034945446174394460513150127296058,8.8,6,5.2,5.2,8774.82,6989.98,1037.82
100744233,AUS / Mngl (AUS) 26th Aug,R1 1609m Pace M,26-08-2013 05:30,6097112,2. Miss Lady Sue,0,50,3.89855194830439686230788176461330953113,5.78771671077175550566066608797975827069,38,2.66,1000,200,7580.38,7381,17.24
100744235,AUS / Mngl (AUS) 26th Aug,R2 2300m Trot M,26-08-2013 06:10,7603657,1. Fiery Rum,0,17.542550812112502,19.5430010783746438718527511753376121133,15.4429496926026310570503073973689429497,19.5,17.5,1,1001,302.54,193.94,1.78
100744241,AUS / Mngl (AUS) 26th Aug,R5 1609m Pace M,26-08-2013 08:03,3779187,8. Hachem,0,5.1,4.80638194053148117549819595814976972564,5.09869398784057644674622832695338887638,5,4.9,6,6,1243.48,1120.02,123.46
100744241,AUS / Mngl (AUS) 26th Aug,R5 1609m Pace M,26-08-2013 08:03,6273345,5. Nicky Wright,0,5.815719365,3.66248812796201307400238718926480090563,3.71816127963370184052775853239750579872,6,5.7,1,1001,663.94,654.14,9.8
100744243,AUS / Mngl (AUS) 26th Aug,R6 1609m Pace M,26-08-2013 08:43,7603671,9. Jest In Case,1,3.603319453634322,2.81906835695439472949551607737045723998,2.51340389020075024287162904815594840485,2.96,2.52,3.25,3.25,2820.42,2031.82,542.82
100744237,AUS / Mngl (AUS) 26th Aug,R3 1609m Pace M,26-08-2013 06:45,7139884,3. Rhapsody Rainbow,0,42,33.1573865608943405026741929277850441086,14.7551775700934579439252336448598130841,1,1001,1,1001,107,42.82,49.54
100744244,AUS / Wgul (AUS) 26th Aug,R1 1785m Pace M,26-08-2013 03:57,6602483,7. Pandoras Jet,0,7,1,6.46388671137821908660685770693609732021,1,1001,1,1001,1377.72,0,0
100744252,AUS / Wgul (AUS) 26th Aug,R5 1785m Pace M,26-08-2013 06:20,5929417,1. Stuck In Second,0,46.29872122224435,1,24.3389877641824249165739710789766407119,1,1001,1,1001,71.92,0,0
100744252,AUS / Wgul (AUS) 26th Aug,R5 1785m Pace M,26-08-2013 06:20,4723627,8. Livia Degerolstein,0,51.40256329537138,1,30.3623683461428978081411898662112154853,1,1001,1,1001,70.26,0,0
100744252,AUS / Wgul (AUS) 26th Aug,R5 1785m Pace M,26-08-2013 06:20,5314548,5. Hi Tech Fury,0,11,1,9.01602409332350623935751137316695046636,1,1001,1,1001,786.94,0,0
100744254,AUS / Wgul (AUS) 26th Aug,R6 2205m Pace M,26-08-2013 06:55,7600787,10. Its My Trick,0,26.214244099116186,1,18.5618249944897509367423407538020718537,1,1001,1,1001,90.74,0,0
100744250,AUS / Wgul (AUS) 26th Aug,R4 2205m Pace M,26-08-2013 05:45,4479399,4. Courageous Spirit,0,34.26257869082504,1,16.8214507129572225666460012399256044637,1,1001,1,1001,96.78,0,0
100744260,AUS / APrk (AUS) 26th Aug,R1 2138m Trot S,26-08-2013 03:11,7197400,1. Bornready,0,3.95,1,3.37107825295723384895359417652411282985,1,1001,1,1001,659.4,0,0
100744260,AUS / APrk (AUS) 26th Aug,R1 2138m Trot S,26-08-2013 03:11,4707733,6. Hezarama,0,12.9294252,1,,1,1001,1,1001,23.1,0,0
100744268,AUS / APrk (AUS) 26th Aug,R5 1660m Pace M,26-08-2013 05:34,7386992,6. Eulo Flyer,0,213.10604863839222,1,59.6350364963503649635036496350364963504,1,1001,1,1001,5.48,0,0
100744268,AUS / APrk (AUS) 26th Aug,R5 1660m Pace M,26-08-2013 05:34,7599686,1. Up The Andy,0,4.117709032616112,1,4.62562140509449465899753492193919474117,1,1001,1,1001,778.88,0,0
100744262,AUS / APrk (AUS) 26th Aug,R2 1660m Pace M,26-08-2013 03:44,7599681,4. Matilda Belle,0,8.508088998837916,1,5.22410236822001527883880825057295645531,1,1001,1,1001,261.8,0,0
100744264,AUS / APrk (AUS) 26th Aug,R3 1660m Pace M,26-08-2013 04:19,5363536,5. Mach Zephyr,0,15.732277359,1,13.9071998696856165499266981593093337677,1,1001,1,1001,368.34,0,0
100744264,AUS / APrk (AUS) 26th Aug,R3 1660m Pace M,26-08-2013 04:19,5753705,1. Whosgunagetit,1,2.36,1,2.26008185295462402283853556811972388567,1,1001,1,1001,1793.46,0,0
100744274,AUS / APrk (AUS) 26th Aug,R8 1660m Pace M,26-08-2013 07:19,5303424,8. Eyes A Bull,0,90,1,48.2140672782874617737003058103975535168,1,1001,1,1001,6.54,0,0
100744280,AUS / GlbD (AUS) 26th Aug,R3 2230m Pace S,26-08-2013 05:20,845379,1. Smooth,0,12.711505994223934,1,6.9382847533632286995515695067264573991,1,1001,1,1001,124.88,0,0
100744282,AUS / GlbD (AUS) 26th Aug,R4 1800m Pace M,26-08-2013 06:00,5536907,2. Walking Ona Dream,0,3.65,1,3.55842747955522873632372930454353009337,1,1001,1,1001,897.54,0,0
100744282,AUS / GlbD (AUS) 26th Aug,R4 1800m Pace M,26-08-2013 06:00,2099144,4. Jetpilot,0,29,1,25.532913165266106442577030812324929972,1,1001,1,1001,142.8,0,0
100744284,AUS / GlbD (AUS) 26th Aug,R5 1800m Pace M,26-08-2013 06:35,5988341,1. Backstreet Lad,0,31.859862376425877,1,18.3244328448102790604296326038948002409,1,1001,1,1001,99.62,0,0
100744284,AUS / GlbD (AUS) 26th Aug,R5 1800m Pace M,26-08-2013 06:35,7272039,8. None The Wiser,0,16.369911755276846,1,19.0351357150520330436648428280227443407,1,1001,1,1001,372.84,0,0
100744286,AUS / GlbD (AUS) 26th Aug,R6 1800m Pace M,26-08-2013 07:12,7600413,5. Arcoona,0,450,1,265.261904761904761904761904761904761905,1,1001,1,1001,1.68,0,0
100744290,AUS / GlbD (AUS) 26th Aug,R8 1800m Pace M,26-08-2013 08:32,7600418,10. Best For Last,1,2.2201807038882544,1,2.12302266683898927291776086938588072892,1,1001,1,1001,7273.18,0,0
100744290,AUS / GlbD (AUS) 26th Aug,R8 1800m Pace M,26-08-2013 08:32,6465895,5. Day Dream Dancer,0,6.8,1,6.03354914030991296964551050732328592655,1,1001,1,1001,753.76,0,0
100744290,AUS / GlbD (AUS) 26th Aug,R8 1800m Pace M,26-08-2013 08:32,7056653,7. Watch Me Sparkle,0,56.8201877,1,121.97299077733860342555994729907773386,1,1001,1,1001,60.72,0,0
100744290,AUS / GlbD (AUS) 26th Aug,R8 1800m Pace M,26-08-2013 08:32,7079226,4. Lookinforagoodtime,0,111.9082409552485,1,55.2581274382314694408322496749024707412,1,1001,1,1001,30.76,0,0
100744278,AUS / GlbD (AUS) 26th Aug,R2 1800m Trot M,26-08-2013 04:45,4397550,4. Saint Timothy,0,19,1,10.6235033259423503325942350332594235033,1,1001,1,1001,90.2,0,0
100744276,AUS / GlbD (AUS) 26th Aug,R1 1800m Pace M,26-08-2013 04:10,6243034,3. Shandorlass,0,6.5172652063984415,1,5.16086069374884066035985902429975885735,1,1001,1,1001,323.46,0,0
100744276,AUS / GlbD (AUS) 26th Aug,R1 1800m Pace M,26-08-2013 04:10,4143645,6. Headhunter,0,30,1,17.0324074074074074074074074074074074074,1,1001,1,1001,79.92,0,0
100744292,AUS / GlbD (AUS) 26th Aug,R9 1800m Pace M,26-08-2013 09:04,5361257,4. Texas Tealsby,1,1.4,1,1.33959251466806603858408410617570945377,1,1001,1,1001,12234.06,0,0
100744298,AUS / Pinj (AUS) 26th Aug,R3 2185m Pace M,26-08-2013 07:04,7342371,10. Bang For Your Buck,0,,1,38.712560386473429951690821256038647343,1,1001,1,1001,28.98,0,0
100744298,AUS / Pinj (AUS) 26th Aug,R3 2185m Pace M,26-08-2013 07:04,7407517,12. Septentrional,0,,1,14.0797675062275117630777747024633268752,1,1001,1,1001,72.26,0,0
100744300,AUS / Pinj (AUS) 26th Aug,R4 2185m Pace M,26-08-2013 07:44,6428514,4. Off The Chain,0,,1,13.0691583899634082592786199686356508103,1,1001,1,1001,191.3,0,0
100744302,AUS / Pinj (AUS) 26th Aug,R5 2185m Pace M,26-08-2013 08:24,7600686,9. Lunar Tide,0,,1,4.87998341417974030695127631294943596851,1,1001,1,1001,1760.54,0,0
100744302,AUS / Pinj (AUS) 26th Aug,R5 2185m Pace M,26-08-2013 08:24,7600687,12. Black Rak,0,,1,89.8525641025641025641025641025641025641,1,1001,1,1001,15.6,0,0
100744302,AUS / Pinj (AUS) 26th Aug,R5 2185m Pace M,26-08-2013 08:24,7384173,7. Imincharge,0,,1,15.9909392265193370165745856353591160221,1,1001,1,1001,90.5,0,0
100744304,AUS / Pinj (AUS) 26th Aug,R6 1684m Pace M,26-08-2013 08:52,3205958,8. It And A Bit,0,,1,5.40225524567003296530793783684788865052,1,1001,1,1001,382.22,0,0
100744306,AUS / Pinj (AUS) 26th Aug,R7 2185m Pace M,26-08-2013 09:24,5695320,12. Lucie Boshier,0,,1,11.1234449446324713304636414418558801301,1,1001,1,1001,608.66,0,0
