EVENT_ID,MENU_HINT,EVENT_NAME,EVENT_DT,SELECTION_ID,SELECTION_NAME,WIN_LOSE,BSP,PPWAP,MORNINGWAP,PPMAX,PPMIN,IPMAX,IPMIN,MORNINGTRADEDVOL,PPTRADEDVOL,IPTRADEDVOL
127821781,AUS / Quea (AUS) 23rd Oct,R1 1000m 3yo,23-10-2016 03:05,11989116,4. Secret Image,0,2.62,2.5184083177703835901734642825032707641,2.52358267135098480924716018412781615507,3,2.34,2.52,2.52,38460.24,37472.82,974.66
127821783,AUS / Quea (AUS) 23rd Oct,R2 1000m Hcap,23-10-2016 03:40,7048279,2. Ketchum,0,8.3158784482209,7.83637600632155626712822988484990184672,7.12927608442798515021635069525849412632,9.4,5,50,6.4,8786.66,7194.38,545.16
127821785,AUS / Quea (AUS) 23rd Oct,R3 900m CL3,23-10-2016 04:15,9133230,8. She Sure Can,0,13,11.7691160449897764831970486404054368059,10.771076342947869806827202963747023022,14.5,9,1,1001,3023.2,2547.54,31.1
127821785,AUS / Quea (AUS) 23rd Oct,R3 900m CL3,23-10-2016 04:15,10198646,5. Little Miss Chelsy,0,142.50305548047552,94.0956486878632273072540897675840900894,85.5165146118944235741815875493974728009,140,50,1000,790,409.94,272.36,10.64
127821789,AUS / Quea (AUS) 23rd Oct,R5 1600m CL1,23-10-2016 05:25,10542036,9. Von Tilly With Luv,0,75,66.2978844744724739918421477411876604017,33.4421410423676440293895488566916157385,80,40,5.1,5.1,291.26,118.86,81.76
127821789,AUS / Quea (AUS) 23rd Oct,R5 1600m CL1,23-10-2016 05:25,9591066,1. Ariake Fire,0,16.5,13.7965324073811939143839273328067285158,11.260621718196916573000721367578721334,16,12,21,21,1192.18,780.98,90.22
127821791,AUS / Quea (AUS) 23rd Oct,R6 900m Mdn,23-10-2016 06:00,11989125,5. Black Dubleon,0,221.76042734019455,134.849840866682897626714927068582232587,61.181736794986571172784243509400179051,120,120,280,220,156.38,46.06,7.56
127821795,AUS / Quea (AUS) 23rd Oct,R8 2000m Cup,23-10-2016 07:15,11746350,6. Only In Red,0,5.068822346759477,5.28697841635907601091705537946477077602,4.90107554024212939307098614018835684077,7,4.7,1,1001,15695.74,13753.68,330.38
127821795,AUS / Quea (AUS) 23rd Oct,R8 2000m Cup,23-10-2016 07:15,1456132,2. Cherokee Warrior,0,35.0815790785197,30.8775976635996809196308491525993162667,26.6526070578905630452022204599524187153,42,26,1,1001,1210.56,936.94,2.7
127821819,AUS / Scne (AUS) 23rd Oct,R7 1100m Hcap,23-10-2016 07:05,8803552,10. Kite Hill,0,9.601655500548656,7.87181857645422210330524956955471541624,6.78266672310923282793718883095686612058,9.6,7.4,8.6,8.6,8504.22,6753.44,306.92
127821807,AUS / Scne (AUS) 23rd Oct,R1 1100m Mdn,23-10-2016 03:30,11989227,1. Queens Gambit,0,85,110.078215095239717362411608389084926788,51.7369149785260917486982630838812663905,180,80,140,85,526.22,219.7,141.78
127821809,AUS / Scne (AUS) 23rd Oct,R2 1300m Mdn,23-10-2016 04:05,11989241,9. Guthrum,0,65.305603922,40.1005162597366942714063394733993634617,40.6729367176981000349074951378846057946,110,40,1,1001,401.06,395.54,5.52
127821811,AUS / Scne (AUS) 23rd Oct,R3 1600m Hcap,23-10-2016 04:40,10675744,3. Marman,0,10.513074648268518,9.61348341609525094849639741910080433278,8.0906447704940099609637905505451608561,10,9,12,12,2525.86,1795.52,147.5
127821811,AUS / Scne (AUS) 23rd Oct,R3 1600m Hcap,23-10-2016 04:40,11989246,6. Valatia,1,3.2562872111564136,3.94950337514095739077752959026004793779,3.32751543881553258006670463674326176223,5.3,3.25,2.88,1.01,24124.26,18104.82,3226.24
127821813,AUS / Scne (AUS) 23rd Oct,R4 1600m CL1,23-10-2016 05:15,11989251,13. Barricade,0,46,60.6151055432208918899911177350965324916,48.3365521553371079231650977804022369655,95,44,95,21,575.78,419.26,46.78
127821815,AUS / Scne (AUS) 23rd Oct,R5 2200m Hcap,23-10-2016 05:50,10710233,9. Malibu Stacy,0,55,27.4697781818343909884646201206715460437,29.5927030625832223701731025299600532623,55,32,75,75,375.5,367.02,8.48
127821823,AUS / Haml (AUS) 23rd Oct,R2 1100m Mdn,23-10-2016 03:35,11989267,2. Crystal Watch,0,26.003735678829962,24.5974290714561579448874880419025992366,18.1869075134827320537299433892741098047,30,17.5,1,1001,1194.12,815.74,20.12
127821823,AUS / Haml (AUS) 23rd Oct,R2 1100m Mdn,23-10-2016 03:35,11989270,10. Rich Praise,0,4.481162941825168,4.18093822694664953472560330761633941925,3.85039435294117647058823529411764705882,4.6,3.7,40,40,5950,4243.02,319.54
127821825,AUS / Haml (AUS) 23rd Oct,R3 1400m Mdn,23-10-2016 04:10,11904209,4. Ten Nuggets,0,26.984182338129468,25.7279900321635012010228367156881710731,20.5028945107398568019093078758949880668,30,20,34,34,1047.5,697.96,33.72
127821825,AUS / Haml (AUS) 23rd Oct,R3 1400m Mdn,23-10-2016 04:10,6290702,1. Blingaling,0,164.27690034035223,125.488609280443696680603850732330647815,85.3966485858194498256489732661759008136,170,100,370,100,206.48,121.96,10.72
127821835,AUS / Haml (AUS) 23rd Oct,R8 1400m Hcap,23-10-2016 07:10,11989281,3. Saratoga Song,0,7.87471014084178,7.82547186297240823519851948725941751358,7.87961651116961495235016088556340738688,12.5,7.2,1,1001,10392.48,10162.76,179.8
127821833,AUS / Haml (AUS) 23rd Oct,R7 2200m Hcap,23-10-2016 06:35,8450695,4. Haylaman,0,46.24905276435078,39.3598775572451585921271425416674016596,40.4598707467962881131241714538223596995,75,36,1,1001,724.16,716.56,7.6
127821839,AUS / Sale (AUS) 23rd Oct,R1 1400m Mdn,23-10-2016 02:50,11810662,7. Charlton,0,1.61,1.62765968449355120435419973426132123132,1.6079428698877776212612104991313330516,1.75,1.52,1.64,1.6,42594,35649.58,4039.62
127821841,AUS / Sale (AUS) 23rd Oct,R2 1400m 3yo,23-10-2016 03:25,11989288,2. Atlantic Fox,0,19.441917987146457,20.1462935887525195416177398940668248424,13.7179792127500069414236397123474043703,23,18,1,1001,2160.94,1284.92,16.96
127821843,AUS / Sale (AUS) 23rd Oct,R3 1100m Mdn,23-10-2016 04:00,11989299,5. Catas Ruby,0,45.732131084837015,39.1010471535996229770446909892673609363,33.0534412955465587044534412955465587045,60,27,490,190,938.6,570.38,10.92
127821845,AUS / Sale (AUS) 23rd Oct,R4 1000m Hcap,23-10-2016 04:35,8465520,2. Cordoba,0,36,24.822427640764869701658765163306841911,25.2142559573404432594567572071321446426,40,26,36,36,960.16,922,38.16
127821853,AUS / Sale (AUS) 23rd Oct,R8 1400m Hcap,23-10-2016 06:55,8820651,11. Rakitiki,0,27.24206556824764,27.9544014202199633285719260101118820093,16.9545532162492726776150950565827128828,60,24,44,44,1684.26,791.54,355.82
127821853,AUS / Sale (AUS) 23rd Oct,R8 1400m Hcap,23-10-2016 06:55,8539218,3. Boom Time,0,5.7,5.00039361988660070859667443960161279814,4.44479925033584009103584172706334880288,5.5,4.4,5.9,3.55,11002.26,8071.36,1318.22
127821853,AUS / Sale (AUS) 23rd Oct,R8 1400m Hcap,23-10-2016 06:55,11989314,1. Proud Wolf,0,14,12.4126311141501924976940442700048442805,10.5758444426269730923366320438374090128,15.5,9.4,1,1001,2445.4,1638.6,71.32
127821847,AUS / Sale (AUS) 23rd Oct,R5 1717m Hcap,23-10-2016 05:10,11989308,5. Kinsman,0,6.253239194661438,5.73069329539318103475784347948069701106,5.25634708565342996821939460235692101592,6.4,5.2,10,10,8300.66,6002.16,488.42
127821849,AUS / Sale (AUS) 23rd Oct,R6 1200m Hcap,23-10-2016 05:45,10557895,4. Oscars My Mate Pa,0,3.2886612902946952,3.33868257043407118376599975219907856765,3.18680674700937124830939745038788895487,3.9,2.8,3.95,2,38699.22,34603.18,1626.14
127821849,AUS / Sale (AUS) 23rd Oct,R6 1200m Hcap,23-10-2016 05:45,956951,6. Perazzi,0,29.741427677,25.8928133238528381199168234908424904369,21.6631049935979513444302176696542893726,30,17,40,40,1562,1156.08,26.84
127821851,AUS / Sale (AUS) 23rd Oct,R7 1600m Listed,23-10-2016 06:20,11989312,5. Lord Van Percy,0,11.5,9.8130754229661771149777199636232014988,8.70475596783848615220302924596150781859,12.5,7.6,7,7,9288.12,7823.78,201.52
127821917,AUS / SCst (AUS) 23rd Oct,R4 1200m 3yo,23-10-2016 05:00,11989208,14. Kitty,0,75,71.9146108890042935444232546296714607939,56.7064532226716394389872353837264274833,95,27,310,50,761.48,436.72,115.72
127821917,AUS / SCst (AUS) 23rd Oct,R4 1200m 3yo,23-10-2016 05:00,11989209,15. Up The Tempo,0,24.283323492322786,18.8591030048996536773025396131887348094,14.2939468781143030460591880064127561853,19.5,17.5,29,21,1846.32,1239.52,99.16
127821917,AUS / SCst (AUS) 23rd Oct,R4 1200m 3yo,23-10-2016 05:00,11989210,17. Chief Joseph,0,44,33.3496402067221178659701298366309395495,26.019374055303636525295634391393260425,48,25,60,36,1124.7,710.16,103.04
127821921,AUS / SCst (AUS) 23rd Oct,R6 1000m Mdn,23-10-2016 06:10,11989223,12. Ace Stryker,0,24.431914859,19.5661713197580227354257063512901556151,19.6911084799278304014433919711321605774,29,18.5,20,20,1773.6,1723.38,50.22
127821921,AUS / SCst (AUS) 23rd Oct,R6 1000m Mdn,23-10-2016 06:10,11989220,9. Natural Black,0,3.7343863988203525,3.16188135942755294008472154584967600127,3.22226527667065423406982203605883757604,4,3.5,4,3.7,17337.22,16666.92,670.3
127821911,AUS / SCst (AUS) 23rd Oct,R1 1600m CL1,23-10-2016 03:15,10442472,3. Brightnbreezy,0,5.1,5.60182868839142855482967420235801631959,5.11621858218358308769291264002939074479,6.4,5,1,1001,6968.18,5895.4,189.42
127821913,AUS / SCst (AUS) 23rd Oct,R2 1400m Mdn,23-10-2016 03:50,11989194,4. Nights Ablaze,0,28,28.5601245588203709161406644163892422784,22.0581028812895091073284601884509874082,48,25,17,17,1173.78,836.12,49.6
127821915,AUS / SCst (AUS) 23rd Oct,R3 1200m CL1,23-10-2016 04:25,9641927,1. Show Command,0,5.34031118233659,3.44243834236887115430329334467363830941,3.48116365572299161144574765551569232074,5.5,4.1,1,1001,8490.14,7883,607.14
127821915,AUS / SCst (AUS) 23rd Oct,R3 1200m CL1,23-10-2016 04:25,11612950,5. Shelter Lady,1,3.0758268745607715,2.763324715258041476822221538866910351,2.64822698244575065827530061299059337808,3.85,2.9,3,3,27625.22,25040.3,2584.92
127821939,AUS / Gawl (AUS) 23rd Oct,R7 1500m Cup,23-10-2016 06:52,11989085,11. Creance,0,11.945134166102509,11.4205472532572721966127248767250801066,8.69627521301689693351947239204736918115,12.5,10.5,11,11,3323.68,2204.88,226.94
127821941,AUS / Gawl (AUS) 23rd Oct,R8 1500m Hcap,23-10-2016 07:27,9612198,8. Pierremont,0,22,19.0098703351288183840867964534462758313,15.0583638583638583638583638583638583639,21,16.5,16,16,1392.3,1045.32,32.06
127821927,AUS / Gawl (AUS) 23rd Oct,R1 1100m Mdn,23-10-2016 03:20,11989066,6. Sou Souni Princess,0,7.8,6.99608357543001042011494364289167667768,7.42575620645700835620780587160170766087,8,6.4,1000,13,5930.92,5091.22,157.56
127821927,AUS / Gawl (AUS) 23rd Oct,R1 1100m Mdn,23-10-2016 03:20,11989063,3. Klunker,0,10,10.0214484272910079907754955123122951333,9.38539030506602862007085998251506924953,12,6.2,13,8.2,3477.28,2975.06,149.78
127821931,AUS / Gawl (AUS) 23rd Oct,R3 1200m Mdn,23-10-2016 04:30,11989070,2. Brunette Downs,0,25.70211608066471,23.8858949298431371802407043709317981315,18.8708921635119304519390837906159442629,28,20,19.5,19.5,1621.9,1058.9,124.88
127821931,AUS / Gawl (AUS) 23rd Oct,R3 1200m Mdn,23-10-2016 04:30,11989073,6. Lunar Joy,0,31.734581192694606,28.6526752290165355698271652357672454202,21.6046155134863461216284134695928966326,42,23,1,1001,1193.8,835.58,22.66
127821931,AUS / Gawl (AUS) 23rd Oct,R3 1200m Mdn,23-10-2016 04:30,11989074,7. Mothervine,0,7.4,7.20222829193495545787711164722055131037,6.43168799045950442425759338054504497873,8.6,6.6,11,11,6792.1,5454.42,219.22
127821933,AUS / Gawl (AUS) 23rd Oct,R4 1200m CL2,23-10-2016 05:05,9325347,11. Thespinis,0,21.83817366468604,23.2862978781658529300352433392733385033,18.9921356717246037681229344076423901768,26,22,1,1001,829.06,629.96,21.14
127821933,AUS / Gawl (AUS) 23rd Oct,R4 1200m CL2,23-10-2016 05:05,11989080,12. All Bar Two,0,90,69.1566954357955896121878099000265511504,46.1634958382877526753864447086801426873,80,46,1,1001,168.2,102.18,1.44
127821935,AUS / Gawl (AUS) 23rd Oct,R5 1100m Hcap,23-10-2016 05:38,11989081,8. Pistolier,0,4.225480463144814,3.93946584729852414257670494126739649269,3.98469312123287919480114676322094038933,5.4,3.8,1,1001,22072.56,21967.28,105.28
127821935,AUS / Gawl (AUS) 23rd Oct,R5 1100m Hcap,23-10-2016 05:38,6864258,7. Last Day,0,8.2,6.39677519399842370873543269227517375053,6.57465003546123708074833538756033574562,8.8,5.6,1,1001,5809.16,5745.24,63.92
127821946,AUS / Nort (AUS) 23rd Oct,R1 1000m 3yo,23-10-2016 05:42,10364312,1. Chin Strap,0,1.98,1.96214967998363916564103864239447482392,1.93702666729060285253772556260689451831,2.24,1.89,4,1.97,56843.42,52981.64,833.66
127821948,AUS / Nort (AUS) 23rd Oct,R2 1100m Mdn,23-10-2016 06:25,11989399,4. Slick Whisper,1,2.5,2.62172222985918727859565463365394752195,2.42733579409198632250505544147200671657,3,2.4,1,1001,25536.84,21890.4,1149.58
127821950,AUS / Nort (AUS) 23rd Oct,R3 1100m CL3,23-10-2016 07:00,10166660,7. Spy Scandal,0,17.73116045963019,16.7598635393196181500394442057904520989,13.152168818560221401390454296905513832,18,15,18,15.5,1792.22,1154.4,90.84
127821950,AUS / Nort (AUS) 23rd Oct,R3 1100m CL3,23-10-2016 07:00,8127853,6. Dandy Fine,0,220,251.214291016174015519853820098912925065,142.093426658551430310407790626902008521,300,160,200,13.5,197.16,87.92,59.9
127821950,AUS / Nort (AUS) 23rd Oct,R3 1100m CL3,23-10-2016 07:00,11821387,4. Our Bay Roe,1,5.49197627661666,5.64295641385200251757632696755856378152,4.08819947106908158358711331944221830422,6,5.1,1,1001,4991.2,2954.74,757.64
127821950,AUS / Nort (AUS) 23rd Oct,R3 1100m CL3,23-10-2016 07:00,8705083,8. Supreme Joy,0,49.258350204478475,48.5117418663439630435146262414032176009,30.935208771735518883597297596633071215,55,40,50,50,361.16,179.1,22.3
127821960,AUS / Nort (AUS) 23rd Oct,R8 1600m Listed,23-10-2016 09:47,8915764,3. Vengabus,0,37.91346418737143,40.3340545413616647403372462289723799121,22.74245677888989990900818926296633303,60,26,1,1001,1099,479.12,1.68
127821962,AUS / Nort (AUS) 23rd Oct,R9 1300m CL1,23-10-2016 10:22,9974822,8. Rotana Beach,0,5.230801556321057,6.8715043180318317157253004644220260379,4.44414537122313334295003384338833346279,16.5,5.6,1,1001,7209.68,3428,126.86
127821954,AUS / Nort (AUS) 23rd Oct,R5 1300m Mdn,23-10-2016 08:12,11989418,16. Cinderellas Dream,0,172.190581965,199.14524468844899480573148641394490107,128.848538634481126493906046621701573778,270,170,1,1001,169.02,93.62,.34
127821956,AUS / Nort (AUS) 23rd Oct,R6 1600m Mdn,23-10-2016 08:47,11989425,12. Sizedoesntmatter,0,140,69.7900680425909459743736447150167575645,72.2666427632365244412573204254810565316,150,110,95,95,167.34,160.54,6.8
127821958,AUS / Nort (AUS) 23rd Oct,R7 1600m CL3,23-10-2016 09:17,869919,4. Beg To Differ,0,3.5,3.8324043484447850774395302797549661646,3.35798308306000554082093267902566794984,5.2,3.55,5.9,5.9,10323.38,8220.22,282.44
127821958,AUS / Nort (AUS) 23rd Oct,R7 1600m CL3,23-10-2016 09:17,8918130,6. Born Regal,0,13,13.6031809941606183886340322560516874139,9.30305820637312350019532339974328924605,15,12,11.5,10,1075.14,598.74,111.5
127821994,AUS / ASpr (AUS) 23rd Oct,R2 1100m Mdn,23-10-2016 06:37,11989388,3. Onelastdig,0,70,73.5006016247280077601429774889979083341,22.0733236854799807042932947419199228172,1,1001,1,1001,41.46,6.74,1.16
127821994,AUS / ASpr (AUS) 23rd Oct,R2 1100m Mdn,23-10-2016 06:37,11904364,6. Shes Nice,0,24,26.6718442879686406462893644184207657334,11.1995850212429601818002173698251160953,25,25,1,1001,202.42,44.56,30.76
127821998,AUS / ASpr (AUS) 23rd Oct,R4 1000m Hcap,23-10-2016 07:57,3369233,3. Van Persie,0,6.63881709210167,4.28955285019000522561024548082492356219,4.12573957208890365080683107752774779263,6,5.1,3.5,2,2890.32,2178.8,530.18
127822000,AUS / ASpr (AUS) 23rd Oct,R5 1400m Hcap,23-10-2016 08:32,6139421,3. Hillbilly Rich,0,10.445670436,7.1612046459118603976586469519899186432,6.83858644387548847864169249427300902843,9.2,6.4,1,1001,2077.88,1455.88,50.78
127822000,AUS / ASpr (AUS) 23rd Oct,R5 1400m Hcap,23-10-2016 08:32,9443452,10. Girl Happy,0,6.922941119401148,8.17785590623863432950901456496016565773,6.00476092739802805560599003765482289603,8.8,7,1,1001,2533.54,1484.8,33.54
127822768,AUS / Dubb (AUS) 23rd Oct,R2 1720m Pace M,23-10-2016 04:41,11989506,5. Its A Shakedown,0,,2.94068686709762018716882288885669907418,2.6381135221282334191491970087041804585,3.2,3.2,1,1001,815.7,632.94,182.76
127822774,AUS / Dubb (AUS) 23rd Oct,R5 2120m Pace M,23-10-2016 06:25,11989512,5. Our Toy Doll,0,,23.0154985772609179759990102684646789558,23.0154985772609179759990102684646789558,55,18.5,1,1001,646.64,646.64,0
127822822,AUS / Mary (AUS) 23rd Oct,R1 1690m Trot M,23-10-2016 04:20,8459983,5. Sheza Amason,0,2.9646694943841796,3.60354082013735006750281926734492165342,2.8582963455228706554098956672557299567,5.2,2.82,3.7,2,6711.22,3877.14,984.42
127822832,AUS / Mary (AUS) 23rd Oct,R6 2690m Trot S,23-10-2016 07:18,8667767,7. Majestic Ess Jay,0,21.230399265,24.7720097647984602834430622402128491859,10.9824697336561743341404358353510895884,1,1001,14,14,330.4,32.86,130.14
127822834,AUS / Mary (AUS) 23rd Oct,R7 2190m Pace M,23-10-2016 07:50,11989691,7. Sheluvsme,0,11.602509343575221,13.4515896340732218871494103275396002136,8.05820737605804111245465538089480048368,14,12.5,1,1001,661.6,233.88,17.16
127822834,AUS / Mary (AUS) 23rd Oct,R7 2190m Pace M,23-10-2016 07:50,11746146,10. Larisas Advice,0,30,29.6989812450391363611728469677331052072,21.8484191382204812534974818130945719082,36,24,1,1001,357.4,200.6,60.1
127822836,AUS / Mary (AUS) 23rd Oct,R8 2690m Pace M,23-10-2016 08:17,7017237,10. Flaming Flutter,0,34,28.7262639228055101640433379755611408814,20.9247906289342602222343861185614976189,38,25,1,1001,365.38,259.16,.22
127822841,AUS / Kalg (AUS) 23rd Oct,R1 2150m Pace M,23-10-2016 06:16,11989676,5. Fergie Nike,0,,71.4911886014248218972628421447319085114,143.733333333333333333333333333333333333,1,1001,1,1001,.3,.08,.22
127822843,AUS / Kalg (AUS) 23rd Oct,R2 1750m Pace M,23-10-2016 06:54,7539418,1. Sheza Royal Star,0,,12.9919430473183503650218082169734536811,12.2443006936602677851266333279561219552,20,16.5,1,1001,495.92,365.06,130.86
127822843,AUS / Kalg (AUS) 23rd Oct,R2 1750m Pace M,23-10-2016 06:54,8818423,7. Cantstoptherich,0,,73.6082928340303206612761327098104636395,124.623694634497659344616492617933021246,110,75,270,190,55.54,37.08,18.46
127822847,AUS / Kalg (AUS) 23rd Oct,R4 2550m Pace M,23-10-2016 08:07,7219996,6. Tsar Bomb,0,,177.642262630390343427953410654802893121,176.822429906542056074766355140186915888,290,110,1,1001,10.7,10.18,.52
127822851,AUS / Kalg (AUS) 23rd Oct,R6 2150m Pace M,23-10-2016 09:13,10508482,1. Laughing Child,0,,10.4602470772092137083910241185447366009,7.75898446969696969696969696969696969697,10,9,2.82,2.82,1056,675.18,380.82
127822851,AUS / Kalg (AUS) 23rd Oct,R6 2150m Pace M,23-10-2016 09:13,7056192,10. Secret Delight,0,,24.3726593951726326129587426350578468709,26.9000660356592559982390490865067136254,29,29,1,1001,90.86,90,.86
127822851,AUS / Kalg (AUS) 23rd Oct,R6 2150m Pace M,23-10-2016 09:13,10715849,6. Four Legged Fury,0,,11.9754447262892660501345439827806481363,13.2238437821171634121274409044193216855,11.5,11.5,1,1001,194.6,193.86,.74
127822855,AUS / Kalg (AUS) 23rd Oct,R8 2518m Pace S,23-10-2016 10:07,5565161,7. Bettors Ace,0,,6.65730331543463721311796481669960076843,6.46474235408357341765041048399393302249,8,5,5,5,2492.18,2285.48,206.7
127822857,AUS / Kalg (AUS) 23rd Oct,R9 2150m Pace M,23-10-2016 10:32,10394436,1. Times Of Glory,0,,5.5211084927034850540116993098083247237,5.63236577397584146498731891845419765293,6,5,60,60,1861.04,1829.02,32.02
127822857,AUS / Kalg (AUS) 23rd Oct,R9 2150m Pace M,23-10-2016 10:32,10517606,7. Excelnsucceed,0,,82.5734128187238613486953214145690391989,80.5212636695018226002430133657351154314,110,60,50,50,82.3,72.86,9.44
127822857,AUS / Kalg (AUS) 23rd Oct,R9 2150m Pace M,23-10-2016 10:32,5843941,5. Dilinger Dreaming,0,,10.1186748177418159396853194330211461858,10.3635245046923879040667361835245046924,1,1001,1,1001,191.8,191.48,.32
127822869,AUS / Hoba (AUS) 23rd Oct,R5 2090m Pace S,23-10-2016 10:02,8707796,7. Karalta Dazzler,0,27,28.1560008767410162219396566544817281982,17.7297830374753451676528599605522682446,30,26,70,28,294.06,138.96,16.76
127822869,AUS / Hoba (AUS) 23rd Oct,R5 2090m Pace S,23-10-2016 10:02,4559867,2. Jukebox Music,0,16.147087389247027,16.4870385383497066681824445168807571955,12.7902425320722914130536567094297218841,18,17,1,1001,427.16,297.88,9.14
127822875,AUS / Hoba (AUS) 23rd Oct,R8 2090m Pace M,23-10-2016 11:35,9465605,6. Smilin Geoff,0,1.8905536463289536,1.91406654530874649016980077682565457344,1.90722658080562165819714665185357902942,2.08,1.85,100,100,17498.04,15982.56,459.12
127822875,AUS / Hoba (AUS) 23rd Oct,R8 2090m Pace M,23-10-2016 11:35,9672121,7. Goggo Gee Gee,0,14.795587685,13.0685563815385065989628519317501533239,11.0855238936749871143509314483469553052,14.5,13,1,1001,543.24,398.78,1.12
127822877,AUS / Hoba (AUS) 23rd Oct,R9 2090m Pace M,23-10-2016 12:00,9312420,2. Tried And True,0,18,17.3134761666288869733881591731428673737,17.2441852010734364023970776801046599063,18.5,14,29,11,303.58,438.56,69.06
127822879,AUS / Hoba (AUS) 23rd Oct,R10 2090m Pace M,23-10-2016 12:25,6405044,4. Aninchofhislife,0,8.160595792646344,8.77744017755465118725423948419518441581,12.4998795824127496047161809823980900724,9.4,8.8,5.2,4.2,3.82,895.78,313.46
127822861,AUS / Hoba (AUS) 23rd Oct,R1 2090m Pace M,23-10-2016 08:00,6646185,10. Boutique Art,0,38,6.74034820501173644531719299940129904124,14.2505384063173007896625987078248384781,1,1001,1,1001,55.72,53.92,1.8
127822861,AUS / Hoba (AUS) 23rd Oct,R1 2090m Pace M,23-10-2016 08:00,8801537,3. Dellas Command,0,15.86030387487262,14.1902345285396520022790532562825181842,15.0477149278891178123244053193481925454,16,14.5,17.5,17.5,640.68,579.96,60.72
127822863,AUS / Hoba (AUS) 23rd Oct,R2 1609m Pace M,23-10-2016 08:30,2592316,10. Brush With Danger,0,230,60.0292360684372776508768675498190006535,62.0036452004860267314702308626974483597,100,100,1,1001,32.92,32.82,.1
127822863,AUS / Hoba (AUS) 23rd Oct,R2 1609m Pace M,23-10-2016 08:30,9166596,9. Girls Rockthe Boys,0,19.49433627335587,11.2519928959884441794431473281657849102,12.6926315789473684210526315789473684211,18.5,18.5,1,1001,190,172.94,17.06
127822867,AUS / Hoba (AUS) 23rd Oct,R4 2090m Pace S,23-10-2016 09:32,9325217,6. Future Promises,0,5.711132183554037,6.02708021439620538511391621235251417815,5.84982104785884486634059753615219131962,6.6,5.7,9,6,2073.18,1240.52,464.68
127822871,AUS / Hoba (AUS) 23rd Oct,R6 1609m Pace M,23-10-2016 10:37,7332859,7. Watch This Spot,0,8.8,8.36186082873058317976884914280877106393,7.61472715318869165023011176857330703485,9,7,1,1001,1733.94,1435.5,39.1
127822871,AUS / Hoba (AUS) 23rd Oct,R6 1609m Pace M,23-10-2016 10:37,8564577,9. Sioux West,0,17.276572524,17.5230540214782683280949610110040189168,14.659228833629366489046773238602723505,19.5,17,1,1001,270.24,150.42,21.4
127822871,AUS / Hoba (AUS) 23rd Oct,R6 1609m Pace M,23-10-2016 10:37,10494900,4. Chasing Cheetahs,0,3.6,3.35780355326982673147307604391018805773,1.6991911079691798463376407018928309166,3.65,2.9,3.15,1.01,7299.12,1384.02,5191.56
127822873,AUS / Hoba (AUS) 23rd Oct,R7 2090m Pace S,23-10-2016 11:07,6565675,5. Cromac Jamie,0,65,51.1569650658001665010341178236751567306,43.8790508374963267704966206288568909786,55,40,85,70,136.12,80.6,14.5
127822873,AUS / Hoba (AUS) 23rd Oct,R7 2090m Pace S,23-10-2016 11:07,7562272,7. Sutter Man,0,6.424346631749067,5.34702070555970669744465348082835388066,4.10392978576941529860864849079037944054,5.3,5.3,6,6,958.78,456.3,365.48
127822873,AUS / Hoba (AUS) 23rd Oct,R7 2090m Pace S,23-10-2016 11:07,8867954,8. Musselroe Bay,0,49.6592165387771,67.4297770738864638687693026815811288088,35.3317552724077328646748681898066783831,82.37,55,590,50,91.04,22.66,13.6
127821787,AUS / Quea (AUS) 23rd Oct,R4 1460m CL3,23-10-2016 04:50,8405805,3. Thats Freedom,1,2.1235745026782658,2.23112533719297596998223491678035028487,1.84426249641360102448548295673228318906,2.6,2.12,2.22,1.01,17148.12,9371.86,4951
127821789,AUS / Quea (AUS) 23rd Oct,R5 1600m CL1,23-10-2016 05:25,11989120,4. Mustang Dylan,0,38.11650874,38.4466742164301551741836612688441650359,23.6892040857605177993527508090614886731,48,30,1,1001,395.52,204.34,71
127821793,AUS / Quea (AUS) 23rd Oct,R7 1460m Mdn,23-10-2016 06:40,9294269,8. My Foolish Notion,0,10.787027924237915,10.5134005759911999010124145067572595654,8.82814954170586047732592479163476472776,12,8.8,11.5,11.5,3657.04,2720.26,98.1
127821819,AUS / Scne (AUS) 23rd Oct,R7 1100m Hcap,23-10-2016 07:05,9104248,13. Zroya,1,27,22.507762319643697815455845516809012221,16.8393687437437437437437437437437437437,26,19.5,27,27,1598.4,1059.84,147.32
127821807,AUS / Scne (AUS) 23rd Oct,R1 1100m Mdn,23-10-2016 03:30,11989234,9. Unbridled Power,0,5.602084113218587,4.74108933160308332131344474411063084566,3.95967384088152716941803926222911250153,5.2,3.6,11,3.75,5392.46,3752.78,459.78
127821807,AUS / Scne (AUS) 23rd Oct,R1 1100m Mdn,23-10-2016 03:30,10554808,5. Hazlebrook,0,18.54141748,19.6254025642030569882407210047142872968,9.5090463158981773119223421283626787835,26,14.5,1,1001,1936.7,673.96,76.1
127821807,AUS / Scne (AUS) 23rd Oct,R1 1100m Mdn,23-10-2016 03:30,11989230,4. Nikkas N A Twist,0,12.431239132477785,11.3135067243053695864083059863243744597,9.32339240743927046346842689774913578702,12.5,10,80,40,1278.62,723.38,45.12
127821809,AUS / Scne (AUS) 23rd Oct,R2 1300m Mdn,23-10-2016 04:05,11989243,11. Champagne Kisses,0,229.42999734263284,123.703262497404620845373395907174721475,124.35724009457619832342193881206563015,270,100,1,1001,279.14,278.1,1.04
127821811,AUS / Scne (AUS) 23rd Oct,R3 1600m Hcap,23-10-2016 04:40,10866711,8. Precocious,0,8.4,7.42907130962577123553268742863898228792,6.23782256667821267751991686872185659855,8.4,7,11,11,2771.52,1778.8,128.94
127821817,AUS / Scne (AUS) 23rd Oct,R6 1300m CL3,23-10-2016 06:30,11989257,4. Veravarti,0,28,22.1603862858230288171403557213953369357,18.7949695370279868373896328152999055159,30,14,28,20,1841.58,1357.18,123.82
127821831,AUS / Haml (AUS) 23rd Oct,R6 2200m Cup,23-10-2016 05:55,5054500,1. Crafty Cruiser,0,36,29.4272718181826002129144408376376107641,22.7159022457836940374588564271358247648,36,22,90,90,686.62,432.44,69.72
127821821,AUS / Haml (AUS) 23rd Oct,R1 1400m Mdn,23-10-2016 03:00,11781460,1. Jimmie Jim,0,22,24.4377614521496077551251179647538207582,19.8832679738562091503267973856209150327,40,20,22,22,1269.9,855.02,196.84
127821821,AUS / Haml (AUS) 23rd Oct,R1 1400m Mdn,23-10-2016 03:00,11989263,2. Nahanni,1,5.603844582493766,5.38863996685016403322924982339159321858,4.44816236417620820849597750457050709046,5.8,4.8,1,1001,13357.38,10023.54,1982.42
127821823,AUS / Haml (AUS) 23rd Oct,R2 1100m Mdn,23-10-2016 03:35,11500398,9. Mental As Anything,0,2.86,3.19447554787513101433367858194660691448,3.04965438376097556124934950429741492179,4.8,2.94,1000,2.3,18101.58,14174.34,1767.54
127821825,AUS / Haml (AUS) 23rd Oct,R3 1400m Mdn,23-10-2016 04:10,11989272,7. Secret Treaty,0,50,59.2119744171405232008355917974827093065,45.4895140928530942443448240325655691245,85,46,85,85,388.14,282.94,7.44
127821827,AUS / Haml (AUS) 23rd Oct,R4 1600m Hcap,23-10-2016 04:45,6995975,7. Son Of Coco,1,12.127551768783018,13.8851622222266282903815240713417196018,6.9677148334469848050126732112759414845,17,11.5,14,10,7772.3,3127,4016.06
127821827,AUS / Haml (AUS) 23rd Oct,R4 1600m Hcap,23-10-2016 04:45,9291494,6. Unfurl,0,9.6,9.92971223752022214578568227797375847405,9.05039025756999619749034362679368383133,12,9,12,9.2,3997.36,3026.58,443.66
127821827,AUS / Haml (AUS) 23rd Oct,R4 1600m Hcap,23-10-2016 04:45,10442383,5. Schopenhauer,0,3.605515171344668,3.75400726224192261430216479085757842653,3.69882396456411870864766613160455152596,4.1,3.4,1000,3,15437.46,11817.7,1082.9
127821835,AUS / Haml (AUS) 23rd Oct,R8 1400m Hcap,23-10-2016 07:10,9104343,4. Chu Chu Charlie,0,10.5,8.56597955665374213410584733770542336495,8.93489210568799440348705806382177258785,19,9,13,13,7061.54,6645.64,391.7
127821841,AUS / Sale (AUS) 23rd Oct,R2 1400m 3yo,23-10-2016 03:25,11866498,5. Fast Stryke,0,3.45,3.54042484180894349432313519132553108589,3.36437078467455162186179222425714381918,4.4,3,24,3.7,27322.92,24171.04,871.22
127821841,AUS / Sale (AUS) 23rd Oct,R2 1400m 3yo,23-10-2016 03:25,11989289,4. Dinner Lake,0,4.6231027554377935,5.30263165150679528484032448125381421351,4.37984598757469477119169972876297788965,6,4.6,6.6,4.6,14341.7,9906.58,555.86
127821849,AUS / Sale (AUS) 23rd Oct,R6 1200m Hcap,23-10-2016 05:45,9555359,10. White House Lady,0,4.6405088335316655,5.63988032403639985079524431517792287063,4.75165345219355943927106531386663132751,8.6,4.7,8.2,5.5,18562.98,13246.58,589.28
127821851,AUS / Sale (AUS) 23rd Oct,R7 1600m Listed,23-10-2016 06:20,11989313,9. First Course,1,12.5,12.0708863696243598380141086535347793692,8.1668518433338699661921298958165635565,14,10,11,8.6,6956.96,3856.48,1691.84
127821917,AUS / SCst (AUS) 23rd Oct,R4 1200m 3yo,23-10-2016 05:00,11989211,18. Centenario,0,273.44472652651376,214.737119213476453262198772714712553181,251.971456870160273725913920403385557356,310,130,720,620,222.12,127.22,41.1
127821917,AUS / SCst (AUS) 23rd Oct,R4 1200m 3yo,23-10-2016 05:00,11618677,2. Baby Merlin,0,11.355368055116998,14.3488255280707497807030652653668889817,11.6721316680779000846740050804403048264,17,10.5,1,1001,4157.12,3108.6,92.88
127821921,AUS / SCst (AUS) 23rd Oct,R6 1000m Mdn,23-10-2016 06:10,11989226,17. Zooming Away,0,32,20.6636944915839124279766946482081331908,21.5319250909736398331410313304340108281,36,29,95,95,676.02,669.36,6.66
127821921,AUS / SCst (AUS) 23rd Oct,R6 1000m Mdn,23-10-2016 06:10,11989225,16. Single Lass,0,205.498611407,121.201826167443656154782400273172760567,118.034956976029502151198524892440073755,240,110,240,40,260.32,229.2,31.12
127821911,AUS / SCst (AUS) 23rd Oct,R1 1600m CL1,23-10-2016 03:15,9010681,6. Steering,0,4.216714991,3.99756078181328451754280567327344207949,3.73378140548208947661752039317018797183,4.2,3.85,4.2,3.7,9868.5,7504,1289.88
127821925,AUS / SCst (AUS) 23rd Oct,R8 1400m CL2,23-10-2016 07:23,9249747,4. Lakota Sioux,0,4.188926084257474,4.1039342562451953593592576790147753594,3.2801045606765123954995542920471245814,5,3.9,6.8,6.8,8301.4,5603.46,180.06
127821913,AUS / SCst (AUS) 23rd Oct,R2 1400m Mdn,23-10-2016 03:50,8586494,1. Hay Life,1,16.728548855,18.4698813148876564274395544398007442533,9.5031738864730273691015520437178341086,23,14.5,24,24,3959.94,1808.42,1620.88
127821915,AUS / SCst (AUS) 23rd Oct,R3 1200m CL1,23-10-2016 04:25,10537750,6. Savage Hood,0,26.55126691586338,17.2939066004267243188832517055656695076,17.5004222559021572752429856508396106197,30,19,1,1001,2652.42,2628.48,23.94
127821939,AUS / Gawl (AUS) 23rd Oct,R7 1500m Cup,23-10-2016 06:52,6970137,14. Kings Pardon,1,35.68993116078899,31.6633499583291616327380719341691614506,11.5281169514983752557467805993501022987,42,25,1,1001,2658.88,827.42,1545.4
127821939,AUS / Gawl (AUS) 23rd Oct,R7 1500m Cup,23-10-2016 06:52,11989086,13. Eigelstein,0,44.014430558,41.1813547826146683062100893786179195183,23.9148193293804103051463752246761564366,60,29,1,1001,968.06,492.68,6.42
127821941,AUS / Gawl (AUS) 23rd Oct,R8 1500m Hcap,23-10-2016 07:27,11989090,14. Meadows Journey,0,106.55046816549844,101.590497873642685525792424686817264639,61.2138328011872105050141655798893735666,130,80,1,1001,444.74,221.18,.76
127821933,AUS / Gawl (AUS) 23rd Oct,R4 1200m CL2,23-10-2016 05:05,10834445,4. Miss Murra,1,6.396188008,6.70619046397481356046145162707941946279,5.39796012265034739208144290012437691641,9.2,5.9,6.2,6.2,6255.18,4472.4,1023.8
127821933,AUS / Gawl (AUS) 23rd Oct,R4 1200m CL2,23-10-2016 05:05,10658882,8. Cataluna,0,113.89192601261777,98.2367441566055204675877615355186982698,65.9395598823648717168644153736943514857,150,75,380,380,197.22,104.3,3.56
127821937,AUS / Gawl (AUS) 23rd Oct,R6 1700m Hcap,23-10-2016 06:15,10384987,4. Mighty Maher,0,26.466183821866295,23.4584816457130855899755795491826162983,20.0537993191340782122905027932960893855,25,20,1,1001,1374.72,1036.54,65.68
127821946,AUS / Nort (AUS) 23rd Oct,R1 1000m 3yo,23-10-2016 05:42,11933821,3. Secret River,0,32.413058076683946,43.6732742576517994234078007537659228812,27.6186915233673207494341911850486478919,60,19.5,1,1001,857.18,432.1,5.92
127821950,AUS / Nort (AUS) 23rd Oct,R3 1100m CL3,23-10-2016 07:00,11989403,2. Chantego Star,0,2.714855136426559,2.66407683779651666824861754401066541838,2.52488831131093155970263703799368789804,3.5,2.5,5.9,2.52,24777.8,20430.28,1377.4
127821960,AUS / Nort (AUS) 23rd Oct,R8 1600m Listed,23-10-2016 09:47,6617672,6. Bedamijo,0,19.5,20.8152491560390295499979691766652438723,16.4341929014003796425629454532430786863,48,16.5,1,1001,1675.26,1231.52,35.18
127821960,AUS / Nort (AUS) 23rd Oct,R8 1600m Listed,23-10-2016 09:47,11989428,9. Gris Caro,0,145.379507303,220.051039263654656092341614771639401088,68.2849760335530257639304973037747153984,300,120,1,1001,267.04,57.98,.04
127821960,AUS / Nort (AUS) 23rd Oct,R8 1600m Listed,23-10-2016 09:47,9287194,8. Dark Alert,0,19.279962566,17.5919249545670171001657735466555603034,13.9696294906989036471210080308274650889,27,10,1,1001,2345.96,1737.92,26.48
127821960,AUS / Nort (AUS) 23rd Oct,R8 1600m Listed,23-10-2016 09:47,10148453,10. Military Ruler,0,15.897083460786384,14.2243697619059163581467903457083469511,11.5873540520125175353404553793029027733,16,12,12,12,1853.4,1210.22,124.64
127821952,AUS / Nort (AUS) 23rd Oct,R4 2200m CL1,23-10-2016 07:31,11891277,7. Explosive Queen,1,5.2,4.64438260129905622882133575782232755082,2.84523753488540672457744862331009653139,5.3,4.2,5,1.01,8277.1,3141.28,4266.02
127821952,AUS / Nort (AUS) 23rd Oct,R4 2200m CL1,23-10-2016 07:31,11989406,5. Little Miss Mak,0,2.9873315033050316,3.10416991839863595821027378386551695991,3.16714033464966507353619604731412965253,3.65,2.68,1000,2.84,17341.12,12064.16,3479.98
127821954,AUS / Nort (AUS) 23rd Oct,R5 1300m Mdn,23-10-2016 08:12,11989409,3. Sharpbob,0,14,13.0645805547076208799085854084892282695,11.1495964809384164222873900293255131965,14,12.5,1,1001,1705,1288.3,52.26
127821954,AUS / Nort (AUS) 23rd Oct,R5 1300m Mdn,23-10-2016 08:12,11989411,7. Sing Four Us Dan,0,29,30.3063946240366853404479801948495738488,26.2667471593971669433604277613678014704,55,25,1,1001,927.62,733.22,5.98
127821954,AUS / Nort (AUS) 23rd Oct,R5 1300m Mdn,23-10-2016 08:12,11989413,10. Kooltatt,0,17.25777285788674,16.8339683000373301181481726216889978369,14.5307628309169519496992594007010461136,26,14.5,1,1001,1466.38,1159.68,18.02
127821954,AUS / Nort (AUS) 23rd Oct,R5 1300m Mdn,23-10-2016 08:12,11989417,15. Winedown,0,19,17.5134483156322825164972801369534547122,15.1606639890182520717880929381259850526,19.5,16.5,1,1001,1966.9,1635.62,5.2
127821956,AUS / Nort (AUS) 23rd Oct,R6 1600m Mdn,23-10-2016 08:47,11989426,14. Picadillys Secret,0,200,76.4968234973380542186623071736855737839,77.3738465001125365743866756695926176007,260,160,1,1001,88.86,88.48,.38
127821958,AUS / Nort (AUS) 23rd Oct,R7 1600m CL3,23-10-2016 09:17,8291822,8. Baggy Eyes,0,13,15.0505020236897769899665753683946287475,10.2053405212534905367669872789326714241,17.5,12.5,15,11,2578.4,1471.38,125.04
127821996,AUS / ASpr (AUS) 23rd Oct,R3 1000m Hcap,23-10-2016 07:14,8201026,5. Maboots,0,12.541666419515385,9.6390279747593174999877446373244667347,8.09223017300029157352512391874817766547,10.5,8.4,3.15,3.15,1646.24,951.42,338.44
127821998,AUS / ASpr (AUS) 23rd Oct,R4 1000m Hcap,23-10-2016 07:57,2761082,8. Full Marks,0,21.954038245719854,14.9770996338371160376768165975732701041,16.9837999826273272142919188117091814576,22,18,75,75,690.74,668.58,22.16
127822000,AUS / ASpr (AUS) 23rd Oct,R5 1400m Hcap,23-10-2016 08:32,6405278,5. Randi,0,17.808169724792528,13.021436725503670372792298183143684864,9.43858023565461642286506402072009630467,15,9.6,1,1001,548.26,277.74,7.34
127822770,AUS / Dubb (AUS) 23rd Oct,R3 2120m Pace M,23-10-2016 05:17,10511678,1. Oozing Potential,0,,17.2122188663642801190478249062610409764,17.6181346436443791329904481998530492285,25,11.5,1,1001,435.52,434.88,.64
127822772,AUS / Dubb (AUS) 23rd Oct,R4 2120m Pace M,23-10-2016 05:51,7035022,5. Midnight Montana,0,,29.0008397437425509096776116650862125395,32.1171247357293868921775898520084566596,32,28,1,1001,47.3,46.9,.4
127822774,AUS / Dubb (AUS) 23rd Oct,R5 2120m Pace M,23-10-2016 06:25,11989510,3. Its A Bitter Sweet,0,,7.83371569371388949028220169045219068144,7.93514385507932749230404925408477385745,1,1001,9,9,675.68,381.66,294.02
127822776,AUS / Dubb (AUS) 23rd Oct,R6 1720m Pace M,23-10-2016 07:04,1474417,4. Take Command,0,,3.0638511566075540119194294223946068718,3.11462738252766125172442917874940172865,3.1,3.05,2.94,2.94,2841.52,1923.14,918.38
127822822,AUS / Mary (AUS) 23rd Oct,R1 1690m Trot M,23-10-2016 04:20,7455217,2. Kit Keller,0,110,87.4369369889410275597947525243991137709,63.3154861944777911164465786314525810324,65,55,550,550,83.3,47.64,.52
127822822,AUS / Mary (AUS) 23rd Oct,R1 1690m Trot M,23-10-2016 04:20,9617471,6. Desert Flyer,0,4.4,5.29948680823583199224134729250466726266,4.63816274354227276734549942695935819448,6,4.8,7.6,7.6,2268.6,1614.94,209.94
127822826,AUS / Mary (AUS) 23rd Oct,R3 2190m Trot S,23-10-2016 05:29,9954171,2. Truscott Law,0,8.2,8.70067822983421611761881487201400257047,15.8303501619568859600134033284932424886,9,8.8,1000,50,716.24,494.34,76.6
127822826,AUS / Mary (AUS) 23rd Oct,R3 2190m Trot S,23-10-2016 05:29,10561676,8. Scottish Sardius,0,55,49.9996218678698299434345201194588852047,17.4326895565092989985693848354792560801,50,50,50,50,55.92,6.22,11.22
127822826,AUS / Mary (AUS) 23rd Oct,R3 2190m Trot S,23-10-2016 05:29,11989688,5. Sky Me A River,0,9,9.33734467529200751419213251143011030281,5.24003409872129795132682524405334799945,1,1001,1,1001,727.3,257.42,339.48
127822826,AUS / Mary (AUS) 23rd Oct,R3 2190m Trot S,23-10-2016 05:29,11989689,11. Glenferrie Belle,1,11,14.0187068196238323523365499043629436035,4.83530413937337226738221134874911214584,14.5,13.5,1,1001,2027.36,551.58,1267.48
127822828,AUS / Mary (AUS) 23rd Oct,R4 1690m Pace M,23-10-2016 06:04,8276238,7. Bernies Idol,0,4.4,4.95609743453084739606117397149196315512,3.99276684297903555847264584378981506506,5.5,4.5,1,1001,2590.1,1762.96,187.12
127822830,AUS / Mary (AUS) 23rd Oct,R5 2190m Pace M,23-10-2016 06:43,6889919,3. Tearitup,0,55,96.428996684677460534801430524796834841,37.8426919900908340214698596201486374897,1,1001,1,1001,48.44,8.46,1.52
127822834,AUS / Mary (AUS) 23rd Oct,R7 2190m Pace M,23-10-2016 07:50,11861507,4. Carl Mattgregor,0,2.86,3.05606294190161755514307538305606572379,2.76838110855350267869874315047564726732,3.3,2.74,180,1.81,9818.2,6100.9,2107.38
127822834,AUS / Mary (AUS) 23rd Oct,R7 2190m Pace M,23-10-2016 07:50,11933809,6. Chippie Tanna,0,15.8069355412171,16.5549965764445865349107214845798345204,12.1265057326689565091190556818731556287,17,15.5,1,1001,413.42,217.42,14.26
127822836,AUS / Mary (AUS) 23rd Oct,R8 2690m Pace M,23-10-2016 08:17,3689920,6. Smudge Bromac,0,273.84957012862577,186.888623333712697870749073533069555932,118.285928893340010015022533800701051577,120,110,1,1001,39.94,25.2,0
127822838,AUS / Mary (AUS) 23rd Oct,R9 1690m Pace M,23-10-2016 08:45,8143796,5. Gunbalunya,0,137.43279766368298,132.994445064910909144306102060195445884,81.523137697516930022573363431151241535,1,1001,1,1001,35.44,19,.76
127822849,AUS / Kalg (AUS) 23rd Oct,R5 2150m Pace M,23-10-2016 08:42,11989681,6. Kinda Black,0,,7.76250562734654324669890330214216036646,8.92243511397169877082510398029602435114,7.8,7.8,25,25,860.74,793.62,67.12
127822849,AUS / Kalg (AUS) 23rd Oct,R5 2150m Pace M,23-10-2016 08:42,4471495,8. Mosquito Buzzin,0,,6.42359096359094856050026723874470232499,6.59649275868085848891990926539870877683,6,6,1,1001,1604.68,1599.42,5.26
127822851,AUS / Kalg (AUS) 23rd Oct,R6 2150m Pace M,23-10-2016 09:13,8655864,8. Montelisa,0,,259.543478260869565217391304347826086957,259.543478260869565217391304347826086957,340,240,1,1001,9.2,9.2,0
127822851,AUS / Kalg (AUS) 23rd Oct,R6 2150m Pace M,23-10-2016 09:13,9047123,2. Baby Houseman,0,,273.448275862068965517241379310344827586,273.448275862068965517241379310344827586,310,270,1,1001,8.12,8.12,0
127822857,AUS / Kalg (AUS) 23rd Oct,R9 2150m Pace M,23-10-2016 10:32,6580678,6. Bettor Giddyup,0,,3.03546499269838169036452922597584081295,3.04968760772854868099216967349015874058,3.2,2.7,1,1001,2436.68,2390.04,46.64
127822857,AUS / Kalg (AUS) 23rd Oct,R9 2150m Pace M,23-10-2016 10:32,9288841,3. Jay Jays Jet,0,,12.8066078096458960753856225693934159265,12.9583128491620111731843575418994413408,13.5,11.5,1,1001,358,352.88,5.12
127822869,AUS / Hoba (AUS) 23rd Oct,R5 2090m Pace S,23-10-2016 10:02,5370987,3. Ardlussa Express,0,48,37.5403614310214690421504607731019604612,29.2849796460912187422115144969676829775,55,26,1,1001,240.74,137.2,34.18
127822875,AUS / Hoba (AUS) 23rd Oct,R8 2090m Pace M,23-10-2016 11:35,11170037,1. Lord Stark,0,8.760566626816434,8.91531525342187576898566989114584404909,6.48179212902795827918291179312872804825,9.6,9.6,8,8,1200.36,551.66,382.72
127822879,AUS / Hoba (AUS) 23rd Oct,R10 2090m Pace M,23-10-2016 12:25,9554559,2. La Ebony Kita,0,23,21.6701393261751766047720072995378970591,1,24,15.5,1,1001,0,377.74,5.2
127822861,AUS / Hoba (AUS) 23rd Oct,R1 2090m Pace M,23-10-2016 08:00,6499406,5. Pas Mate,0,12.5,8.57111350619863732775087273838261214026,12.6244533812275495861315008589723567078,12.5,12,20,20,512.24,311.12,201.12
127822861,AUS / Hoba (AUS) 23rd Oct,R1 2090m Pace M,23-10-2016 08:00,7110000,6. The State Of Play,1,27,5.27993631399376008594859866876787037846,1.55034699262627632169042876065122391298,1,1001,1.02,1.01,1917.62,86.66,1830.96
127822863,AUS / Hoba (AUS) 23rd Oct,R2 1609m Pace M,23-10-2016 08:30,10394412,12. Tsimba Ridge,0,271.8484612591134,130.541289451967529187215435536762631378,131.873222267370987403494514425030475416,270,85,1,1001,49.22,49.14,.08
127822863,AUS / Hoba (AUS) 23rd Oct,R2 1609m Pace M,23-10-2016 08:30,11989518,1. Really Frank,0,3.5922666636727802,3.56696513347340861781242741154695386191,3.63300768671873709935765121616935550455,3.95,3.4,5.9,2.6,4844.72,3880.24,964.48
127822863,AUS / Hoba (AUS) 23rd Oct,R2 1609m Pace M,23-10-2016 08:30,11989522,11. Red Shed Robbie,0,198.1471648126486,61.8217292486146021202017395191556209468,63.8600252206809583858764186633039092056,110,100,1,1001,31.72,31.64,.08
127822863,AUS / Hoba (AUS) 23rd Oct,R2 1609m Pace M,23-10-2016 08:30,11578599,5. Jimmy De Panda,0,16,9.42287566849136357673540568920527950729,10.1931303862607725215450430900861801724,18,16,1,1001,322.58,318.58,4
127822865,AUS / Hoba (AUS) 23rd Oct,R3 2090m Pace M,23-10-2016 09:02,9014451,11. Vital Sign,0,39.378110817820414,30.9225526673951875787728066511804805365,25.5037871790134860520968039903934971365,36,29,1,1001,216.52,141.04,4.12
127822865,AUS / Hoba (AUS) 23rd Oct,R3 2090m Pace M,23-10-2016 09:02,5242289,5. Cheshire Cat,0,4.1906768153887075,4.69885292728343335665907042125421805813,4.07806375332326889420315025851358031289,5.1,4.3,5.8,4.5,5988.08,3932.16,551.84
127822865,AUS / Hoba (AUS) 23rd Oct,R3 2090m Pace M,23-10-2016 09:02,5779253,6. Scruffy Jake,0,21.049072841766755,33.1312991836775256294315502337932740486,13.5762573867367038739330269205515430072,38,27,1,1001,761.5,141.48,4.78
127822867,AUS / Hoba (AUS) 23rd Oct,R4 2090m Pace S,23-10-2016 09:32,10203123,9. Mavis Merle,1,4.952022543439382,4.02470401153800453603532326912266161129,3.17772140917173059262588170929482795678,4.8,3.55,4.5,1.02,5117.9,3204.78,1361.6
127822867,AUS / Hoba (AUS) 23rd Oct,R4 2090m Pace S,23-10-2016 09:32,8805805,13. Lake Eyre,0,19.5,20.6924177348393711190617679453051539998,16.559050856865329910497467564004717963,21,20,1,1001,288.26,215.1,8.46
127822871,AUS / Hoba (AUS) 23rd Oct,R6 1609m Pace M,23-10-2016 10:37,8816608,8. Jaccka Len,0,13.039596299,12.3938880926757247546815119557294608185,11.5046116952591772735657627743958679211,12.5,12.5,1,1001,433.68,330.7,12.6
127821783,AUS / Quea (AUS) 23rd Oct,R2 1000m Hcap,23-10-2016 03:40,11989117,5. Chattachang,1,2.54,2.65791581840703257621956270768120314469,2.42474803917441876780177070617782828921,3.55,2.4,2.6,1.01,28508.4,23711.2,2614.02
127821785,AUS / Quea (AUS) 23rd Oct,R3 900m CL3,23-10-2016 04:15,8935028,7. Clever Buttons,0,6.329531660272296,7.26884565864551586927668654858253594132,5.73898516493723627292269313447095353096,9,6.8,7,7,6028.96,3934.52,162.2
127821785,AUS / Quea (AUS) 23rd Oct,R3 900m CL3,23-10-2016 04:15,9465609,2. Moss Fever,0,3.471063485536143,3.38968150575825553204519121538512219744,3.17022965629373556394780560216097163548,3.65,3.2,3.4,2.8,16962.74,14376.48,1012.48
127821785,AUS / Quea (AUS) 23rd Oct,R3 900m CL3,23-10-2016 04:15,11989118,1. Pallino,1,4.7736131992226,3.87157252163091731442599532371841057413,2.96614324404846564870638997390472454737,4.7,3.55,4.5,1.24,13358.74,8487.74,2492.36
127821787,AUS / Quea (AUS) 23rd Oct,R4 1460m CL3,23-10-2016 04:50,875968,5. Southern Gamble,0,3.545274892323577,3.65908548222415734675832303796044405641,2.96319634188878876842135860244746097724,3.75,3.55,3.8,3,5504.48,2582.94,822.52
127821787,AUS / Quea (AUS) 23rd Oct,R4 1460m CL3,23-10-2016 04:50,8453370,6. Smiling At Shadows,0,9.501075020153657,9.87191573467413086070658449080076376623,8.58676052892651835342402457089273337592,13.5,8.6,12,9,2943.32,1960.32,469.8
127821791,AUS / Quea (AUS) 23rd Oct,R6 900m Mdn,23-10-2016 06:00,4167274,2. Prisonbreak,0,9.2,9.43863376986662924763584228540093896133,8.23546953644715075146950124951603252261,11,8.8,100,100,4545.76,3695.36,50.82
127821791,AUS / Quea (AUS) 23rd Oct,R6 900m Mdn,23-10-2016 06:00,11134642,11. Rhythmic Moss,0,310.20421614363556,223.629862926352835118395784705392946313,107.695580770379217676918483129292326067,260,150,160,160,133.96,33.38,7.78
127821791,AUS / Quea (AUS) 23rd Oct,R6 900m Mdn,23-10-2016 06:00,11989129,12. Stars Galawe,0,36.305537720739785,34.1674502006118933968762571683339713112,22.8971455311183902667290594291062236781,46,24,1,1001,427.4,270.26,2.6
127821793,AUS / Quea (AUS) 23rd Oct,R7 1460m Mdn,23-10-2016 06:40,7561891,12. Well Overdue,0,148.50485901643637,168.071781127965509642149935243193356758,95.5735400144196106705118961788031723144,230,120,1,1001,332.88,164.1,.8
127821819,AUS / Scne (AUS) 23rd Oct,R7 1100m Hcap,23-10-2016 07:05,10289124,3. Nick On The Run,0,5.9837096204268185,6.15115466306592229559816865858873669453,4.93706417598470779296465231209156675188,7,5.9,1,1001,7721.58,5433.54,122.74
127821807,AUS / Scne (AUS) 23rd Oct,R1 1100m Mdn,23-10-2016 03:30,11989229,3. Mr Chow,0,6.591269413,7.14737048076171223224229120021953119963,6.31877810340421598638531092491803456957,8.4,6.2,40,5.1,7356.76,5950.6,227.1
127821809,AUS / Scne (AUS) 23rd Oct,R2 1300m Mdn,23-10-2016 04:05,10663556,1. Laszlo,1,3.0570147408822947,3.0928103336356171870531584537689017904,3.03978972304940585487446365201838091886,4.5,3.05,3.15,3.15,21021.8,18230.84,2790.96
127821809,AUS / Scne (AUS) 23rd Oct,R2 1300m Mdn,23-10-2016 04:05,11989240,8. Portland Place,0,7.6285149904154235,7.13194598896050634613024918864744038962,7.266195432879438926547855786927913332,9,6.2,55,10.5,11073.06,10935.5,137.56
127821809,AUS / Scne (AUS) 23rd Oct,R2 1300m Mdn,23-10-2016 04:05,11989238,6. Atlantic Edge,0,38,23.7682077253693510914164220325109388114,24.5383324335109504471726015821224853877,44,25,50,20,852.02,789.38,62.64
127821811,AUS / Scne (AUS) 23rd Oct,R3 1600m Hcap,23-10-2016 04:40,9107502,7. Dane De Lago,0,7.905377113,7.10363812036410989801975734287380125361,5.7971471890021280501485555774630650721,7.6,6,90,7.2,2941.66,1671.38,258.36
127821811,AUS / Scne (AUS) 23rd Oct,R3 1600m Hcap,23-10-2016 04:40,10838096,11. Pinneux,0,65,87.6366134132634508071621049227815061431,67.8609992226697759875627164158010034627,100,70,50,50,566.04,420.76,12.72
127821813,AUS / Scne (AUS) 23rd Oct,R4 1600m CL1,23-10-2016 05:15,10673231,2. Mon Samedi,0,159.8624150997307,148.180474109979772091677152059083445152,91.8193886136299897167430120594559222212,180,95,1,1001,213.94,113.72,.86
127821815,AUS / Scne (AUS) 23rd Oct,R5 2200m Hcap,23-10-2016 05:50,6406704,8. Strike Me Lucky,0,19.206580186,11.9493750106491568954165001557743570139,12.5753561636471157464652438040965539487,20,13,18,18,1860.1,1824.44,35.66
127821817,AUS / Scne (AUS) 23rd Oct,R6 1300m CL3,23-10-2016 06:30,10902807,2. Septimo,0,9.4,9.08442180152183950622179606878868146635,8.42879871640593662254312073806658644204,10,5.5,11,9.8,6232.5,5256.36,204.22
127821831,AUS / Haml (AUS) 23rd Oct,R6 2200m Cup,23-10-2016 05:55,10093758,13. Viva Espana,0,19,18.20201548312363980066465137747363712,16.2909342965050056951022120975960673821,20,17,26,18.5,1334.48,891.04,192.16
127821823,AUS / Haml (AUS) 23rd Oct,R2 1100m Mdn,23-10-2016 03:35,981269,1. Brigadier,0,9.8,8.41807115081119398766481007352915315639,7.09810225471934165531429842364258111151,11,7.4,1,1001,3596.9,2578.28,35.44
127821823,AUS / Haml (AUS) 23rd Oct,R2 1100m Mdn,23-10-2016 03:35,11989268,4. Wanion,0,57.61644553288701,50.2876953577757147432927447629535063522,36.5067239447142323496451251400821815465,65,42,490,50,321.24,157.3,14.46
127821825,AUS / Haml (AUS) 23rd Oct,R3 1400m Mdn,23-10-2016 04:10,11134909,11. Macattack,1,3.5308212497948435,3.51447438617467734557762510903132247761,2.92691851697914704870018118883253346149,3.8,3.25,3.95,1.01,15398.3,10704.52,1641.84
127821829,AUS / Haml (AUS) 23rd Oct,R5 1200m Hcap,23-10-2016 05:20,11182903,9. The Walrus,0,55,70.5920899731179757242926915079545628982,63.6984378372732653274379417191797514187,240,48,690,55,574.46,405.2,31.2
127821833,AUS / Haml (AUS) 23rd Oct,R7 2200m Hcap,23-10-2016 06:35,10985318,3. Big Hammer,1,5.2,4.00948226022334646984822401796304935536,3.95059659254427198250225436963987644136,5.2,2.8,5,3.65,25018.08,23506.12,1511.96
127821833,AUS / Haml (AUS) 23rd Oct,R7 2200m Hcap,23-10-2016 06:35,9312921,10. Entirely Perfect,0,78.32335629054808,54.6878092366252349283549919135649715026,42.5993246972500892828154930034739131846,120,75,50,5.3,616.02,435.34,180.68
127821841,AUS / Sale (AUS) 23rd Oct,R2 1400m 3yo,23-10-2016 03:25,11989294,10. Toorak Belle,0,8.12494887359091,6.82491035296368011926595526268905828496,6.32819564408811009629292887548043145845,9,5.8,80,65,5807.28,4429.42,62.88
127821843,AUS / Sale (AUS) 23rd Oct,R3 1100m Mdn,23-10-2016 04:00,10787164,8. Quiet Order,0,9.091048362400034,8.84283709381238412780590318813398834822,7.39749129999010629282792262260669072702,14.5,7,7.4,7.4,4649.42,3147.46,237.68
127821845,AUS / Sale (AUS) 23rd Oct,R4 1000m Hcap,23-10-2016 04:35,11989307,8. Senorita On Safari,0,36,17.518323233370351704921919502326374184,18.4878180550714534681073544789125130708,40,27,32,28,1147.6,1078.36,69.24
127821853,AUS / Sale (AUS) 23rd Oct,R8 1400m Hcap,23-10-2016 06:55,9594663,5. Hardern,0,4.2,4.54025748652254084776331773292282864137,4.3093294757704003800158722641512141708,6,4,6.4,4,13936.26,11461.68,1436.86
127821847,AUS / Sale (AUS) 23rd Oct,R5 1717m Hcap,23-10-2016 05:10,11529229,1. Elegantly Wasted,0,8.659613701,7.20918610109542352850921465764089790636,6.65545843837751983745193515036674417922,8.6,5.1,7.4,4.3,12264.68,10021.8,814.38
127821849,AUS / Sale (AUS) 23rd Oct,R6 1200m Hcap,23-10-2016 05:45,9440385,7. Sea Spray,0,14.793232625594243,13.4102467676090105017223167914349471461,9.89776550035064236970165140096755935112,18,9.8,1,1001,5618.26,3810.38,26.74
127821849,AUS / Sale (AUS) 23rd Oct,R6 1200m Hcap,23-10-2016 05:45,7161331,2. Lucky Liberty,1,3.706494071651586,3.69794007369276818424038314332715750139,3.25403794236090800692928974780085041283,4.1,3,2,2,28447.36,22476.56,2099.5
127821851,AUS / Sale (AUS) 23rd Oct,R7 1600m Listed,23-10-2016 06:20,10948787,7. Cool Chap,0,6.613009495111182,5.92235559109299191332835079100780553855,5.10741451089155817878539633032955969877,6.6,5,6.4,4,10131.7,7442.88,1196.12
127821911,AUS / SCst (AUS) 23rd Oct,R1 1600m CL1,23-10-2016 03:15,10061432,2. Dazzle Us Again,1,3.8504721077125943,3.68817506263177664665102727437084697427,3.20476080129921463421902073362156079289,3.85,3.5,3.7,2.74,22819.94,16903.78,3771.76
127821919,AUS / SCst (AUS) 23rd Oct,R5 1600m Hcap,23-10-2016 05:34,3914901,3. Spice Of Life,0,18.5,19.5242664567043801585026523285350997375,14.1865117558091571566066272514780695724,34,10.5,44,18.5,1454.6,796.44,111.82
127821923,AUS / SCst (AUS) 23rd Oct,R7 1000m CL3,23-10-2016 06:48,9368117,3. Patronizing,0,7,7.07727434167673683650636392309942873025,5.83855532835607969946264682105663607399,8,6.2,1,1001,6308.7,4643.92,566.3
127821923,AUS / SCst (AUS) 23rd Oct,R7 1000m CL3,23-10-2016 06:48,9531249,9. Matildare,0,42,39.9614405528039966557715325183964239118,19.7495870591968936098717493979502305524,44,36,100,80,1071.34,463.48,380.3
127821923,AUS / SCst (AUS) 23rd Oct,R7 1000m CL3,23-10-2016 06:48,9870397,8. Dam Wonderful,0,4.093536757816509,3.96335263717226297126031634566897441138,3.69020590373675417409619299948368938472,4.9,3.55,1,1001,17082.74,14624.68,250.08
127821925,AUS / SCst (AUS) 23rd Oct,R8 1400m CL2,23-10-2016 07:23,11904242,3. Sugar Hit,0,4.9,5.0623272521164788958958849325216203488,4.17362525812441459847617586968071995487,5.7,4.7,6.8,1.71,14605.36,10401.18,2658.32
127821925,AUS / SCst (AUS) 23rd Oct,R8 1400m CL2,23-10-2016 07:23,9586898,11. Outback Carlson,0,220.433522596,188.463373314658071735148341443746653322,120.319490801831871458511216331599782659,270,100,410,95,257.66,102.06,38.8
127821913,AUS / SCst (AUS) 23rd Oct,R2 1400m Mdn,23-10-2016 03:50,11781515,9. Queenofthepixies,0,8.4,8.58897255181553902872791902623975146052,7.69772942471904335494153788148192580088,10,7.6,11,8.4,9335.96,7970.54,342.12
127821913,AUS / SCst (AUS) 23rd Oct,R2 1400m Mdn,23-10-2016 03:50,11989197,10. Swippa Da Mouse,0,55,60.7767352286509569449386022840592630823,53.4835299376178168179256466564315836524,130,40,95,95,1029.14,873.36,8.58
127821915,AUS / SCst (AUS) 23rd Oct,R3 1200m CL1,23-10-2016 04:25,11014255,2. Mono Lad,0,8.4,5.55712388465265321420388314568111479407,5.74775207125482378330925251934085630155,9.4,5.4,12,12,5467.7,5339.82,127.88
127821939,AUS / Gawl (AUS) 23rd Oct,R7 1500m Cup,23-10-2016 06:52,8833767,12. Double Pockets,0,16.375042324,15.4641447196976418385373354128681303038,11.9390412278448497302851271512972001028,21,13.5,1,1001,2491.52,1520.4,21.46
127821939,AUS / Gawl (AUS) 23rd Oct,R7 1500m Cup,23-10-2016 06:52,9423767,1. Dylanson,0,8,7.89444134676941389456487969196271793356,6.76006394087545023303127497690447274728,8.4,7,8,5,7707.12,5818.74,627.42
127821941,AUS / Gawl (AUS) 23rd Oct,R8 1500m Hcap,23-10-2016 07:27,10716348,5. Kingsgrove,0,6.4,7.09550321886207884969639853160890933051,5.39827256251775111916579883417411650144,8,6,6.6,5.1,5915.12,3803.04,491.56
127821929,AUS / Gawl (AUS) 23rd Oct,R2 1700m Mdn,23-10-2016 03:55,9506813,4. Romulus Flight,0,7.522544208,8.328123076266282286950512816941833416,7.50758334071515044143266306433991791419,9,7.6,7.8,7.8,2709.36,1997.58,233.74
127821931,AUS / Gawl (AUS) 23rd Oct,R3 1200m Mdn,23-10-2016 04:30,11820926,3. Jimmytown Jewel,0,17,12.7971590103414111539426160174050250617,10.7285865406750490556109753022812229372,16.5,8.4,1,1001,3648.92,2905.18,14.44
127821931,AUS / Gawl (AUS) 23rd Oct,R3 1200m Mdn,23-10-2016 04:30,11989072,5. Ameritar,0,203.157106347,156.787780188023512397119751072358910609,109.614224844313339888561127499180596526,240,130,1,1001,244.08,136.92,.14
127821931,AUS / Gawl (AUS) 23rd Oct,R3 1200m Mdn,23-10-2016 04:30,11989071,4. My Friend Riley,0,89.56142374973746,64.1735477918353141212955005103970460051,36.8616249249740819555846565177061166585,80,44,1,1001,366.54,173.02,1.3
127821933,AUS / Gawl (AUS) 23rd Oct,R4 1200m CL2,23-10-2016 05:05,8884387,10. White Jade,0,93.424084996,93.7073018518308654301153534252939599167,65.9319644079397672826830937713894592745,120,85,1,1001,146.1,82.24,7.54
127821935,AUS / Gawl (AUS) 23rd Oct,R5 1100m Hcap,23-10-2016 05:38,8725222,3. Maasai Justice,0,5.925223975119297,5.7500251028640427288092229749797740473,5.82841529526588908323106210681947759535,7.8,5.7,1,1001,8278.64,8161.2,92.38
127821935,AUS / Gawl (AUS) 23rd Oct,R5 1100m Hcap,23-10-2016 05:38,8497213,4. Qadir,0,7.2,6.54797723426589962914790380715847341563,6.80736660037023384682688529636935889594,11.5,7.2,12,12,4937.42,4707.58,85.66
127821935,AUS / Gawl (AUS) 23rd Oct,R5 1100m Hcap,23-10-2016 05:38,6954223,5. Ustinovs Fury,0,41.69109586460136,16.5356299244285688212670877843865759219,22.5569435347821772352882802421355562171,44,25,500,500,1007.7,794.8,12.44
127821937,AUS / Gawl (AUS) 23rd Oct,R6 1700m Hcap,23-10-2016 06:15,9272392,7. Betty Butterscotch,0,6,6.40585508546443507276742040171914426511,7.39939212768654873988269599044486111018,7.2,5.9,1000,26,5994.68,4415.8,255.64
127821937,AUS / Gawl (AUS) 23rd Oct,R6 1700m Hcap,23-10-2016 06:15,9310363,6. Dareben Halaro,0,14.5,12.989820094097846170122952878760961323,11.0083549217032111030989325997738785176,14.5,11.5,1,1001,2246.58,1774.38,36.14
127821937,AUS / Gawl (AUS) 23rd Oct,R6 1700m Hcap,23-10-2016 06:15,9531432,2. Aldolphin,0,40,43.0135403536737362803466433403250597667,31.5059527703277294433178517694773336822,60,36,19,19,611.48,361.18,64.28
127821937,AUS / Gawl (AUS) 23rd Oct,R6 1700m Hcap,23-10-2016 06:15,11989082,3. Nomis,0,11.567876695746095,11.6149692106115575295943087682149434679,9.31860054747415333800873243897473022193,12,11,8,8,2652.18,1810.72,161.98
127821937,AUS / Gawl (AUS) 23rd Oct,R6 1700m Hcap,23-10-2016 06:15,11989083,5. Rancho Relaxo,0,3.85,4.18915317950032067605272007267792532087,3.49119286385450234276957615735339559698,5.5,3.75,3.8,3.15,15857.3,11549.78,1207.92
127821948,AUS / Nort (AUS) 23rd Oct,R2 1100m Mdn,23-10-2016 06:25,11989402,7. Olaf,0,9.4,8.20759692265411029321822103629695672221,5.8821286621295365229261089008389318799,8.6,7.2,6,6,4117.14,2560.26,717.9
127821950,AUS / Nort (AUS) 23rd Oct,R3 1100m CL3,23-10-2016 07:00,10959361,1. Cyberpunk,0,3.8,3.9196742819684131156739591754000891821,3.23620043819676507682252110432949450873,4.2,3.55,1,1001,8690.16,6268.76,229.96
127821962,AUS / Nort (AUS) 23rd Oct,R9 1300m CL1,23-10-2016 10:22,8072186,9. Salvaged,0,72.586001308,74.898114349657280428115495207042041096,38.9328615809458060062133241284086986538,95,65,1,1001,231.76,82.72,2.62
127821952,AUS / Nort (AUS) 23rd Oct,R4 2200m CL1,23-10-2016 07:31,10082353,4. Black For Me,0,9.6,10.597480765489077738939975138421954118,9.5344002149436192811143483262105271996,12.5,9.8,10,9.2,2382.02,1693.3,245.9
127821952,AUS / Nort (AUS) 23rd Oct,R4 2200m CL1,23-10-2016 07:31,11989407,6. Silver Romance,0,17.5,16.7689489949808029396994213512808405113,11.3347745020619461261735544441519698166,16,16,1,1001,911.76,418.72,144.68
127821954,AUS / Nort (AUS) 23rd Oct,R5 1300m Mdn,23-10-2016 08:12,11989416,14. Red Comet,0,63.03349268114543,52.9758725947914431423452774920758798743,35.1501120238984316654219566840926064227,110,42,1,1001,401.7,228.34,2.18
127821954,AUS / Nort (AUS) 23rd Oct,R5 1300m Mdn,23-10-2016 08:12,11989412,8. Universal Honor,0,68.33230940228563,73.5406117999173383235945851426357540586,44.0795432552738532997871105089994193923,95,60,21,21,310.02,173.12,30.24
127821956,AUS / Nort (AUS) 23rd Oct,R6 1600m Mdn,23-10-2016 08:47,11989419,3. Our Maori Boy,0,9.94862835549449,6.72829039693932386146563433633359176466,6.85049886865639478504471500915849585174,14.5,8.2,9,9,2784.3,2721.2,63.1
127821956,AUS / Nort (AUS) 23rd Oct,R6 1600m Mdn,23-10-2016 08:47,11989423,9. Corrente,0,6.696539870461201,5.07077721617486967924297557581826002424,5.0920597830071109156220218459057253867,8.2,5,5.8,5.5,9821.52,8945.98,875.54
127821956,AUS / Nort (AUS) 23rd Oct,R6 1600m Mdn,23-10-2016 08:47,10985408,1. Buster Andy,0,5.495224327122267,4.03539782926827839635358586162387777981,4.11291121799793327550931478538020675545,5.6,3.9,7,7,9638.44,9475.04,163.4
127821992,AUS / ASpr (AUS) 23rd Oct,R1 1200m Hcap,23-10-2016 05:56,10234898,4. Never Pointless,1,4.202391255559197,4.0298767807258979665648145638478779884,2.87443617535806044882314623515827907328,4.7,3.7,1,1001,7153.82,3317.76,1477.9
127821992,AUS / ASpr (AUS) 23rd Oct,R1 1200m Hcap,23-10-2016 05:56,7100809,9. Shadow Dunes,0,37.066906366134056,31.8440155148702921987150408582546308159,24.142037163148166164023737717676816811,36,26,1,1001,205.58,103.12,2.4
127821994,AUS / ASpr (AUS) 23rd Oct,R2 1100m Mdn,23-10-2016 06:37,11904365,7. Struttin My Stuff,0,3.748236562,3.60528859072319539534384899980371866209,2.95688895850011021776710405717401645145,3.75,3.75,100,100,1723.86,755.12,289.08
127821996,AUS / ASpr (AUS) 23rd Oct,R3 1000m Hcap,23-10-2016 07:14,9352632,3. The Hummel,0,4.160301267355681,4.70206512758856572249284076379440685214,3.99437747477327883510026823349086728829,5.1,4.6,1,1001,3757.92,2242.1,126.4
127821998,AUS / ASpr (AUS) 23rd Oct,R4 1000m Hcap,23-10-2016 07:57,7181389,4. Mr Good Looking,0,7.871048013586551,5.52534113469583486714308839872185067579,5.61412917948575810489943365023051267127,9.4,7.2,1,1001,2164.74,2108.66,4.78
127822000,AUS / ASpr (AUS) 23rd Oct,R5 1400m Hcap,23-10-2016 08:32,10883095,1. Peressini,1,3.55,3.42792879912137065260246815454488759251,2.23669245592078292419078991329537184023,3.8,3,6,1.01,11074.38,4814.22,4772.42
127822000,AUS / ASpr (AUS) 23rd Oct,R5 1400m Hcap,23-10-2016 08:32,5979511,7. Theatreman,0,99.49723960763075,122.60602036041796546493060250615359107,57.5390400656365376726377683577191303159,130,120,75,50,146.26,37.14,37.48
127822766,AUS / Dubb (AUS) 23rd Oct,R1 1720m Pace M,23-10-2016 04:06,8744579,4. Grinorama,0,,5.1758862257764498100249147448768207994,5.96014245896562403220811396717249922577,1,1001,1,1001,64.58,64.28,.3
127822768,AUS / Dubb (AUS) 23rd Oct,R2 1720m Pace M,23-10-2016 04:41,8465719,2. Flight Express,0,,4.41558830572016219723137523991691481676,10.5491716816552843329501656636689431334,1,1001,12,12,295.78,56.58,239.2
127822772,AUS / Dubb (AUS) 23rd Oct,R4 2120m Pace M,23-10-2016 05:51,9275824,1. Rowdys Ace,0,,6.14084506522402270019070614916910332529,8.24130859375,1,1001,1,1001,81.92,81.28,.64
127822772,AUS / Dubb (AUS) 23rd Oct,R4 2120m Pace M,23-10-2016 05:51,10125802,2. Ima Toastmasta,0,,13.7360232528586329563898026526203389166,7.03152738990332975295381310418904403867,15,15,9,5,279.3,46.9,232.4
127822774,AUS / Dubb (AUS) 23rd Oct,R5 2120m Pace M,23-10-2016 06:25,11989511,4. Miss Aeyla,0,,40.17048703046243244558661791554083038,40.2232451093210586881472957422324510932,36,36,1,1001,86.9,76.72,.22
127822776,AUS / Dubb (AUS) 23rd Oct,R6 1720m Pace M,23-10-2016 07:04,3681012,7. Catch Your Breath,0,,16.8875642168750458200388814723612076612,12.7885941334579876124810096996610961786,16.5,16.5,26,5,171.14,69.02,102.12
127822824,AUS / Mary (AUS) 23rd Oct,R2 1690m Pace M,23-10-2016 04:54,5677571,10. All Honour,0,11.162294842154507,11.7249670319095375265206306262102667465,7.67420810989495335341217953426871372952,11.5,11.5,1,1001,544.52,311.58,25.76
127822824,AUS / Mary (AUS) 23rd Oct,R2 1690m Pace M,23-10-2016 04:54,10859912,5. Bettes Rose,1,1.974796243,1.83888020369427972522585687809353501395,1.70421223100713000944629200688414705159,1.94,1.76,2,1.8,15455.8,11513.18,2625.6
127822830,AUS / Mary (AUS) 23rd Oct,R5 2190m Pace M,23-10-2016 06:43,11989690,9. Cruz Bromac,1,1.29,1.28580013607878297779806035229656834921,1.18969324479722508643401495306578461478,1.47,1.25,1.27,1.01,26592.54,11245.3,12817.76
127822830,AUS / Mary (AUS) 23rd Oct,R5 2190m Pace M,23-10-2016 06:43,7385987,6. Master Mach Manus,0,80,53.9171926534399069774429809892178713082,50.6301696712619300106044538706256627784,65,44,1,1001,75.44,58.04,2.54
127822830,AUS / Mary (AUS) 23rd Oct,R5 2190m Pace M,23-10-2016 06:43,7545168,11. No Bettertime,0,241.2279728626459,116.981618101800683884816879266798868438,83.9455216989843028624192059095106186519,100,100,1,1001,43.32,8.02,.32
127822832,AUS / Mary (AUS) 23rd Oct,R6 2690m Trot S,23-10-2016 07:18,9462299,9. Savannah Jay Jay,0,4.6855314472338065,4.14783929475687518636248674445148934074,8.75641728598569512740277156906571300849,4.5,3.9,1000,4,2863.36,2131.86,275.44
127822832,AUS / Mary (AUS) 23rd Oct,R6 2690m Trot S,23-10-2016 07:18,5172449,12. Aleppo Sunrise,0,7,7.05530783495401765506277027983795526222,5.82888352748783590074902586259110456078,6.8,6.6,1,1001,990.62,690.74,65.16
127822834,AUS / Mary (AUS) 23rd Oct,R7 2190m Pace M,23-10-2016 07:50,11323847,9. Valentina Brave,0,4.7,3.55361813470353770182070777539901875693,3.93015720848155513851152628777905380802,4.7,2.9,220,220,5712.16,5228.16,136.58
127822834,AUS / Mary (AUS) 23rd Oct,R7 2190m Pace M,23-10-2016 07:50,9183881,8. Captain Snoozzze,0,8.6,8.89221866027797700740479961249378063486,6.9300450715889725907404163149596266862,9.6,8.8,1,1001,1255.78,720.62,34.36
127822836,AUS / Mary (AUS) 23rd Oct,R8 2690m Pace M,23-10-2016 08:17,7901622,9. Chilli Palmer,0,19,19.6310242279930323042277888856063245509,14.7361690082399668030114411049854763175,24,18,24,24,674.76,463.98,38.22
127822836,AUS / Mary (AUS) 23rd Oct,R8 2690m Pace M,23-10-2016 08:17,8624554,11. Young Modern,0,34.08032480727881,32.6692277253779952564494847757972381687,26.5182727751448130595050026329647182728,34,28,1,1001,379.8,267.5,12.06
127822841,AUS / Kalg (AUS) 23rd Oct,R1 2150m Pace M,23-10-2016 06:16,11659535,4. Heez Lord Cullen,0,,59.9458128078817733990147783251231527094,59.9458128078817733990147783251231527094,1,1001,1,1001,4.06,4.06,0
127822841,AUS / Kalg (AUS) 23rd Oct,R1 2150m Pace M,23-10-2016 06:16,7090601,9. Little Tricky,0,,31.5818042431211772744696098528406912988,109.086956521739130434782608695652173913,1,1001,1,1001,.46,.24,.22
127822845,AUS / Kalg (AUS) 23rd Oct,R3 2150m Pace M,23-10-2016 07:24,487216,1. On My Oath,0,,19.3621857812624546198940587387047919943,14.4301886792452830188679245283018867925,1,1001,1,1001,21.2,1.38,19.82
127822845,AUS / Kalg (AUS) 23rd Oct,R3 2150m Pace M,23-10-2016 07:24,4044679,8. Mundella Arnie,0,,25.5906855392223707057208570831174262052,125.508196721311475409836065573770491803,1,1001,1,1001,1.22,.88,.34
127822845,AUS / Kalg (AUS) 23rd Oct,R3 2150m Pace M,23-10-2016 07:24,7067656,6. Lukey,0,,1.95702928783971777093498829944617867411,1.76227438166928612788485399950368103234,2,1.96,1.84,1.43,2901.36,1703.38,1197.98
127822845,AUS / Kalg (AUS) 23rd Oct,R3 2150m Pace M,23-10-2016 07:24,7084476,3. Flying Thunderbolt,0,,9.29316675711031015531728411174836360096,12.974555042847725774555042847725774555,1,1001,1,1001,91.02,79.04,11.98
127822849,AUS / Kalg (AUS) 23rd Oct,R5 2150m Pace M,23-10-2016 08:42,8322502,1. Pay Me Quick,0,,15.0701113676792749617504762098709981306,14.6413209743120791420733228032255382825,21,12,36,9,481.16,318.2,162.96
127822849,AUS / Kalg (AUS) 23rd Oct,R5 2150m Pace M,23-10-2016 08:42,8150252,9. Blacknsweet Adda,0,,3.86442132342892036269691983592726920664,4.01753539213151136138259653597708392435,4.4,3.65,230,3.55,7966.46,7678.62,287.84
127822849,AUS / Kalg (AUS) 23rd Oct,R5 2150m Pace M,23-10-2016 08:42,5205749,7. Romulus,0,,59.8994845520530204335164455950600073889,72.4379414732593340060544904137235116044,60,60,1,1001,19.82,18.72,1.1
127822853,AUS / Kalg (AUS) 23rd Oct,R7 2150m Pace M,23-10-2016 09:42,11989683,4. See Me Victorious,1,,2.54978348338414152901359330959244864906,2.40266489733987933157252111186606928473,3.25,2,2,2,7829.72,6717.84,1111.88
127822855,AUS / Kalg (AUS) 23rd Oct,R8 2518m Pace S,23-10-2016 10:07,10911271,6. Hes Talking,0,,3.35204677226764196386485840233774559566,3.43485653685899161292406412506325297962,3.95,3,1,1001,1857.62,1711.02,146.6
127822855,AUS / Kalg (AUS) 23rd Oct,R8 2518m Pace S,23-10-2016 10:07,7121759,1. Look Down Charlie,0,,35.3410966950448676396452899757888874932,37.6463414634146341463414634146341463415,48,38,1,1001,47.56,47.08,.48
127822857,AUS / Kalg (AUS) 23rd Oct,R9 2150m Pace M,23-10-2016 10:32,7044093,4. Jasper Rox,0,,97.4817367432036166802397690941896570082,104.048442906574394463667820069204152249,1,1001,1,1001,5.78,5.56,.22
127822877,AUS / Hoba (AUS) 23rd Oct,R9 2090m Pace M,23-10-2016 12:00,9981888,7. Master Paige,0,5.02748951422196,4.38189426213177286932434621822122361063,4.30673962313625852507077142753071594577,5,3.9,4.2,4.2,3007.28,3473.62,146.24
127822879,AUS / Hoba (AUS) 23rd Oct,R10 2090m Pace M,23-10-2016 12:25,6037149,5. Poker Storm,0,16.467268296,17.4647433514701143940901621490082657727,1,18,14,1,1001,0,241.4,6.72
127822861,AUS / Hoba (AUS) 23rd Oct,R1 2090m Pace M,23-10-2016 08:00,10883574,9. Timely Sovereign,0,2.677793107187554,2.61020650083343845276326743506272541257,3.03304852155288102533303924721038938951,3,2.4,8,2.8,7526.14,6293.08,1233.06
127822863,AUS / Hoba (AUS) 23rd Oct,R2 1609m Pace M,23-10-2016 08:30,11618881,7. Safari Sunshine,0,11,8.97314225079381675717154468738879225765,11.4043278132071590207776177741205513269,11,10,310,9.6,777.76,667.54,110.22
127822863,AUS / Hoba (AUS) 23rd Oct,R2 1609m Pace M,23-10-2016 08:30,11989520,4. Heavennroll,0,32,18.2674790372792265694663892495658839541,19.3393320643709984426371344523273922824,32,20,1,1001,231.16,229.1,2.06
127822865,AUS / Hoba (AUS) 23rd Oct,R3 2090m Pace M,23-10-2016 09:02,8196264,4. Gifted Courage,0,52.97389991536271,40.7501067132808810961016015696535094331,18.7242031334413830361966504592112371691,40,40,1,1001,74.04,14.82,1
127822865,AUS / Hoba (AUS) 23rd Oct,R3 2090m Pace M,23-10-2016 09:02,10838765,9. Thatswhatshesaid,0,15.536699828230777,15.2046523789554138517398175338809345777,14.24706152726756464178601217412908836,16,13.5,1,1001,1126.98,971.64,27.24
127822865,AUS / Hoba (AUS) 23rd Oct,R3 2090m Pace M,23-10-2016 09:02,11989523,1. Regmondo,0,15.162663205209537,14.601079782769062846438037078518670219,10.9484764415156507413509060955518945634,16.5,13,1,1001,607,357.82,48.74
127822867,AUS / Hoba (AUS) 23rd Oct,R4 2090m Pace S,23-10-2016 09:32,7539559,8. Tizyalator,0,106.99349768923128,145.862490326562941968361078923780703669,65.8366179275270184361093452002542911634,210,200,1,1001,62.92,16.92,0
127822867,AUS / Hoba (AUS) 23rd Oct,R4 2090m Pace S,23-10-2016 09:32,8153544,11. Sir Dasher Dee,0,14.69633429124362,16.6887606513526200282742232898393412593,13.5963963592932745768296198673860219925,16.5,16,1,1001,485.62,332.86,.72
127822867,AUS / Hoba (AUS) 23rd Oct,R4 2090m Pace S,23-10-2016 09:32,11618872,12. Le Premiere,0,70,50.2890517799627246168991084131339381337,51.7617445771952209720450063797703282682,55,50,710,170,172.42,115.54,7.44
127822871,AUS / Hoba (AUS) 23rd Oct,R6 1609m Pace M,23-10-2016 10:37,9530567,2. Fuscienne,0,4.027721033842971,4.20066049409896255364610203977890219112,3.89902793417568165756754447956386341221,4.2,4,1,1001,2575.34,1643.08,379.62
127821783,AUS / Quea (AUS) 23rd Oct,R2 1000m Hcap,23-10-2016 03:40,3951558,1. Ultima Chance,0,11.461528434204302,10.0842756034104431953597634307375040169,8.54145281545998242066248286629254230412,12.5,7,12,11.5,3253.82,2185.44,147.02
127821783,AUS / Quea (AUS) 23rd Oct,R2 1000m Hcap,23-10-2016 03:40,5874510,6. Fire And Flood,0,55,56.4484296429631065429539602037576334132,39.9870544050691340928641866515599756614,80,46,450,40,953.22,605.16,23.78
127821789,AUS / Quea (AUS) 23rd Oct,R5 1600m CL1,23-10-2016 05:25,9133240,6. Van Halen,0,2.5,2.58055447649463394579590497493664501502,2.43910723996102289357571156941246026561,3.2,2.42,10,2.5,21920.56,14822.26,3529.28
127821789,AUS / Quea (AUS) 23rd Oct,R5 1600m CL1,23-10-2016 05:25,11989121,5. Valhalla Member,0,6.6,6.82337086714116831175289492382088131687,5.25343059239610963748894783377541998232,7.8,6.4,1.5,1.5,5474.04,3486.12,1144.5
127821789,AUS / Quea (AUS) 23rd Oct,R5 1600m CL1,23-10-2016 05:25,11989123,12. Misty Mountain Hop,0,18.698366036368526,14.7443289579272980208614710648160603983,9.78296518679046464003817325088971509235,16.5,13.5,1,1001,1005.94,446.02,101.96
127821793,AUS / Quea (AUS) 23rd Oct,R7 1460m Mdn,23-10-2016 06:40,11251763,6. Mighty Slick,0,44.345790057,46.116360823670366031799686547762952177,31.8916570617962585335579395336465998759,60,40,1,1001,676.74,393,20.66
127821793,AUS / Quea (AUS) 23rd Oct,R7 1460m Mdn,23-10-2016 06:40,11909038,10. Pradier,0,9.971121514,11.0429630871956347635084430026828845556,8.72082623455885738684169767802051981866,13.5,9.8,20,11,4777.82,3270.78,238.62
127821793,AUS / Quea (AUS) 23rd Oct,R7 1460m Mdn,23-10-2016 06:40,11989131,3. Ellie Beach,0,24.12993018947833,22.0899322197047016593286327018125349196,17.2581351112663891072485709571917974399,30,14.5,1,1001,2060.82,1469.6,21.3
127821793,AUS / Quea (AUS) 23rd Oct,R7 1460m Mdn,23-10-2016 06:40,11989132,5. Marry Me Molly,0,21,21.7084229580796394468388258627445046539,17.9834155624471384268395827459825204398,30,18.5,50,50,1418.8,1053.84,43.62
127821793,AUS / Quea (AUS) 23rd Oct,R7 1460m Mdn,23-10-2016 06:40,11989134,9. Number One Lady,0,404.249764357186,357.258333664467769132741600218565215649,218.062210391402937986788918465937099477,550,210,1,1001,202.86,97.04,.58
127821795,AUS / Quea (AUS) 23rd Oct,R8 2000m Cup,23-10-2016 07:15,9029502,5. Uncle Gerry,0,6,5.63839592134945070606570845750948331497,4.51517497984067555792187932883766210651,6.8,5,4.9,3.5,12922.06,8666.08,2302.94
127821795,AUS / Quea (AUS) 23rd Oct,R8 2000m Cup,23-10-2016 07:15,6922314,7. Tony The Pony,0,27.73839551389915,33.5720872912698902542173252026670686786,27.3943263206581916548698613816978990007,46,24,500,40,1426.94,1003.3,30.14
127821819,AUS / Scne (AUS) 23rd Oct,R7 1100m Hcap,23-10-2016 07:05,11579109,7. Danish Lace,0,17,14.7881390094389420381546885359754362872,10.6285776057541210095023149368797392928,16,13.5,1,1001,1896.38,1233.84,109.62
127821819,AUS / Scne (AUS) 23rd Oct,R7 1100m Hcap,23-10-2016 07:05,7978004,12. Lucky Sky,0,46.35772988767364,42.3133417434039598124695045512990027799,26.3676171422902681789623359015905558679,55,36,1,1001,604.82,320.56,5.98
127821807,AUS / Scne (AUS) 23rd Oct,R1 1100m Mdn,23-10-2016 03:30,11989231,6. Ladies Who Lunch,0,14.719665478443552,17.4807545810389220853071824149522996061,13.8083159855629293282105018046338339737,36,13,42,13.5,1717.8,1266.92,94.74
127821809,AUS / Scne (AUS) 23rd Oct,R2 1300m Mdn,23-10-2016 04:05,1477137,2. War Hero,0,2.61604165243596,2.34089974792326115367620815811008844625,2.34667309896381540476691694150118120366,2.9,2.36,2.3,2.3,32492.28,31476.16,1016.12
127821809,AUS / Scne (AUS) 23rd Oct,R2 1300m Mdn,23-10-2016 04:05,11040201,5. Silver Art,0,14.5,10.0503351737017853556683364225953738989,10.2266002279998529033207075350273967565,14,11,1,1001,2719.3,2661.86,57.44
127821809,AUS / Scne (AUS) 23rd Oct,R2 1300m Mdn,23-10-2016 04:05,11989244,12. Lady Montoya,0,80,51.1630892988145577005500718396028064759,51.6593567251461988304093567251461988304,110,40,1,1001,506.16,503.64,2.52
127821809,AUS / Scne (AUS) 23rd Oct,R2 1300m Mdn,23-10-2016 04:05,11989242,10. White Lioness,0,153.588669762,106.252332072643356428578008561052252107,107.421385542168674698795180722891566265,280,100,1,1001,199.2,198.22,.98
127821811,AUS / Scne (AUS) 23rd Oct,R3 1600m Hcap,23-10-2016 04:40,10252989,4. Sakhumzi,0,25.953612877481795,23.3037984708639469280107797824687336453,16.020845231296402055968018275271273558,28,14.5,32,32,1050.6,587.74,62.56
127821811,AUS / Scne (AUS) 23rd Oct,R3 1600m Hcap,23-10-2016 04:40,9026857,9. Beach Head,0,23,19.7885805137214283639148064803184700803,16.3472351156249567012594737644271403433,23,18,75,75,1443.46,1039.38,118.46
127821813,AUS / Scne (AUS) 23rd Oct,R4 1600m CL1,23-10-2016 05:15,9333121,18. Western Saga,0,263.479300507,217.681307995926918321415720593905589348,174.679701765063907486305538648813146683,280,100,870,870,131.44,72.68,4.02
127821813,AUS / Scne (AUS) 23rd Oct,R4 1600m CL1,23-10-2016 05:15,11820794,17. Artella,0,59.125586774721725,52.4495390008117366619112748510859369728,44.2791147400085947571981091534164159863,65,46,60,60,372.32,281.16,9.68
127821813,AUS / Scne (AUS) 23rd Oct,R4 1600m CL1,23-10-2016 05:15,11989248,10. La God Star,0,265.50419838,305.142501779943288536628869950105568947,192.529972752043596730245231607629427793,440,210,1,1001,117.44,67.12,.56
127821813,AUS / Scne (AUS) 23rd Oct,R4 1600m CL1,23-10-2016 05:15,11989249,11. Manhattan Drive,0,3.25,3.05448783198084688897902738474479299211,2.9988144306025100727087482054369471588,3.5,2,1,1001,13387.66,10968.04,929.02
127821815,AUS / Scne (AUS) 23rd Oct,R5 2200m Hcap,23-10-2016 05:50,9446264,4. Subway Surfer,0,19.5,14.2849137006594389573834879079410475273,15.2612365235929888950358246414162539974,22,15.5,46,22,1482.22,1423.9,58.32
127821831,AUS / Haml (AUS) 23rd Oct,R6 2200m Cup,23-10-2016 05:55,10062053,9. Diamond Duke,0,10.858542287208838,9.53706445288406298863333833450426589151,8.12149513813576457180670183629579251144,13,8,16.5,7,4352.24,3243.44,232.38
127821821,AUS / Haml (AUS) 23rd Oct,R1 1400m Mdn,23-10-2016 03:00,10695785,5. Miss Saks,0,3.1,2.9611697634718283000663670987930459624,2.79542442164705268631922833020607313387,3.2,2.82,3.05,3.05,24536.92,20776.9,848.34
127821821,AUS / Haml (AUS) 23rd Oct,R1 1400m Mdn,23-10-2016 03:00,11989264,3. Costano Mille,0,4.855895213800686,4.877113920574846165299648202696739253,4.42216097498231397517525242780886230626,5.2,4.5,1,1001,6219.6,4983.86,207.44
127821823,AUS / Haml (AUS) 23rd Oct,R2 1100m Mdn,23-10-2016 03:35,10760091,6. Gay Skier,0,8.824892773,8.7541932857842485922841431632941381836,7.85422533343939755521968551958210696577,10,8.2,7.8,7.8,3771.3,3035.92,222.6
127821827,AUS / Haml (AUS) 23rd Oct,R4 1600m Hcap,23-10-2016 04:45,11857393,1. I Am The Dark,0,4.3,4.4362597742746694824675079103976893794,4.04437056392825168506600427948017389319,4.7,4.2,4.3,4,12085.58,9387.12,867.88
127821827,AUS / Haml (AUS) 23rd Oct,R4 1600m Hcap,23-10-2016 04:45,11989274,3. Kracken,0,5.6,5.44823586473766927594323151091108499964,5.25812041776758006065327782436580880644,8,5,40,6.6,10756.22,9287.54,259.94
127821833,AUS / Haml (AUS) 23rd Oct,R7 2200m Hcap,23-10-2016 06:35,9818840,7. Ventura Highway,0,34.362498373445106,21.8081588603617813129115439761597988683,22.7672653785082383024354030478625781041,36,21,1,1001,969.86,933.5,36.36
127821833,AUS / Haml (AUS) 23rd Oct,R7 2200m Hcap,23-10-2016 06:35,11251969,1. Dusty Mamba,0,2.612022131298144,2.59890288607994215957886545546697092729,2.62182776857806703379930937985391715126,3.65,2.5,2.62,2.2,40508.52,37669.8,2838.72
127821839,AUS / Sale (AUS) 23rd Oct,R1 1400m Mdn,23-10-2016 02:50,11989284,2. Percivall Pott,0,11,9.84712416346129757613627053259116074185,8.67660218431008637304589906488685844814,11.5,9,1,1001,2801.8,2217.54,50.94
127821845,AUS / Sale (AUS) 23rd Oct,R4 1000m Hcap,23-10-2016 04:35,8272565,1. Johnny Roo Boy,0,3.3277702842554566,3.15024133058753314997875714337752334936,3.16232507565021691650482789415872101495,3.65,3,3.1,3.1,23469.86,22349.8,1120.06
127821845,AUS / Sale (AUS) 23rd Oct,R4 1000m Hcap,23-10-2016 04:35,11989306,7. Winspot,0,9.484540587706437,8.04488680338780835879009429918038650468,8.28511112517782360564637839530645628788,13,8.6,400,9,6003.14,5813.32,189.82
127821853,AUS / Sale (AUS) 23rd Oct,R8 1400m Hcap,23-10-2016 06:55,7645289,7. Global Assault,0,5.714898406383071,6.46381848154909903031163050301608727054,5.1846151053013798111837327523602033406,7.6,5.5,6,5,7380.72,4011.52,1558.92
127821853,AUS / Sale (AUS) 23rd Oct,R8 1400m Hcap,23-10-2016 06:55,8405946,6. Mossbeat,0,8.671649145,7.35899340990927505355094329447366615392,5.83499538670516774452598395598575004485,8.4,7,8.2,6.4,4682.12,2559.96,1278.96
127821849,AUS / Sale (AUS) 23rd Oct,R6 1200m Hcap,23-10-2016 05:45,7261701,5. Use The Lot,0,134.88403619449582,115.659763225375700597747132440811751395,75.9022912217925780573671149073700005771,140,60,1,1001,346.54,183.08,0
127821851,AUS / Sale (AUS) 23rd Oct,R7 1600m Listed,23-10-2016 06:20,11989311,4. Yesterdays Songs,0,4.8,5.20250663744270044398482503143362546549,4.86338487583282294233187627189903673603,5.9,4.7,100,4.9,21454.14,18194.98,1085.02
127821851,AUS / Sale (AUS) 23rd Oct,R7 1600m Listed,23-10-2016 06:20,10364302,10. Manageress,0,5.291833350779488,5.0700397567240845303911855878362215114,4.5053744694597150477766836511126097068,5.5,4,5.9,4.2,20493.26,16106.56,1550.92
127821921,AUS / SCst (AUS) 23rd Oct,R6 1000m Mdn,23-10-2016 06:10,10150916,14. Lifes A Picnic,0,314.631385983,120.43047655224711894577711130773411464,118.182992737713224117547711535213646344,320,130,1,1001,236.84,230.58,6.26
127821921,AUS / SCst (AUS) 23rd Oct,R6 1000m Mdn,23-10-2016 06:10,11989214,2. Kings Legend,0,8.2,7.26221009842747866638564615250795027878,7.57021275374269662041736579917695902801,9,7.4,100,7.6,7664.26,7112.98,551.28
127821911,AUS / SCst (AUS) 23rd Oct,R1 1600m CL1,23-10-2016 03:15,2464481,5. Dont Rush Me,0,4.312656078303188,4.93020473022876714176138741647956764731,4.39432150205916744974453028925033010131,9,4.2,9,4.7,13238.36,9739.42,1012.4
127821911,AUS / SCst (AUS) 23rd Oct,R1 1600m CL1,23-10-2016 03:15,6416481,7. Stainer,0,61.973250239801715,93.6478257388866711140411074542278171559,51.4519156196680626648053358151078020785,140,50,470,470,515.76,192.44,12.78
127821913,AUS / SCst (AUS) 23rd Oct,R2 1400m Mdn,23-10-2016 03:50,10494664,7. Dleeajet,0,4.722449831750421,4.99116365112622421789263894058395416477,4.49173000057593733801762368254333928469,5.5,4.5,1,1001,8681.5,7054.88,350.84
127821913,AUS / SCst (AUS) 23rd Oct,R2 1400m Mdn,23-10-2016 03:50,11989195,5. Waiting Game,0,203.82096415821465,239.000171045237402460708518669018865965,143.274490985123740316720367450469596216,360,130,310,21,291.74,147.68,37.64
127821915,AUS / SCst (AUS) 23rd Oct,R3 1200m CL1,23-10-2016 04:25,11904235,4. Nighthawk,0,4.373943311348251,3.8922557988677088235727809622002747629,3.9510217730761366582937246341549782452,5.3,3.4,4.7,4,17508.78,16621.04,887.74
127821939,AUS / Gawl (AUS) 23rd Oct,R7 1500m Cup,23-10-2016 06:52,5252797,2. Little Akie,0,8.508259643542912,8.85228755620990425177231128955016440135,7.13512337944779501028973558300927699189,9.6,8,8.8,8.8,6161.48,4224.74,220.78
127821939,AUS / Gawl (AUS) 23rd Oct,R7 1500m Cup,23-10-2016 06:52,11933490,18. Halayr Jet,0,279.230902427,229.262815336293359717083155979903038583,127.427118919798275581584512770457133561,280,170,490,300,245.88,105.58,11.02
127821939,AUS / Gawl (AUS) 23rd Oct,R7 1500m Cup,23-10-2016 06:52,11989087,15. Spartan Eagle,0,227.9055633927946,184.881674458414991731856640364622182991,100.058169934640522875816993464052287582,240,130,200,50,214.2,88.12,37.82
127821941,AUS / Gawl (AUS) 23rd Oct,R8 1500m Hcap,23-10-2016 07:27,8591261,7. Civetta,0,110,90.2186195689696055909868268026469821726,63.0466741196198993851313583007266629402,130,60,1,1001,429.36,290.86,.82
127821941,AUS / Gawl (AUS) 23rd Oct,R8 1500m Hcap,23-10-2016 07:27,8591242,2. Moosem,0,25.959572004207004,20.3868094084601259985798017875966921873,13.7758959060146204958147906162551313502,25,16,28,27,1622.38,809.56,56.58
127821931,AUS / Gawl (AUS) 23rd Oct,R3 1200m Mdn,23-10-2016 04:30,11989077,11. Trooper Jim,0,19.249116596382514,23.6884725013293367941154839230838422955,18.3597565989639009949839651344461804128,30,20,1,1001,1459.32,1045.16,9.8
127821931,AUS / Gawl (AUS) 23rd Oct,R3 1200m Mdn,23-10-2016 04:30,11989078,12. Wanted By All,0,2.7,2.78441964413187895594627769989426564098,2.6211396801213813232161353232646753261,3.75,2.6,1,1001,25545.94,22129.58,1245.64
127821933,AUS / Gawl (AUS) 23rd Oct,R4 1200m CL2,23-10-2016 05:05,8881788,5. Parting Shot,0,5.842446962225949,5.49134320133667833420318389230340564775,5.21740726894504428807793813364524379726,6.2,5,1,1001,5403.26,4756.38,70.12
127821933,AUS / Gawl (AUS) 23rd Oct,R4 1200m CL2,23-10-2016 05:05,10390850,9. Saturday Magic,0,17.680927746,14.7489198563996612543164414280048261628,11.1918229954614220877458396369137670197,22,12.5,20,17.5,2644,1780.8,64.3
127821960,AUS / Nort (AUS) 23rd Oct,R8 1600m Listed,23-10-2016 09:47,11989427,7. Chocolate Holic,1,2.0968105002958146,2.26939592335588686048478837683140777456,2.10653450612961246436863102900197298263,2.6,2,2.24,1.9,55063.84,43897.4,5192.16
127821962,AUS / Nort (AUS) 23rd Oct,R9 1300m CL1,23-10-2016 10:22,11989431,5. Regal Rogue,0,23.741848322791046,19.240997571941394716664426812508072827,12.5175387927168355906359314736747690376,22,20,1,1001,1114.9,649.06,18.42
127821952,AUS / Nort (AUS) 23rd Oct,R4 2200m CL1,23-10-2016 07:31,11989408,9. Mighty Tori,0,23,22.9282571005676587474205729810812639633,16.2248330908955279549438663235239267465,25,21,1,1001,536.22,281.38,29.2
127821954,AUS / Nort (AUS) 23rd Oct,R5 1300m Mdn,23-10-2016 08:12,3521918,9. Accountable,0,110,82.9247732237145858694086234834382016101,49.9254822980708077167691329234683061268,120,60,1,1001,188.68,93.54,2.14
127821954,AUS / Nort (AUS) 23rd Oct,R5 1300m Mdn,23-10-2016 08:12,11989415,13. Jaluna,0,71.23324202749879,75.5672773699942268160475306570974800791,58.6297258297258297258297258297258297258,220,48,1,1001,346.5,249.28,.92
127821956,AUS / Nort (AUS) 23rd Oct,R6 1600m Mdn,23-10-2016 08:47,10687142,2. Bush Track,0,23.8673793754913,17.4432540356642043969223698050474818951,17.6992378022131706379036064542069471881,40,21,21,21,1144.06,1125.2,18.86
127821992,AUS / ASpr (AUS) 23rd Oct,R1 1200m Hcap,23-10-2016 05:56,8761748,1. Grab For Power,0,15,12.3888440161536733231393637183020555977,10.6266137776740738707330798687840564393,15,11,60,60,1457.14,1126.42,12.9
127821992,AUS / ASpr (AUS) 23rd Oct,R1 1200m Hcap,23-10-2016 05:56,5520478,10. Le Commando,0,23.148648812873283,25.2173144424678761237796873148691898857,22.42767156779517131311759312710109002,48,20,90,20,588.98,398.62,41.34
127822768,AUS / Dubb (AUS) 23rd Oct,R2 1720m Pace M,23-10-2016 04:41,8289569,7. Dreamy Shannon,0,,27.6481027877010447463858501671983938904,26.7793764988009592326139088729016786571,29,29,1,1001,41.7,28.02,13.68
127822768,AUS / Dubb (AUS) 23rd Oct,R2 1720m Pace M,23-10-2016 04:41,10663570,3. As Lowas They Come,0,,4.9225148151607692534716781468886260762,4.89541864139020537124802527646129541864,1,1001,1,1001,50.64,39.44,11.2
127822768,AUS / Dubb (AUS) 23rd Oct,R2 1720m Pace M,23-10-2016 04:41,11989505,4. Hard Rock Shannon,0,,10.3918401474307548236709190631167946785,11.3533545647558386411889596602972399151,11.5,11.5,1,1001,188.4,187.76,.64
127822770,AUS / Dubb (AUS) 23rd Oct,R3 2120m Pace M,23-10-2016 05:17,9089829,2. Hotesse De Lair,1,,1.96900152264833317703653201093980451185,1.92823390243971462611889823721350120698,2.88,1.55,1,1001,14134.44,13046.78,1087.66
127822774,AUS / Dubb (AUS) 23rd Oct,R5 2120m Pace M,23-10-2016 06:25,10360202,10. Imaculatconception,0,,155.385329619312906220984215413184772516,155.385329619312906220984215413184772516,160,110,1,1001,21.54,21.54,0
127822774,AUS / Dubb (AUS) 23rd Oct,R5 2120m Pace M,23-10-2016 06:25,11989513,7. Koloura Flight,0,,9.33380877612692691982657412061302418283,8.56959349964622372355237030105219911898,10,8.4,7,7,876.26,608.24,268.02
127822776,AUS / Dubb (AUS) 23rd Oct,R6 1720m Pace M,23-10-2016 07:04,8545890,5. Glowing Courage,0,,9.70107710106872077080117975971823576106,10.8616493827160493827160493827160493827,1,1001,15,15,202.5,163.24,39.26
127822822,AUS / Mary (AUS) 23rd Oct,R1 1690m Trot M,23-10-2016 04:20,10509100,1. Hanging On A Dream,0,16,19.0095334215065537214056532686593919013,14.8992899497677229293348944366808928504,23,16,40,40,529.54,346.92,12.84
127822822,AUS / Mary (AUS) 23rd Oct,R1 1690m Trot M,23-10-2016 04:20,7342597,4. Brisharlo,0,88.18821526026818,61.2829835281732260735823817210247267378,42.8571754766525859116337481447653841763,95,34,380,25,175.18,59.06,39.84
127822824,AUS / Mary (AUS) 23rd Oct,R2 1690m Pace M,23-10-2016 04:54,9484800,1. Lisandros,0,4.63066955,4.95685103021759299497295571122207109193,4.31330883951171286135982779534570645277,5.2,4.8,90,90,2852.42,2091.88,116.66
127822826,AUS / Mary (AUS) 23rd Oct,R3 2190m Trot S,23-10-2016 05:29,11989687,4. Truscott Sun,0,27.32251884160564,32.1675693048004278210208894648147987144,23.6146230007616146230007616146230007616,38,28,85,36,157.56,60.5,24.18
127822826,AUS / Mary (AUS) 23rd Oct,R3 2190m Trot S,23-10-2016 05:29,5429532,12. Champ Devine,0,127.09747805440799,314.117937414553463270028443850998387343,146.419897585954645208485735186539868325,350,300,1,1001,27.34,12.48,0
127822826,AUS / Mary (AUS) 23rd Oct,R3 2190m Trot S,23-10-2016 05:29,9335580,10. Lofty Success,0,13.566591606,14.015600775552433064189337544462075284,9.59827136500792717230092568915255970951,14.5,13.5,1,1001,391.06,199.94,1.86
127822826,AUS / Mary (AUS) 23rd Oct,R3 2190m Trot S,23-10-2016 05:29,9668114,6. Plumbers Pettycash,0,59.273389557,63.1392665081512936987315337176284620698,21.7486638044335406992026636291947778849,60,60,30,10.5,228.26,12.04,176.44
127822828,AUS / Mary (AUS) 23rd Oct,R4 1690m Pace M,23-10-2016 06:04,671500,1. Sound The Alarm,1,3.820936637421564,4.12822310635599893830724263225866369432,2.85789710975634456079233589208676807162,4.3,3.95,3.4,1.01,4937.3,2435.68,1600.56
127822828,AUS / Mary (AUS) 23rd Oct,R4 1690m Pace M,23-10-2016 06:04,8740954,5. Watchoutnexttime,0,119.27232840766526,113.80336692724411092077460195998295667,12.7931818181818181818181818181818181818,1,1001,1,1001,35.2,3.68,0
127822830,AUS / Mary (AUS) 23rd Oct,R5 2190m Pace M,23-10-2016 06:43,3163556,2. Double Shot,0,10.5,10.7213074052944833876941831019431512388,8.10137146618878689244047836740664886808,12,12,1,1001,546.86,255.98,133.4
127822830,AUS / Mary (AUS) 23rd Oct,R5 2190m Pace M,23-10-2016 06:43,9973669,5. Itmademyday,0,72.93188983333334,54.749938695495668894603445451946059439,20.3258742825143497130057398852022959541,80,80,22,22,142.86,32.42,95.56
127822830,AUS / Mary (AUS) 23rd Oct,R5 2190m Pace M,23-10-2016 06:43,7729878,7. Nuggetpan,0,133.340533051,180.046629658925625435720890290041416885,165.149160261884429262738400227725590663,240,110,880,50,70.26,16.88,23.4
127822832,AUS / Mary (AUS) 23rd Oct,R6 2690m Trot S,23-10-2016 07:18,7157608,2. Maorisfavouritesun,0,9,9.17546975636123008015627761114173048646,9.15520106791256465876856332387785750042,9.6,9,85,60,599.3,417.8,15.4
127822832,AUS / Mary (AUS) 23rd Oct,R6 2690m Trot S,23-10-2016 07:18,7814443,6. Leannes Boy,0,27.03461229611188,25.0756179489132310177315708776503936231,13.8063989366752112408620525966011582645,26,26,1,1001,210.66,62.92,41.7
127822836,AUS / Mary (AUS) 23rd Oct,R8 2690m Pace M,23-10-2016 08:17,7275101,8. Major Secret,0,38.108570892,31.2145167929734734699116513988721429635,25.2748046412502959981056121240824058726,34,28,1,1001,337.84,233.26,.22
127822838,AUS / Mary (AUS) 23rd Oct,R9 1690m Pace M,23-10-2016 08:45,11989693,4. Razen Trouble,0,30.46713060668782,32.1670264554809344816782419129253998521,21.8667823944450666368014335311905028559,42,26,1,1001,178.58,103.38,6.6
127822841,AUS / Kalg (AUS) 23rd Oct,R1 2150m Pace M,23-10-2016 06:16,11989677,10. Equateur,0,,29.7993524124274105338862864932054057256,30.6584922797456857402361489554950045413,30,30,1,1001,44.04,43.86,.18
127822845,AUS / Kalg (AUS) 23rd Oct,R3 2150m Pace M,23-10-2016 07:24,5679890,7. Batali,1,,14.7153120797688859686762582172706224421,12.894621605126640219713152273420811718,16,16,12,12,262.16,126.42,135.74
127822847,AUS / Kalg (AUS) 23rd Oct,R4 2550m Pace M,23-10-2016 08:07,10618309,1. Khun Lek,0,,63.7611158166878252301709874009347446744,69.3643900513225424397947098302408211607,85,50,580,580,50.66,49.4,1.26
127822849,AUS / Kalg (AUS) 23rd Oct,R5 2150m Pace M,23-10-2016 08:42,6506323,3. Carters Rocket,0,,19.1271054766788304996388622477998200001,21.9203682057276446522501461133839859731,1,1001,1,1001,68.44,49.56,18.88
127822849,AUS / Kalg (AUS) 23rd Oct,R5 2150m Pace M,23-10-2016 08:42,7038483,5. Algranco Under Fire,0,,22.4228581748224834863816227519868576751,25.4774762550881953867028493894165535957,22,22,1,1001,73.7,69.36,4.34
127822851,AUS / Kalg (AUS) 23rd Oct,R6 2150m Pace M,23-10-2016 09:13,9993743,9. Nothingbutadream,0,,68.128298445999690723435807622130732446,70.7307226483649576100121114251110213969,110,50,1,1001,49.54,48.94,.6
127822851,AUS / Kalg (AUS) 23rd Oct,R6 2150m Pace M,23-10-2016 09:13,10641387,5. Im Zuleika,0,,5.65884349010401782619857350734334874321,7.26695015760441292356185973207249802994,5.9,4.9,16,4.5,4060.8,3341.98,718.82
127822853,AUS / Kalg (AUS) 23rd Oct,R7 2150m Pace M,23-10-2016 09:42,11989684,8. Vincenzo Peruggia,0,,2.1182625708659325072414208571691193386,2.10460498399689636778041802046457494787,2.56,1.9,2.24,1.9,6598.72,5674.86,901.86
127822853,AUS / Kalg (AUS) 23rd Oct,R7 2150m Pace M,23-10-2016 09:42,5212807,1. Sign In,0,,237.783900104863188646689327551853177723,127.446019629225736095965103598691384951,310,290,860,48,36.68,13.9,22.78
127822855,AUS / Kalg (AUS) 23rd Oct,R8 2518m Pace S,23-10-2016 10:07,10125289,11. A Boy Named Rosie,0,,16.8665827110561059092012574209839559639,17.1760692858525256435068705244822914651,18.5,14.5,1,1001,206.68,185.66,21.02
127822857,AUS / Kalg (AUS) 23rd Oct,R9 2150m Pace M,23-10-2016 10:32,9525938,8. Red Tail,0,,92.0134511129622900964387831147740523429,112.116935483870967741935483870967741935,1,1001,1,1001,4.96,4.42,.54
127822857,AUS / Kalg (AUS) 23rd Oct,R9 2150m Pace M,23-10-2016 10:32,6872321,2. Reginald Trevor,0,,61.9766307411521094844474707954031713429,217.949152542372881355932203389830508475,1,1001,960,960,5.9,4.3,1.6
127822879,AUS / Hoba (AUS) 23rd Oct,R10 2090m Pace M,23-10-2016 12:25,6943823,6. Queens Advocate,0,2.3607056474883565,2.10746930136030409051939756182419337703,1.98998847666146136819886533796616258036,2.5,1.76,2.6,1.24,6.22,8406.26,660.28
127822879,AUS / Hoba (AUS) 23rd Oct,R10 2090m Pace M,23-10-2016 12:25,7286598,1. Bravo Charlie,1,4,4.26472989775565663974223260375121051253,4.99999890532860438255967482410987793918,5,3.85,1,1001,206.82,2450.78,138.98
127822861,AUS / Hoba (AUS) 23rd Oct,R1 2090m Pace M,23-10-2016 08:00,11989517,13. Robert Moreau,0,65,38.2288038834019491944469765214333703675,42.0992295120242820452953537240252159701,65,55,1,1001,85.66,84.34,1.32
127822861,AUS / Hoba (AUS) 23rd Oct,R1 2090m Pace M,23-10-2016 08:00,10933443,11. Couta Rocks,0,15.87314859538339,9.94462632532220371148786641297192148615,14.8294104204753199268738574040219378428,16,16,1,1001,87.52,81.1,6.42
127822861,AUS / Hoba (AUS) 23rd Oct,R1 2090m Pace M,23-10-2016 08:00,9440366,1. Roxburgh Way,0,4.400228682,4.00315508756364852113037465880014440762,3.98457742450502446062820698899485174213,5,4.4,2.34,2.34,2342.54,1727.82,614.72
127822863,AUS / Hoba (AUS) 23rd Oct,R2 1609m Pace M,23-10-2016 08:30,11196774,3. Buster Bruv,1,2.7833247027866306,2.63455308642475395818698543213860050871,2.43318992762738977154482908571339825125,2.86,2.54,2.68,1.02,10302.24,8290.9,2011.34
127822863,AUS / Hoba (AUS) 23rd Oct,R2 1609m Pace M,23-10-2016 08:30,11989519,2. Hilargi,0,26,11.3685536979992397818323649850734466314,12.5438436035212072710643649251171830342,24,24,1,1001,174.94,172.24,2.7
127822865,AUS / Hoba (AUS) 23rd Oct,R3 2090m Pace M,23-10-2016 09:02,9981690,12. Kotare Mahdi,0,5.4,5.32450740966658980999999330540218900436,6.87308741026723773903601375399650117633,5.8,4.8,1000,28,3315.4,2682.76,88.96
127822867,AUS / Hoba (AUS) 23rd Oct,R4 2090m Pace S,23-10-2016 09:32,7152828,4. Rockbank Dancer,0,20,21.8327132643525144101356990378909412916,8.19000376742433756122064548536983548914,1,1001,1,1001,159.26,49.86,.24
127822867,AUS / Hoba (AUS) 23rd Oct,R4 2090m Pace S,23-10-2016 09:32,7277860,2. Mighty Jasper,0,7.1450980001807345,14.4000586836262980335891934896648256043,5.48674271395584303956061566253651216829,15,11,1,1001,2745.66,446.08,28.28
127822871,AUS / Hoba (AUS) 23rd Oct,R6 1609m Pace M,23-10-2016 10:37,8248064,11. Boltnmach,0,81.19039166666666,75.0262918710777508359113727401315891828,60.4752109704641350210970464135021097046,85,70,1,1001,37.92,18.64,4.36
127822873,AUS / Hoba (AUS) 23rd Oct,R7 2090m Pace S,23-10-2016 11:07,6003299,1. Tisu Toota,0,3.4896057215846312,3.59274107527658556319527860750122287806,3.03425873539442052887571979650025157936,3.7,3.7,1,1001,1788.7,712.9,151.32
127822873,AUS / Hoba (AUS) 23rd Oct,R7 2090m Pace S,23-10-2016 11:07,8820361,3. Cyrilfromthepocket,1,3.75,3.99415501667312728761649589075320367535,2.25336404369266663131661275783445569754,3.9,3.9,3.85,1.02,3017.44,607.8,2066.88
127821789,AUS / Quea (AUS) 23rd Oct,R5 1600m CL1,23-10-2016 05:25,8705258,3. Monte Ainslie,0,15.641172708,14.2215519069586767824981182211385756181,12.213395675666084055682231547941194737,15.5,13,17,2.5,2254.22,1035.44,859.24
127821791,AUS / Quea (AUS) 23rd Oct,R6 900m Mdn,23-10-2016 06:00,9469377,3. Seriously Happy,0,120,91.0722939679256443549642794076802544941,45.3236846313769390692467615544538621462,95,65,1,1001,250.12,108.82,1.16
127821791,AUS / Quea (AUS) 23rd Oct,R6 900m Mdn,23-10-2016 06:00,10043672,6. Denman Dreaming,1,2.6764271596097746,2.83277620882806281000211856347004334811,2.38189078176909985157239548852633456368,3.8,2.6,1.12,1.01,26464.08,18964.18,4083.42
127821791,AUS / Quea (AUS) 23rd Oct,R6 900m Mdn,23-10-2016 06:00,11989128,10. Mossy Girl,0,25.840812570361884,22.0684177424810527784979459086198588657,15.8936510161177295024526979677645409951,23,20,25,13,713.5,363.58,100.24
127821795,AUS / Quea (AUS) 23rd Oct,R8 2000m Cup,23-10-2016 07:15,8127666,4. Blue Carlou,0,17.648448802284737,15.4927308815519482188257617589871251415,10.8223968635520982091379203292560693283,18,11,8.6,8.6,2254.78,1451.72,102.76
127821819,AUS / Scne (AUS) 23rd Oct,R7 1100m Hcap,23-10-2016 07:05,10584652,8. Mossmans Gold,0,3.65,3.41078183037867811635771619345500776498,3.11404661656424958777909437686798093708,5.9,2.9,3,2.74,22330.26,18646.82,906.74
127821819,AUS / Scne (AUS) 23rd Oct,R7 1100m Hcap,23-10-2016 07:05,9286781,2. Annatime,0,4.894127386461625,5.43043323344056800177971994897532231865,4.49813464211391228891977607642275174124,6,4.7,4.7,4.7,10417.84,8031.16,210.76
127821819,AUS / Scne (AUS) 23rd Oct,R7 1100m Hcap,23-10-2016 07:05,10310950,11. Dont Move,0,260.468763833,151.803462426222190756290946483814479294,108.830125975732282247468892495556070794,220,75,95,95,258.78,174.1,6.24
127821819,AUS / Scne (AUS) 23rd Oct,R7 1100m Hcap,23-10-2016 07:05,7118520,6. Shalama,0,200.55788283888253,148.815964252548874883253035272632507387,102.825948738327041525928869461553745281,190,110,190,190,201.32,107.78,6.22
127821807,AUS / Scne (AUS) 23rd Oct,R1 1100m Mdn,23-10-2016 03:30,11989235,10. Yulong Baodao,0,16.727715634,15.1784739326527770572681430370331397737,11.1582893102365644238775816645508279072,17,11,1,1001,1465.14,977.78,45.8
127821807,AUS / Scne (AUS) 23rd Oct,R1 1100m Mdn,23-10-2016 03:30,11989233,8. Trojan Grey,0,16,15.6998797561833953422991251832496149262,11.309344138260592545396623128384835935,17.5,12,60,15,1004.48,483.08,171.82
127821809,AUS / Scne (AUS) 23rd Oct,R2 1300m Mdn,23-10-2016 04:05,11989239,7. Griffins Gaze,0,121.82620889551934,100.228917101773339098785786463981723207,97.4124175682082668850480582733502866256,170,100,1,1001,464.02,442.84,21.18
127821811,AUS / Scne (AUS) 23rd Oct,R3 1600m Hcap,23-10-2016 04:40,8600261,10. Laugharne,0,15.5,13.3083340730588088086623675985379031235,10.1749707850844576649314777435461595666,17.5,9,15.5,14.5,2259.12,1432.04,156.06
127821813,AUS / Scne (AUS) 23rd Oct,R4 1600m CL1,23-10-2016 05:15,11989250,12. My Tagoson,1,2.943764978,3.20012925347167439054438083088716446626,2.66682185498329435686811132244417808842,3.75,2.98,1,1001,19789.72,12649.3,2216.94
127821813,AUS / Scne (AUS) 23rd Oct,R4 1600m CL1,23-10-2016 05:15,11866735,6. Ultimate Fantasy,0,5.863557726725995,5.40205376334063325068426144836712342948,8.21520561551716786102171911879422395349,8.4,4.8,1000,4,7973.62,4799,1456
127821813,AUS / Scne (AUS) 23rd Oct,R4 1600m CL1,23-10-2016 05:15,11541360,7. Yatte Yattah,0,32.332510147,26.0935997483849420919800704350079961129,23.0794671842525635960768821175217712431,32,20,20,20,1164.38,921.42,24.84
127821813,AUS / Scne (AUS) 23rd Oct,R4 1600m CL1,23-10-2016 05:15,11989247,8. Almighty Brown,0,273.4312125796265,230.390766305207578094410032757385787117,167.902553967771359075706901793858315597,290,180,80,50,131.56,82.86,19.82
127821817,AUS / Scne (AUS) 23rd Oct,R6 1300m CL3,23-10-2016 06:30,11989258,5. Akasaki,0,6.171738259823216,5.78728849944706666050310328696106389974,5.47901141272809336514282029789154684377,9.8,5.3,6.8,6.8,7754.5,6210.26,387.36
127821817,AUS / Scne (AUS) 23rd Oct,R6 1300m CL3,23-10-2016 06:30,8722297,10. Sculptures,0,120,60.4231211834250949859933051610598482588,50.3793780045129010104974001765917786716,110,42,1,1001,407.72,311.8,4.22
127821817,AUS / Scne (AUS) 23rd Oct,R6 1300m CL3,23-10-2016 06:30,9079141,1. Hes Our Toy Boy,1,9.965687809149568,10.4463296426220164913469136942646837129,6.72524561274109508932569766767995532398,18,7.8,5.3,5,7592.44,4116.88,1978.56
127821823,AUS / Haml (AUS) 23rd Oct,R2 1100m Mdn,23-10-2016 03:35,11579490,8. Lifes Good,1,9.703600547454553,9.8516731769847383343674070193278088288,6.3792730700997547332603026572179190135,10.5,9.4,12,12,4126.12,2309.4,1453.98
127821825,AUS / Haml (AUS) 23rd Oct,R3 1400m Mdn,23-10-2016 04:10,11771984,5. Zamboanga,0,2.3,2.30071625575188596548166539760815000535,2.21528812893159267007516978433626532956,2.98,2.06,40,2,30429.78,25614.6,2470.82
127821829,AUS / Haml (AUS) 23rd Oct,R5 1200m Hcap,23-10-2016 05:20,11989277,7. Miss Benedetta,0,2.6,2.52295882284985573888014969471078627102,2.36440269012467518185549965349571159467,3.35,2.06,2.3,2.3,21096.42,17617.8,1248.3
127821829,AUS / Haml (AUS) 23rd Oct,R5 1200m Hcap,23-10-2016 05:20,10564861,4. Schneller,1,5.8,6.00916143843666051855141522079502671486,5.32559723647235943488363073516604788751,8.4,5,8,8,11344.92,9394.34,1072.42
127821835,AUS / Haml (AUS) 23rd Oct,R8 1400m Hcap,23-10-2016 07:10,9269208,1. Junuh,1,4.059360729486414,4.20328933138038483246794113789410218332,4.0713703308195485282449828146713335468,5.2,3.9,6.2,3.9,25358.84,22433.08,2232.84
127821833,AUS / Haml (AUS) 23rd Oct,R7 2200m Hcap,23-10-2016 06:35,4122033,9. Trinidadian,0,135.75864879854026,85.6841318405203072282317904316675820662,85.5242591819699499165275459098497495826,170,42,50,50,383.36,372.26,11.1
127821833,AUS / Haml (AUS) 23rd Oct,R7 2200m Hcap,23-10-2016 06:35,6337506,5. Play It By Ear,0,4.867102225385024,4.09698730947554256614321049857886515373,4.05823412067718329412937135630817235081,5,4,6.2,6.2,11639.98,10754.78,885.2
127821839,AUS / Sale (AUS) 23rd Oct,R1 1400m Mdn,23-10-2016 02:50,11989286,4. Meru,0,5.8864765395893475,5.94096029745657491049406152312968052559,5.67088476641102655458822084941031488526,8.2,5.4,1,1001,8796.22,7920.22,290.04
127821843,AUS / Sale (AUS) 23rd Oct,R3 1100m Mdn,23-10-2016 04:00,11989303,11. Navagio,1,2.278559535,2.36308252401025085775352181164617074657,2.29836927504579546567580353067931503738,2.8,2.22,5,1.7,38388.08,33158.76,2701.4
127821843,AUS / Sale (AUS) 23rd Oct,R3 1100m Mdn,23-10-2016 04:00,11989298,4. Youl Thrashem,0,60,45.0739595493482867534766798223860733877,12.9571168807596795617487150294120073592,65,19,44,20,2424.18,568.52,1647.3
127821845,AUS / Sale (AUS) 23rd Oct,R4 1000m Hcap,23-10-2016 04:35,11989304,3. Chapel Road,0,6.805366920690865,4.64222983206089430673485882783842614126,4.51524056311247223641325876892226742105,6.8,5.1,6.4,6.4,7320.74,6378.06,942.68
127821847,AUS / Sale (AUS) 23rd Oct,R5 1717m Hcap,23-10-2016 05:10,6416727,7. Outback Grande,1,32,32.1076648830294147238051085628327699356,10.3165472533927238463515216779451535139,50,28,30,30,3268.76,902.5,1913.1
127821849,AUS / Sale (AUS) 23rd Oct,R6 1200m Hcap,23-10-2016 05:45,8668340,1. Temps Voleur,0,43.295221984779474,41.6737390556453596206412205310248661979,22.5776296710844292945994759736460532675,50,38,36,8.8,786.22,266.58,275.5
127821917,AUS / SCst (AUS) 23rd Oct,R4 1200m 3yo,23-10-2016 05:00,10364049,8. Sidereus Attacks,0,182.7946399351582,98.1148681935730890910302632730960168624,101.575862258046827877392114931183856994,180,60,260,220,364.74,244.88,41.32
127821917,AUS / SCst (AUS) 23rd Oct,R4 1200m 3yo,23-10-2016 05:00,11224902,10. Balabina,0,3.7540581128309354,4.24330527961160013404158626292329812771,3.42168967298658207956823008096955296023,4.5,3.75,4,4,15756.54,9810.74,718.32
127821917,AUS / SCst (AUS) 23rd Oct,R4 1200m 3yo,23-10-2016 05:00,11989206,9. Ticketome,0,36,28.1695069325656189679746485619602367928,20.6880117442725994541394425605822512613,32,24,48,38,967.28,611.86,54.44
127821921,AUS / SCst (AUS) 23rd Oct,R6 1000m Mdn,23-10-2016 06:10,11440521,7. Lakoudis,0,18.090060293687564,11.8650292381208536828355831209425469842,12.0583755463068354606354971283592982944,19,14,1,1001,2301.82,2290.8,11.02
127821921,AUS / SCst (AUS) 23rd Oct,R6 1000m Mdn,23-10-2016 06:10,11989213,1. Interventions,0,20.797194806,15.5823114923827259040088808901139573448,15.7650235794731290991307721216676567217,34,17,1,1001,1649.74,1640.34,9.4
127821921,AUS / SCst (AUS) 23rd Oct,R6 1000m Mdn,23-10-2016 06:10,11989221,10. Zoff N Off,0,19.5,13.2256872064972800854417548103926484927,13.464384907703568527969679043044929963,22,15,18,18,1994.66,1967.54,27.12
127821921,AUS / SCst (AUS) 23rd Oct,R6 1000m Mdn,23-10-2016 06:10,11989215,3. Port Isaac,0,34,24.8034921448203662665387542012359722332,25.158761410417039556112403794522999821,50,26,1,1001,670.44,668.48,1.96
127821921,AUS / SCst (AUS) 23rd Oct,R6 1000m Mdn,23-10-2016 06:10,11989217,5. Brandy Bar,0,39.4530895622424,30.2662491961449027057362225534121302246,30.5515073723012111637704054765666140074,50,40,1,1001,607.68,606.72,.96
127821911,AUS / SCst (AUS) 23rd Oct,R1 1600m CL1,23-10-2016 03:15,11904174,1. Favulous Floyd,0,40.833571584,32.8338769310250714551770506840471798247,26.3445447087776866283839212469237079573,44,23,1,1001,731.4,525.56,30.9
127821919,AUS / SCst (AUS) 23rd Oct,R5 1600m Hcap,23-10-2016 05:34,2260437,5. Emphasis,1,3.61132777,3.44919543670700361920758281091148115475,2.93234472909737046162873900117660091074,4.2,3.3,3.95,1.06,20040.78,13588.92,4442
127821919,AUS / SCst (AUS) 23rd Oct,R5 1600m Hcap,23-10-2016 05:34,7541621,1. Secret Harmony,0,8.521042649,9.59015057328988796114335128486702658758,6.17273557919710495296299355071212451105,10.5,9.2,11,11,5327.72,2026.42,437.18
127821919,AUS / SCst (AUS) 23rd Oct,R5 1600m Hcap,23-10-2016 05:34,9075186,9. Ekofanidea,0,80,66.0323408894263045013226462631460650459,43.1854122292067120369889344901033819939,90,55,440,440,384.98,220.56,3.58
127821923,AUS / SCst (AUS) 23rd Oct,R7 1000m CL3,23-10-2016 06:48,9272625,11. Heart Of Thunder,0,36,24.7565353726383460064225209195871568318,14.7631649178992316660345820516061972385,32,14,34,34,1423.86,754.06,28.04
127821923,AUS / SCst (AUS) 23rd Oct,R7 1000m CL3,23-10-2016 06:48,10470498,4. Bella Sash,0,6.23980008962506,5.57936024198431960869706019824887529885,4.73515749504998309750325976722847346308,6.2,4.9,1,1001,6626.24,5113.98,72.06
127821925,AUS / SCst (AUS) 23rd Oct,R8 1400m CL2,23-10-2016 07:23,10634673,9. Brialka Lodge,0,21.95728290978586,18.0139339901803270008889757109974559485,14.5882305290692768542739009366298202683,27,15.5,38,38,2370.2,1815.82,26.64
127821915,AUS / SCst (AUS) 23rd Oct,R3 1200m CL1,23-10-2016 04:25,11989203,8. Whymegod,0,55,35.5887606396692067742818262429471082182,34.6961694028075184392100880323578396384,60,42,1,1001,1092.78,1005.9,86.88
127821939,AUS / Gawl (AUS) 23rd Oct,R7 1500m Cup,23-10-2016 06:52,9503845,10. Redeem Bounty,0,15.832421116810291,15.5370333648701177632962622275912940808,12.5128520928556954044986828180938013645,17.5,14.5,1,1001,2664.78,2002.4,39
127821941,AUS / Gawl (AUS) 23rd Oct,R8 1500m Hcap,23-10-2016 07:27,11767819,4. New Balls Please,0,11.5,9.84617322687446741205140833246056928591,8.03280074069175319092652602341115005621,11.5,8.4,70,70,3024.2,2257.12,25.56
127821941,AUS / Gawl (AUS) 23rd Oct,R8 1500m Hcap,23-10-2016 07:27,7320650,3. Insuperable,0,18.5,16.6624154995367234502153985981500211341,14.0576106854702013695843786019391145162,23,15,1,1001,2949.8,2201.62,11.24
127821941,AUS / Gawl (AUS) 23rd Oct,R8 1500m Hcap,23-10-2016 07:27,8591271,13. Baikal,0,15.213845015487752,15.7796987366396674650839410839592067298,13.3069804529092814507677586913929010799,19.5,13.5,1,1001,2194.7,1767.5,2.6
127821941,AUS / Gawl (AUS) 23rd Oct,R8 1500m Hcap,23-10-2016 07:27,10474513,11. Springfield Lew,0,12.103560139434412,11.3094581868174040655885720594372912051,9.93190866756167142137942607820104044303,14,8.8,10.5,10.5,3813.76,2858.04,242.06
127821927,AUS / Gawl (AUS) 23rd Oct,R1 1100m Mdn,23-10-2016 03:20,11989065,5. Showmethesugar,0,35.78429380037123,42.5517847205383120977200760395299403601,35.2745309617459709700998990567022868878,65,32,1,1001,574.58,412.54,8.62
127821929,AUS / Gawl (AUS) 23rd Oct,R2 1700m Mdn,23-10-2016 03:55,11740610,5. True Believers,0,16.259216139,15.9971951954308317525182831945827648592,11.8026215622151932664986865383584410015,18.5,16.5,16.5,9.2,746.12,307.9,212.22
127821931,AUS / Gawl (AUS) 23rd Oct,R3 1200m Mdn,23-10-2016 04:30,11726794,1. All Jazzed Up,0,122.25266572858884,128.61272930176235666931222564795571576,74.1088457216246588537485952801412746829,150,110,1,1001,249.16,139,2.4
127821931,AUS / Gawl (AUS) 23rd Oct,R3 1200m Mdn,23-10-2016 04:30,11989076,10. Siliconni,1,4.9,5.1732377819593314651785886556953250952,3.99977248698763825634352635003253090436,5.6,4.3,3.15,1.01,10820.48,7306.48,2159.2
127821933,AUS / Gawl (AUS) 23rd Oct,R4 1200m CL2,23-10-2016 05:05,2000610,1. Midnight Moon,0,6.889122172897915,6.73819041028634746651394859673150794467,6.35432985343538762314877522074138437752,7.6,5,1,1001,7825.9,7057.4,31.28
127821946,AUS / Nort (AUS) 23rd Oct,R1 1000m 3yo,23-10-2016 05:42,11989395,7. Karlakee Miss,1,2.8,2.9696098836762550020458576498555700169,2.45952762526011904848343152388738751167,3.2,2.8,1,1001,13772.54,9802.06,1644.7
127821948,AUS / Nort (AUS) 23rd Oct,R2 1100m Mdn,23-10-2016 06:25,7320838,2. Kuhn Suk,0,100.429944059,88.6032399606309084010253100623655557113,55.908714837286265857694429123000551572,130,50,1,1001,290.08,170.3,7.12
127821960,AUS / Nort (AUS) 23rd Oct,R8 1600m Listed,23-10-2016 09:47,8122623,5. Young Lionel,0,16.158165244,16.627726473570044100226999711161678238,12.4481320350095937778963461558193701967,19.5,14.5,1,1001,1949.18,1293.36,23.22
127821960,AUS / Nort (AUS) 23rd Oct,R8 1600m Listed,23-10-2016 09:47,10780029,4. Socially Unique,0,11.769065552582031,7.66522138907554081109069542810643208384,6.9719447774770439315587872853562397946,11,6,1,1001,7189.82,6142.22,8.22
127821962,AUS / Nort (AUS) 23rd Oct,R9 1300m CL1,23-10-2016 10:22,11989433,7. Madam Ruler,0,12.5,14.2185851758438583120857824198887351845,9.92961827079934747145187601957585644372,21,12.5,1,1001,1839,1097,85.48
127821962,AUS / Nort (AUS) 23rd Oct,R9 1300m CL1,23-10-2016 10:22,11989432,6. Shuriken Star,0,31.07153344435385,29.0217323796454649493712005130114962078,20.099143543300251728827290877000086803,34,16,1,1001,691.22,385.9,9.32
127821954,AUS / Nort (AUS) 23rd Oct,R5 1300m Mdn,23-10-2016 08:12,11700465,2. Vandalago,0,15,13.9035471913362788349665092215124310672,11.5179764786360766154493790780888234056,19,13,1,1001,1520.32,1170.86,17.88
127821954,AUS / Nort (AUS) 23rd Oct,R5 1300m Mdn,23-10-2016 08:12,10838594,11. Playful Girl,0,260,240.810233323680913648653081978637557539,99.9194837123540258143822987092808850645,260,210,1,1001,97.62,37.98,.32
127821956,AUS / Nort (AUS) 23rd Oct,R6 1600m Mdn,23-10-2016 08:47,11989422,8. Magnascope,0,4.858788544708515,4.19874262282898626895418457575934814391,4.38191291200277875208151006105762845769,5.8,4.5,50,4,5873.14,5153.88,719.26
127821956,AUS / Nort (AUS) 23rd Oct,R6 1600m Mdn,23-10-2016 08:47,10896885,4. Fair Luck,0,10.173117310289527,8.6527611514953632786299729021605394859,8.64442824190683246281517618050216082933,17,9,9.2,9.2,3017.36,2889.62,127.74
127821958,AUS / Nort (AUS) 23rd Oct,R7 1600m CL3,23-10-2016 09:17,8662701,1. Starkle,0,4.9,4.99723511496985479126701215610029552492,4.26180671038645889737881796121372560817,5.8,4.7,6.8,5,4986.3,3570,381.32
127821992,AUS / ASpr (AUS) 23rd Oct,R1 1200m Hcap,23-10-2016 05:56,10239574,8. Simbelation,0,6.6,5.99813272609918535777625085796027509351,6.35829994494091736902291304900258354157,6.6,5.4,80,6.6,2361.1,1673.6,123.98
127821992,AUS / ASpr (AUS) 23rd Oct,R1 1200m Hcap,23-10-2016 05:56,5355483,6. Ausbred Royal,0,120,93.8591117425931016476318550643866396996,59.3943135662063363119415109666937449228,110,90,1,1001,123.1,63.64,.22
127821994,AUS / ASpr (AUS) 23rd Oct,R2 1100m Mdn,23-10-2016 06:37,11989387,2. Simon The Likeable,0,4.714525588294492,4.51560601202248832539948724031653243836,4.41562291753026304052387723726118827363,5.5,4,80,4.7,3811.58,2518.74,174.2
127821994,AUS / ASpr (AUS) 23rd Oct,R2 1100m Mdn,23-10-2016 06:37,11989386,1. Oscars Fury,0,4.749892450795304,5.25831254625014927627704396980660022692,4.84093864605015363266924373079591634453,7,4.2,1,1001,4035.6,3302.4,82.68
127821996,AUS / ASpr (AUS) 23rd Oct,R3 1000m Hcap,23-10-2016 07:14,5012142,1. Aurumcert,0,31.409615954234027,28.7677200905030685051266311718391796067,17.6281923393540264393976078640259551596,30,28,20,20,413.02,187.38,41.54
127821996,AUS / ASpr (AUS) 23rd Oct,R3 1000m Hcap,23-10-2016 07:14,11659325,2. Super Bryan,1,1.77,1.79842914323702054536964819658919598106,1.55916422016376883234112059145909002987,1.86,1.78,1.78,1.01,9305.8,5325.38,2415.86
127821996,AUS / ASpr (AUS) 23rd Oct,R3 1000m Hcap,23-10-2016 07:14,10517255,4. Star Of Harkaway,0,9.502091802510476,11.2115735036664713439251635021247415294,8.31481888757307468185492208500159777439,12,12,95,5,1063.98,483.34,157.2
127821998,AUS / ASpr (AUS) 23rd Oct,R4 1000m Hcap,23-10-2016 07:57,7441814,2. Shivarchi,0,13.349267666584465,9.55190102962493379352996844609018308856,10.2629254932647699960874182549885417249,25,13,1,1001,1073.46,1059.7,13.76
127822000,AUS / ASpr (AUS) 23rd Oct,R5 1400m Hcap,23-10-2016 08:32,10474775,9. Redoutes Empire,0,28.789648989534562,27.5668204438963978981660113531188557435,13.8915047137515141939221572654974456207,32,21,1,1001,379.74,167.1,5.16
127822768,AUS / Dubb (AUS) 23rd Oct,R2 1720m Pace M,23-10-2016 04:41,8716594,1. Octavia Shannon,0,,50.3130005973907848775783673231588494271,70.5714285714285714285714285714285714286,1,1001,1,1001,2.66,2.3,.36
127822772,AUS / Dubb (AUS) 23rd Oct,R4 2120m Pace M,23-10-2016 05:51,5325800,6. Rhiannon Shannon,0,,112.258287292817679558011049723756906077,112.258287292817679558011049723756906077,130,100,1,1001,14.48,14.48,0
127822772,AUS / Dubb (AUS) 23rd Oct,R4 2120m Pace M,23-10-2016 05:51,8451086,4. Seventhirtyseven,0,,8.46042834115073680862224961697965290797,11.4688501602564102564102564102564102564,1,1001,1,1001,99.84,93.76,2.08
127822774,AUS / Dubb (AUS) 23rd Oct,R5 2120m Pace M,23-10-2016 06:25,8035369,8. How Goods This,0,,186.58213753255377274397006787083452848,408.628495339547270306258322237017310253,1,1001,670,640,15.02,7.9,7.12
127822822,AUS / Mary (AUS) 23rd Oct,R1 1690m Trot M,23-10-2016 04:20,11989685,8. Veruckte Phoenix,1,3.15,2.49555877667802639596366797444066261649,2.39550440130040212469581648429731777986,3.1,2.04,6,2.6,17760.66,13112.98,3863.72
127822822,AUS / Mary (AUS) 23rd Oct,R1 1690m Trot M,23-10-2016 04:20,9663912,7. Very Belle,0,64.91512318784257,45.1890004523870594483014859066567981826,35.9193083573487031700288184438040345821,48,36,120,120,180.44,102.2,2.88
127822824,AUS / Mary (AUS) 23rd Oct,R2 1690m Pace M,23-10-2016 04:54,6629910,6. Dont Tell Jim,0,148.451188462,88.3162354586124745410979738251293206253,42.4320113314447592067988668555240793201,70,70,1,1001,28.24,13.4,0
127822830,AUS / Mary (AUS) 23rd Oct,R5 2190m Pace M,23-10-2016 06:43,8901020,4. Give Me The Night,0,74.82087863083461,80.4866615800690571509385566806358571919,107.744774919614147909967845659163987138,1,1001,290,110,49.76,11.08,15.82
127822836,AUS / Mary (AUS) 23rd Oct,R8 2690m Pace M,23-10-2016 08:17,723356,3. Cyrus,0,203.751276717,223.817262270798925365997053845517677336,115.491770373344038538739462063428342031,120,120,170,150,49.82,19.54,7.48
127822836,AUS / Mary (AUS) 23rd Oct,R8 2690m Pace M,23-10-2016 08:17,8881444,1. Im Corzin Terror,0,34.360289372,35.734395299972650167706774857025205269,26.0770121992775846793430109725345873373,48,34,29,18,586.92,277.04,168.06
127822838,AUS / Mary (AUS) 23rd Oct,R9 1690m Pace M,23-10-2016 08:45,11989695,8. Shadow Blue,0,8.8,8.6969652689245648667873490718837115823,16.0202225089363142198439053279468685886,8.8,7.2,1000,290,945.58,733.26,36.54
127822838,AUS / Mary (AUS) 23rd Oct,R9 1690m Pace M,23-10-2016 08:45,11989696,10. Lewis Lane,0,11.568040001869559,11.8315332450104993307324914275005926336,11.0069276561396428211078599535869236202,14,11,60,60,991.1,778.82,11.3
127822843,AUS / Kalg (AUS) 23rd Oct,R2 1750m Pace M,23-10-2016 06:54,11989679,9. Hy Fyfe,1,,3.32216441909546913744985932926286621932,2.81751669430597451934669533937297318577,3.75,2.56,1,1001,4064.26,2767.22,1297.04
127822843,AUS / Kalg (AUS) 23rd Oct,R2 1750m Pace M,23-10-2016 06:54,11942585,2. Im Soxy,0,,91.7835642472861310285624524332507277785,164.094805849722642460917801311144730207,1,1001,250,250,39.66,19.06,20.6
127822843,AUS / Kalg (AUS) 23rd Oct,R2 1750m Pace M,23-10-2016 06:54,9110252,4. Highview Hayley,0,,196.686853464398222772375350781229519779,336.375488917861799217731421121251629726,330,290,550,510,30.68,15.64,15.04
127822843,AUS / Kalg (AUS) 23rd Oct,R2 1750m Pace M,23-10-2016 06:54,11989678,5. Madam Sally,0,,110.198189961225946263221914168626513923,128.413580246913580246913580246913580247,1,1001,1,1001,16.2,12.58,3.62
127822845,AUS / Kalg (AUS) 23rd Oct,R3 2150m Pace M,23-10-2016 07:24,8471832,5. Just A Legend,0,,117.107623318385650224215246636771300448,117.107623318385650224215246636771300448,1,1001,1,1001,4.46,4.46,0
127822845,AUS / Kalg (AUS) 23rd Oct,R3 2150m Pace M,23-10-2016 07:24,8897764,2. Tiz Art,0,,5.96562681903443191287032940923379002209,10.4654565456545654565456545654565456546,1,1001,1,1001,18.18,17.98,.2
127822847,AUS / Kalg (AUS) 23rd Oct,R4 2550m Pace M,23-10-2016 08:07,8289604,8. Canyouseeme,0,,9.40193106529343425578860275869366032495,9.38140521384272558863801111498912664107,10,6,1,1001,744.94,732.16,12.78
127822853,AUS / Kalg (AUS) 23rd Oct,R7 2150m Pace M,23-10-2016 09:42,5883985,6. Celestial Ruler,0,,80.2563514291588582491605438079634353848,87.2576687116564417177914110429447852761,130,70,120,120,32.6,29.64,2.96
127822855,AUS / Kalg (AUS) 23rd Oct,R8 2518m Pace S,23-10-2016 10:07,8635272,5. Hes Ritehererightnow,0,,19.1529462778611966275611199324475695549,22.4117647058823529411764705882352941177,1,1001,1,1001,36.04,35.04,1
127822869,AUS / Hoba (AUS) 23rd Oct,R5 2090m Pace S,23-10-2016 10:02,4688767,5. The Majority,0,11.5,10.9808972997260496614250191791373264458,10.352026517316264715967539147331123557,12,10,1,1001,874.9,694.82,22.64
127822869,AUS / Hoba (AUS) 23rd Oct,R5 2090m Pace S,23-10-2016 10:02,7129884,8. Resurgent Spirit,1,2.5,2.3480438597925701139360789320144485781,2.06497670524148356660671931607892199025,2.54,2.2,2.58,1.02,12277.44,8733.08,2279.86
127822861,AUS / Hoba (AUS) 23rd Oct,R1 2090m Pace M,23-10-2016 08:00,11378425,8. Isundula Artist,0,22,14.7035984418165994733001744270371044253,18.5277135461604831751509922346850733391,22,19.5,60,60,115.9,99.16,16.74
127822861,AUS / Hoba (AUS) 23rd Oct,R1 2090m Pace M,23-10-2016 08:00,11989516,12. Demonstrative,0,19,13.6793399562952678661374550836358163334,18.437241218888113514770876948127471505,21,15,100,100,171.96,129.8,42.16
127822863,AUS / Hoba (AUS) 23rd Oct,R2 1609m Pace M,23-10-2016 08:30,11989521,6. Major Giles,0,20,10.8528943455283097603446958504736415499,12.6732418524871355060034305317324185249,18.5,18.5,19,19,139.92,119.78,20.14
127822871,AUS / Hoba (AUS) 23rd Oct,R6 1609m Pace M,23-10-2016 10:37,7820108,3. Warrior Mac,0,75,70.758818530428093123614206963549710698,57.6027789129546383326522272170004086637,75,70,1,1001,48.94,23.84,4.44
127822871,AUS / Hoba (AUS) 23rd Oct,R6 1609m Pace M,23-10-2016 10:37,8709807,10. Im Full Tilt,1,6.584463192549883,7.13809596593209508093896937970848807102,6.90077357063921363345547606584074914209,7.6,6.6,1,1001,1375.44,1149.08,11.84
127822873,AUS / Hoba (AUS) 23rd Oct,R7 2090m Pace S,23-10-2016 11:07,8512626,4. Regal Stride,0,7.479401309,8.36495061958161353879757623652400631667,7.7640726472206934507429829389102916896,8,6.4,22,4,654.12,333.64,183.06
127822873,AUS / Hoba (AUS) 23rd Oct,R7 2090m Pace S,23-10-2016 11:07,3728819,9. Wrongly Accused,0,20,25.0191323751331053758249262831726467506,20.4002790519877675840978593272171253823,28,25,25,25,366.24,201.5,71.4
127821781,AUS / Quea (AUS) 23rd Oct,R1 1000m 3yo,23-10-2016 03:05,11989115,3. Tunnel Rat,0,130,117.322425599816339510296532941097171215,105.601170874496889864617636297109403586,180,80,490,80,437.28,359.62,16.88
127821783,AUS / Quea (AUS) 23rd Oct,R2 1000m Hcap,23-10-2016 03:40,4829353,3. Sky Mission,0,11.13104736051755,11.3117757605216470818941083673845959671,9.35088650308909412402871413375037865179,12,11,13,13,2839.02,1942.54,261.02
127821787,AUS / Quea (AUS) 23rd Oct,R4 1460m CL3,23-10-2016 04:50,1185976,2. Flash Magic,0,7,5.72924080296659415303786562135599693193,5.30733759228714515134140741123179052686,6.6,4.9,6.6,5.5,7360.18,5715.74,799.12
127821789,AUS / Quea (AUS) 23rd Oct,R5 1600m CL1,23-10-2016 05:25,11989119,2. Force Of Magic,1,5.4,5.09257042032276550375207287439703247641,3.46421344980767798495539714916548342379,5.4,4.8,5,1.24,8324.58,3726.74,3617.98
127821791,AUS / Quea (AUS) 23rd Oct,R6 900m Mdn,23-10-2016 06:00,11948143,7. Halona,0,13.615631098,11.9890715301966334370862789584076863886,7.63684514439847810094841837985777679341,13,10,1,1001,2528.42,1346.1,21.62
127821791,AUS / Quea (AUS) 23rd Oct,R6 900m Mdn,23-10-2016 06:00,11989126,8. Plucka Pony,0,97.36824216525886,120.422699348151552222053215047698110621,68.6729052075148224873205228944924637474,180,100,350,350,279.98,134.34,4.26
127821795,AUS / Quea (AUS) 23rd Oct,R8 2000m Cup,23-10-2016 07:15,8272429,8. Bond Of Faith,0,12.466783413416707,12.2508389398675977966285039699547423716,10.3672826294542604824529631410150873565,15,9.8,1,1001,3036.98,2269.06,19.28
127821795,AUS / Quea (AUS) 23rd Oct,R8 2000m Cup,23-10-2016 07:15,9481946,9. The Arod,0,59.28804624080192,59.0224792593113494187710203006115964895,45.7384013477268193203732848624564981269,80,46,60,60,902.26,663.92,8.38
127821819,AUS / Scne (AUS) 23rd Oct,R7 1100m Hcap,23-10-2016 07:05,10466734,5. Ayham,0,33.243484795362605,32.9548068660874879854224441769768102722,25.8550476997765277028589042151498805579,38,19.79,1,1001,1297.7,1000.42,22.6
127821807,AUS / Scne (AUS) 23rd Oct,R1 1100m Mdn,23-10-2016 03:30,11989232,7. Natadola,1,5,4.52079887068648732659862946539031957435,3.9674049517324266331340014119558987779,4.9,4,19.5,1.03,12946.58,9674.86,2048.8
127821807,AUS / Scne (AUS) 23rd Oct,R1 1100m Mdn,23-10-2016 03:30,11989228,2. Mr Casson,0,8.8,9.75274070109526368398123261962347980644,8.46548757979208462520517964617909903338,15,8,12.5,12.5,2741.5,2121.26,152.94
127821813,AUS / Scne (AUS) 23rd Oct,R4 1600m CL1,23-10-2016 05:15,11989252,14. Ciqala,0,188.04522449656832,157.846958563888259784379114908290310054,101.809408509166378415773088896575579384,200,120,1,1001,115.64,72.74,.86
127821813,AUS / Scne (AUS) 23rd Oct,R4 1600m CL1,23-10-2016 05:15,10176721,3. Orlando Jack,0,39.438366861,46.3620656713925663002882943490807334077,32.8136852895950794464377242439774474628,50,40,42,20,390.2,242.04,25.68
127821815,AUS / Scne (AUS) 23rd Oct,R5 2200m Hcap,23-10-2016 05:50,8391519,5. Suggestapartner,0,3.04046110367457,3.0512587934951525492802521577715993491,3.20324480168773884834216783690691212738,3.5,2.98,50,2.94,27151.12,24730.84,2420.28
127821815,AUS / Scne (AUS) 23rd Oct,R5 2200m Hcap,23-10-2016 05:50,9294082,6. Doesnt Make Sense,0,11.856607228376816,9.64455821771647843844742197643085184881,10.0558850316250965711737401780050122795,14,9,10.5,10.5,3184.18,2999.44,184.74
127821815,AUS / Scne (AUS) 23rd Oct,R5 2200m Hcap,23-10-2016 05:50,4126510,10. Hussonet Song,0,85,48.6189934803364981683486003404401115752,50.3140749846342962507682851874615857406,95,42,1,1001,260.32,248.04,12.28
127821815,AUS / Scne (AUS) 23rd Oct,R5 2200m Hcap,23-10-2016 05:50,7398328,11. Ode To Caitlin,1,5.958538820145769,5.72050954956051430179061921313754380688,4.94921200671600639949357948799105851283,8.2,5.6,6.2,6.2,8088.14,6355.5,1732.64
127821815,AUS / Scne (AUS) 23rd Oct,R5 2200m Hcap,23-10-2016 05:50,11445157,7. My Ladybug,0,23.279086300600326,13.7928628373061960159778184161851156559,14.0734068873286526245402875292544299565,23,16,10,10,1495.5,1297.8,197.7
127821817,AUS / Scne (AUS) 23rd Oct,R6 1300m CL3,23-10-2016 06:30,11989256,3. Tennessee Fling,0,4.645029008242019,4.4201240299158459491524903930077394883,4.07602520123558857039440941416484660028,5.3,3.4,1,1001,9724.92,7723.98,300.14
127821817,AUS / Scne (AUS) 23rd Oct,R6 1300m CL3,23-10-2016 06:30,11989260,8. Contralto,0,12.5,11.7422650951161957352078485462090868498,10.3508718003356151612817302826092746984,14.5,9,17,8,3754.3,2978.3,248.56
127821817,AUS / Scne (AUS) 23rd Oct,R6 1300m CL3,23-10-2016 06:30,8743591,9. Shadow Affair,0,88.24515543237794,65.9412501299420651327900429908175309884,44.181461632885242956797700667644681297,100,30,230,34,668.02,347.52,60.88
127821831,AUS / Haml (AUS) 23rd Oct,R6 2200m Cup,23-10-2016 05:55,706019,5. Name The Day,0,5.041675844772691,5.14651842248214664087150862458836247887,4.88581261266922475718431997863457663864,6,4.5,5,4,10184.68,7582.42,1747.64
127821831,AUS / Haml (AUS) 23rd Oct,R6 2200m Cup,23-10-2016 05:55,7614357,12. Melaleuca,0,10.867056287,9.80875810695112827603857720950577745484,9.04073443988046604810458101559089840733,14.5,8.6,70,7.8,3573.88,2681.66,339.8
127821831,AUS / Haml (AUS) 23rd Oct,R6 2200m Cup,23-10-2016 05:55,9925805,3. Leica Day,1,2.9229889441726113,2.9902555134033477258143314223744492396,2.61677282426960382792802557163950242621,3.2,2.5,3,2.2,33768.66,19896.1,10408.54
127821821,AUS / Haml (AUS) 23rd Oct,R1 1400m Mdn,23-10-2016 03:00,11821146,4. Dars Lap,0,4.7,4.37479806397054117113137073321338496514,4.2893494204573189985202076147009778236,4.8,4,5.3,5.2,11717.86,10552.24,351.68
127821825,AUS / Haml (AUS) 23rd Oct,R3 1400m Mdn,23-10-2016 04:10,11904206,10. Skilled Hunter,0,8.2,10.577298245124499185520668699896380375,8.96569973673271442427601496466675904115,13.5,8.6,11.5,11,4330.2,3309.4,351.24
127821825,AUS / Haml (AUS) 23rd Oct,R3 1400m Mdn,23-10-2016 04:10,10672826,2. Doin It Solo,0,25,24.9634829589280883855467994587067651788,14.949613708844270763149620446480707901,30,18,1,1001,890.52,488.34,31.24
127821835,AUS / Haml (AUS) 23rd Oct,R8 1400m Hcap,23-10-2016 07:10,11989283,9. Vatiaz,0,20.438806036231114,11.1200763652134382552844820175972974377,11.8455862928348909657320872274143302181,18,11,19,19,3210,2850.88,177.5
127821835,AUS / Haml (AUS) 23rd Oct,R8 1400m Hcap,23-10-2016 07:10,10855926,7. Mr In Between,0,3.75,3.59697257464860702047085229504793968543,3.61223133271061871857680554886430979943,4.2,3.2,4,3.45,42759.02,41743.04,835.06
127821835,AUS / Haml (AUS) 23rd Oct,R8 1400m Hcap,23-10-2016 07:10,11781844,10. Overton Onyx,0,55,38.2444320335019599858466259806277151387,39.6316039047042856909266314567424824632,65,25,85,75,1223.14,1189.76,22.38
127821841,AUS / Sale (AUS) 23rd Oct,R2 1400m 3yo,23-10-2016 03:25,10926522,3. Casque,0,18.60820543,19.3779175267777971594817148708716749577,15.9727417227501775508133518211640569515,26,13.5,90,90,2365.52,1640,31.42
127821845,AUS / Sale (AUS) 23rd Oct,R4 1000m Hcap,23-10-2016 04:35,11989305,4. Tuscany Hero,1,2.656015159,2.36846147779936787778892937703215255078,2.34551567185731403946191253925113737386,3.1,2.6,3.4,1.01,28324.02,24864.26,3459.76
127821853,AUS / Sale (AUS) 23rd Oct,R8 1400m Hcap,23-10-2016 06:55,11989315,8. Kerauno,0,9.184958434722393,10.1605457155149632781893476439864825891,9.40288050932118728728898220423644152458,13,9,1,1001,5905.9,5051,210.14
127821847,AUS / Sale (AUS) 23rd Oct,R5 1717m Hcap,23-10-2016 05:10,11282629,3. Red Ticker,0,3.7596896135760387,3.9873678191647263554924421537250816363,3.68006781002756055080374864217674261144,5.9,3.45,5.6,3,31428.98,24649.94,1849.08
127821847,AUS / Sale (AUS) 23rd Oct,R5 1717m Hcap,23-10-2016 05:10,8970503,4. Crisis Point,0,5.805997978,5.91871837240833993528644085441621103221,5.4547280383955340443917934820091931826,7.4,5.5,4,4,9859.48,8048.58,560.92
127821917,AUS / SCst (AUS) 23rd Oct,R4 1200m 3yo,23-10-2016 05:00,11541492,16. Venetian Beauty,0,87.2571290214185,72.1703497119202748648269978622882470252,59.707950135965046289223624308717039934,130,28,170,50,654.58,392.54,58.96
127821921,AUS / SCst (AUS) 23rd Oct,R6 1000m Mdn,23-10-2016 06:10,11989222,11. Real Romance,0,80,27.4543544691951079302739593182048307224,27.2346533964365256124721603563474387528,80,27,1,1001,287.36,269.28,18.08
127821919,AUS / SCst (AUS) 23rd Oct,R5 1600m Hcap,23-10-2016 05:34,10744665,4. Fusina,0,3.693170949,3.6827338328770169102583403182799862134,3.4448148882292019756202549164724552043,3.95,3,1,1001,17051.86,14466.92,464.48
127821919,AUS / SCst (AUS) 23rd Oct,R5 1600m Hcap,23-10-2016 05:34,11989212,8. How Can I Help,0,6.868490374,6.89179761353414379091061155382527697957,6.28359096059423391665617524864660707541,7.2,6.6,6.4,6.4,6354.4,5114.78,484.7
127821923,AUS / SCst (AUS) 23rd Oct,R7 1000m CL3,23-10-2016 06:48,10906869,2. Drumbeats Choice,1,3.3,3.76244031871009268047484038940094647274,3.18590453261513436707763748602426207151,4.6,3.4,40,1.02,21000.68,14904.4,2780.94
127821925,AUS / SCst (AUS) 23rd Oct,R8 1400m CL2,23-10-2016 07:23,8087742,7. Grey Not Black,0,12.083775042,12.0004326474353747654516535611314022391,9.3570497657177556032881082501789970726,15,8.6,40,8.6,4413.48,2985.04,234.36
127821925,AUS / SCst (AUS) 23rd Oct,R8 1400m CL2,23-10-2016 07:23,9437750,1. Aldesaar,0,3.5472520502118634,3.50961737548935562090544979432921549902,3.1897811647835486369151676139015228913,3.7,3.2,3.85,3.85,15856.68,12507.06,611.04
127821913,AUS / SCst (AUS) 23rd Oct,R2 1400m Mdn,23-10-2016 03:50,11151733,14. Irish Vice,0,3.6344198658684395,3.23579382424782321953006911189012359589,3.11167681837515950659293917481922586134,3.85,2.4,1,1001,28212,25597.56,362.56
127821913,AUS / SCst (AUS) 23rd Oct,R2 1400m Mdn,23-10-2016 03:50,11989198,11. Day Of The Fox,0,27.877286341125142,28.3871202044976067225606053897717232696,21.0026393259567556593239265049233580347,36,24,1,1001,985.1,669.18,20.04
127821915,AUS / SCst (AUS) 23rd Oct,R3 1200m CL1,23-10-2016 04:25,10929990,7. Agent Albert,0,48.21412297632348,19.6722571073963784744237171374471455324,20.2009688593483497740500430799528758067,48,23,65,65,1137.42,1101.42,36
127821939,AUS / Gawl (AUS) 23rd Oct,R7 1500m Cup,23-10-2016 06:52,3266857,7. It And A Bit,0,13.5,11.5816036180436874415906527796048435794,8.90319214073566369659584190084532785013,14.5,10.5,12.5,9.4,4377,3064.4,140.6
127821939,AUS / Gawl (AUS) 23rd Oct,R7 1500m Cup,23-10-2016 06:52,8064246,3. Flow Meter,0,8.6,8.45852623751815377745701093458655006807,6.72714965145427698224648878815974726143,9,7.8,8,8,4659.36,3347.04,112.52
127821941,AUS / Gawl (AUS) 23rd Oct,R8 1500m Hcap,23-10-2016 07:27,7213790,1. Bel Streak,0,6.4,7.80572004728544327124238310961334817438,7.17818880096258946095585848267070922472,9.2,4.5,1,1001,13430.44,11899.98,245.84
127821941,AUS / Gawl (AUS) 23rd Oct,R8 1500m Hcap,23-10-2016 07:27,10672833,12. Wish List,0,89.90685676930588,77.2396424267517459156061216728942905021,59.5205068768351104929686292690465152218,130,60,100,100,647.1,397.2,12.54
127821927,AUS / Gawl (AUS) 23rd Oct,R1 1100m Mdn,23-10-2016 03:20,10668326,1. Big Britches,0,27,23.27767596680466099917797200736639347,19.5663843683275617677139217339816625698,32,19,42,9.8,1114.66,843.92,73.2
127821929,AUS / Gawl (AUS) 23rd Oct,R2 1700m Mdn,23-10-2016 03:55,11989069,9. Sweet Schilly,1,3.65,3.65257239351754444936227958286878716281,2.65945634362487323250884954529502629303,3.8,3.5,3.25,1.01,7237.66,3675.56,2693.6
127821929,AUS / Gawl (AUS) 23rd Oct,R2 1700m Mdn,23-10-2016 03:55,11632529,2. Exalted Tyson,0,73.56791157976727,77.1749988466912476907138735199475075118,44.7323572088115024403113045772325550719,80,70,1,1001,151.62,64.64,2.26
127821929,AUS / Gawl (AUS) 23rd Oct,R2 1700m Mdn,23-10-2016 03:55,11381716,6. Zapping,0,5.15381933944009,4.90106550964430201978369960651024678956,4.42265658199159544832145049341328674631,5.3,4.7,20,4.5,3388.64,1605.52,710.34
127821931,AUS / Gawl (AUS) 23rd Oct,R3 1200m Mdn,23-10-2016 04:30,10949094,9. Savaneta,0,60,51.9026035621953992770506347793580210859,28.9959069898733283934935252813944462087,65,42,1,1001,566.82,301.16,1.8
127821931,AUS / Gawl (AUS) 23rd Oct,R3 1200m Mdn,23-10-2016 04:30,11989075,8. Onewood,0,12.231784614613861,13.7961952642323155259206353739071255974,11.3673368989353650537363136384277713305,21,11,1,1001,3171.04,2412.72,11.42
127821933,AUS / Gawl (AUS) 23rd Oct,R4 1200m CL2,23-10-2016 05:05,2221131,6. Saltarello,0,3.25,3.19436623033511761145489302967107591627,2.87545581741824737927386183294287842638,3.55,2.86,3.4,2.44,18525.4,14660.42,1962.32
127821935,AUS / Gawl (AUS) 23rd Oct,R5 1100m Hcap,23-10-2016 05:38,9227926,1. I Am Gypsy,0,6.401479448186512,5.30123890980164208799586247353286234853,5.67624278501452034656030462602576307132,8.2,5.6,1,1001,8298.7,6922.76,81.8
127821937,AUS / Gawl (AUS) 23rd Oct,R6 1700m Hcap,23-10-2016 06:15,11989084,9. Sister Angel,0,14.5,11.4265195654827470641896068731107062602,10.0605501880081503427211139333378524405,18.5,8.6,1,1001,5015.74,4160.96,25.56
127821937,AUS / Gawl (AUS) 23rd Oct,R6 1700m Hcap,23-10-2016 06:15,1077481,8. Duchovny,1,10.083218553842887,10.8841597750389907489802595865572000097,5.87854254970474354629943392977173870776,12.5,10,1,1001,3600.26,1563.6,1341.28
127821946,AUS / Nort (AUS) 23rd Oct,R1 1000m 3yo,23-10-2016 05:42,11989396,8. Zoe Zephyr,0,216.88529023538692,267.225914061524425518034031860590167611,125.298944248934987960733469160955732543,400,150,330,330,323.94,75.34,6.42
127821946,AUS / Nort (AUS) 23rd Oct,R1 1000m 3yo,23-10-2016 05:42,11989393,5. Jaffhinator,0,413.14295220016504,376.660476604267541504266828503793671803,229.558881819130071972462709919682903932,940,190,530,95,191.74,66.76,24.98
127821948,AUS / Nort (AUS) 23rd Oct,R2 1100m Mdn,23-10-2016 06:25,11989400,5. Excellent Jerry,0,3.0406743752391057,2.90622411395151975147855045652875595481,2.80494099568904437343704309235503664271,3.35,2.64,1,1001,24416.86,22337.3,262.58
127821948,AUS / Nort (AUS) 23rd Oct,R2 1100m Mdn,23-10-2016 06:25,11989398,3. Sodano,0,23,26.9737235124067991826075562339582968944,20.0516527123669980812837955695098552241,36,22,1,1001,917.28,612.12,27.34
127821962,AUS / Nort (AUS) 23rd Oct,R9 1300m CL1,23-10-2016 10:22,10250041,3. Iron Boss,0,4.3,4.27076468720128101105347758778749481525,3.62792730286450973730086402072887658253,4.9,3.45,1,1001,6298.46,4687.16,282.96
127821962,AUS / Nort (AUS) 23rd Oct,R9 1300m CL1,23-10-2016 10:22,11989430,2. Hay Magic,1,8.2,6.68480457692439350555817576219732179609,6.1124762888477078713126955676398213689,8,5.8,23,7.6,6583.4,4859.96,949.12
127821954,AUS / Nort (AUS) 23rd Oct,R5 1300m Mdn,23-10-2016 08:12,11989410,6. Four Letter Werd,1,6.185971111518157,5.7071273293681250397577497841174864647,4.53621717594915738497626656358568166703,6.8,4.4,1,1001,8330.02,6123.68,1278.7
127821958,AUS / Nort (AUS) 23rd Oct,R7 1600m CL3,23-10-2016 09:17,11407639,7. Antalya,0,29,23.6898205853769613986425914834773788022,18.5683691408479645654010365533459668029,30,17,1,1001,875.98,580.9,23.8
127821992,AUS / ASpr (AUS) 23rd Oct,R1 1200m Hcap,23-10-2016 05:56,10787611,2. Heart Of Red,0,10,9.89187343515770664785933629662835649659,8.40533393670500044269116880306145537181,11.5,8.4,5.2,5.2,2033.02,1512.8,127.24
127821992,AUS / ASpr (AUS) 23rd Oct,R1 1200m Hcap,23-10-2016 05:56,9437864,7. Heirdom,0,11.6242197856796,13.2243441379262243899053634306302550774,8.97959614225437010247136829415310427969,13,13,1,1001,995.4,485.76,14.46
127821994,AUS / ASpr (AUS) 23rd Oct,R2 1100m Mdn,23-10-2016 06:37,11989389,8. Strykers Flame,0,44,46.3935648833418332472137479852417729775,25.9781937872865665500925735445381608723,50,44,1,1001,97.22,45.22,.68
127821998,AUS / ASpr (AUS) 23rd Oct,R4 1000m Hcap,23-10-2016 07:57,11904373,10. Still A Lady,0,190,104.761687633619251934803500042810448189,116.528368794326241134751773049645390071,180,95,1,1001,84.6,73.44,.26
127822000,AUS / ASpr (AUS) 23rd Oct,R5 1400m Hcap,23-10-2016 08:32,5757973,4. Casino Exit,0,11.431364494276929,11.3246737256523450805144792144037693428,9.11246707399864222674813306177868295995,13,10,1,1001,1473,1025.22,8.74
127822000,AUS / ASpr (AUS) 23rd Oct,R5 1400m Hcap,23-10-2016 08:32,8064390,2. Bels Lad,0,3.979411475482703,4.70930114172771046050556360738236590795,3.7013300674009534769028439914515863883,5.2,4.4,100,3,6083,2773.5,1568.38
127822766,AUS / Dubb (AUS) 23rd Oct,R1 1720m Pace M,23-10-2016 04:06,2423502,1. Tayspastime,0,,5.35080672622800511690384795635070101171,3.50572948619631901840490797546012269939,1,1001,1,1001,417.28,234.14,183.14
127822766,AUS / Dubb (AUS) 23rd Oct,R1 1720m Pace M,23-10-2016 04:06,9032111,5. Terry Barry,0,,22.5902632028949661758779510278948445669,24.2420670897552130553037171350861287398,23,23,1,1001,22.06,21.38,.68
127822770,AUS / Dubb (AUS) 23rd Oct,R3 2120m Pace M,23-10-2016 05:17,7559808,3. Cody Shannon,0,,7.97336581812790608517933665386691037288,8.06720445378628642844969607453275009941,9.8,6.4,1,1001,1408.24,1407.22,1.02
127822772,AUS / Dubb (AUS) 23rd Oct,R4 2120m Pace M,23-10-2016 05:51,9560216,3. Brocks Under Fire,0,,4.35645515265340847406937610726930712341,3.41513450727129117688054639223156623147,1,1001,3.65,3.65,430.46,135.22,295.24
127822776,AUS / Dubb (AUS) 23rd Oct,R6 1720m Pace M,23-10-2016 07:04,8167720,1. Montana Maestro,1,,9.3227333493316398746962163351095531066,7.78018469196175173558049163864995852072,9.6,9.6,1,1001,458.06,346.62,111.44
127822824,AUS / Mary (AUS) 23rd Oct,R2 1690m Pace M,23-10-2016 04:54,11989686,4. Sweet Kisses,0,123.594747505,64.2815449901536323491909988315410089008,49.8084255842558425584255842558425584256,60,60,1,1001,65.04,49.08,0
127822824,AUS / Mary (AUS) 23rd Oct,R2 1690m Pace M,23-10-2016 04:54,6549134,2. Stuart,0,21.73447316647042,23.0131052220802137585377340601387843063,15.5509832799099021051719656934938924023,29,25,1,1001,230.86,115.86,4.2
127822826,AUS / Mary (AUS) 23rd Oct,R3 2190m Trot S,23-10-2016 05:29,8667785,13. Aldebaran Midnite,0,10,11.1922967742787556006941757234814076147,10.0001581458759372869802317655078391275,11.5,10,1,1001,733.5,616.94,1.98
127822828,AUS / Mary (AUS) 23rd Oct,R4 1690m Pace M,23-10-2016 06:04,5435062,9. Lively Operative,0,37.65446328545514,65.6460405482194797536679787994146899766,19.3401321693726034102961572978706045525,65,50,1,1001,245.14,25.38,.12
127822828,AUS / Mary (AUS) 23rd Oct,R4 1690m Pace M,23-10-2016 06:04,8005230,4. Ariosa,0,183.628016633,174.722084035095593208594845580807186046,18.3998422712933753943217665615141955836,1,1001,1,1001,25.36,2.54,0
127822830,AUS / Mary (AUS) 23rd Oct,R5 2190m Pace M,23-10-2016 06:43,11018920,8. Miss Dreamin,0,19.127974662491177,19.9055595695612658938724225096966413543,15.491156135840887565958598295223920985,23,19.5,17.5,17.5,591.28,247.14,206.62
127822832,AUS / Mary (AUS) 23rd Oct,R6 2690m Trot S,23-10-2016 07:18,6396268,4. Jeter,0,58.691394871584386,101.412814541303007633651736637079777602,34.9961266194737545078135434753572859623,150,60,50,21,149.74,37.72,39.32
127822832,AUS / Mary (AUS) 23rd Oct,R6 2690m Trot S,23-10-2016 07:18,8955700,1. Glorious Finale,0,18.740392144753137,24.8401504096037165100932679665544030214,12.2798800184586986617443470235348407937,1,1001,1,1001,130.02,32.6,10.94
127822832,AUS / Mary (AUS) 23rd Oct,R6 2690m Trot S,23-10-2016 07:18,5505963,5. Action Kosmos,0,43.58870465384616,48.5429867039333942546722100121457776871,28.0026380873866446826051112943116240726,50,48,85,85,121.3,44.86,11.76
127822838,AUS / Mary (AUS) 23rd Oct,R9 1690m Pace M,23-10-2016 08:45,10668556,9. Ardens Legacy,1,3.204741494541286,3.23922767817513598881609455749471791845,2.25759677752159832057918487085863977679,3.4,3,1.01,1.01,4458.68,2374.08,1563.84
127822845,AUS / Kalg (AUS) 23rd Oct,R3 2150m Pace M,23-10-2016 07:24,8525148,4. Fauxmanda,0,,51.3603001670234550852597688616791483867,56.7335907335907335907335907335907335907,55,50,1,1001,15.54,15.32,.22
127822847,AUS / Kalg (AUS) 23rd Oct,R4 2550m Pace M,23-10-2016 08:07,7648399,4. Majorlicious,0,,7.22561202016729927107386241457089580393,7.07200598371738442507407727050430079687,7.8,7.2,1,1001,695.22,655.78,39.44
127822847,AUS / Kalg (AUS) 23rd Oct,R4 2550m Pace M,23-10-2016 08:07,9931200,2. Hez The Jazz Man,0,,2.15595151695345007045659332589162316454,2.19098554839637701439844398615973220051,2.4,1.99,60,60,12791.66,11875.1,916.56
127822849,AUS / Kalg (AUS) 23rd Oct,R5 2150m Pace M,23-10-2016 08:42,6072560,4. Bettorbeastar,0,,50.1768207763664984698427615923447720114,53.4395054459817486017073888725345893435,50,44,1,1001,67.94,67.18,.76
127822851,AUS / Kalg (AUS) 23rd Oct,R6 2150m Pace M,23-10-2016 09:13,11989682,7. Talkerup,1,,2.05791317510822904191824202550325583298,1.99137466846819796827303207726567582445,2.22,1.89,1,1001,9192.18,8404.58,787.6
127822851,AUS / Kalg (AUS) 23rd Oct,R6 2150m Pace M,23-10-2016 09:13,8867851,3. Midget Under Fire,0,,13.6614326469256327248116515898756102806,15.6459052115489377156346468131469039404,1,1001,1,1001,110.14,96.88,13.26
127822851,AUS / Kalg (AUS) 23rd Oct,R6 2150m Pace M,23-10-2016 09:13,9029285,4. Smart By Design,0,,24.9777442846327732377340235833651660282,23.0930797587131367292225201072386058981,32,28,28,11,119.36,75.08,44.28
127822855,AUS / Kalg (AUS) 23rd Oct,R8 2518m Pace S,23-10-2016 10:07,7330032,3. Batavia Comet,0,,3.76328422174511153342755212129616039689,4.33273890729552393945299811602676541285,3.85,3.85,5,5,923.58,811.18,112.4
127822857,AUS / Kalg (AUS) 23rd Oct,R9 2150m Pace M,23-10-2016 10:32,6389579,9. Highview Jackie,1,,3.2890854580979260871349099836593026503,3.03046768148212715040769590402307503348,3.45,3.05,1,1001,2523.94,2159.92,364.02
127822869,AUS / Hoba (AUS) 23rd Oct,R5 2090m Pace S,23-10-2016 10:02,7385962,4. Chief Destroyer,0,24,23.0222771129019068850438698116268957399,16.4003629859540217791572413067494344784,29,25,10.5,10.5,380.18,205.96,96
127822875,AUS / Hoba (AUS) 23rd Oct,R8 2090m Pace M,23-10-2016 11:35,9981906,8. Metro Mouse,1,5.7,5.73260971202255430817417411973416310153,3.82456710596043749837110912265765491838,6.4,5.1,4,1.02,4604.36,2606.5,1667.68
127822877,AUS / Hoba (AUS) 23rd Oct,R9 2090m Pace M,23-10-2016 12:00,8234109,6. Wasonie Snake,0,2.6201507418337857,2.65674253404902937832177957048398982783,2.69283596104495585895763804678267215637,2.82,2.54,1,1001,4129.8,5734.72,227.78
127822879,AUS / Hoba (AUS) 23rd Oct,R10 2090m Pace M,23-10-2016 12:25,7061911,3. Damitsam,0,12.919279438838128,12.7600627051366306698036499679081804563,1,17,12,190,7,0,438.66,180.52
127822865,AUS / Hoba (AUS) 23rd Oct,R3 2090m Pace M,23-10-2016 09:02,7338680,3. I Am Camelot,1,4.9,4.41725004542871316589748878447711280759,2.72843492367931286743663317173386500696,4.7,3.95,3.1,1.02,5276.42,1897.28,3044.16
127822865,AUS / Hoba (AUS) 23rd Oct,R3 2090m Pace M,23-10-2016 09:02,9426242,7. Thirlstane King,0,10.802730138740738,9.52931133813252695886040695831513316391,8.97263465751502789738940870484885766396,10.5,9,1,1001,1853.22,1589.66,3.1
127822865,AUS / Hoba (AUS) 23rd Oct,R3 2090m Pace M,23-10-2016 09:02,8563569,2. Attorney Stride,0,35.768551207459524,40.8032577496931338780920386841489672326,30.4284245317664340800587587219977965479,50,36,1,1001,272.3,163.48,4.88
127822867,AUS / Hoba (AUS) 23rd Oct,R4 2090m Pace S,23-10-2016 09:32,5353797,5. Put Mback,0,42.598004218,46.3493656198551433114755940641347650434,22.1149801758317531460093087398724357869,55,38,1,1001,116.02,45.56,.92
127822867,AUS / Hoba (AUS) 23rd Oct,R4 2090m Pace S,23-10-2016 09:32,8606530,1. Last Guy Standing,0,46.383819524357094,39.6972134225774833229015408429461144492,14.2508991512012660048913825348870666091,48,48,1,1001,139.02,30.26,45.08
127822867,AUS / Hoba (AUS) 23rd Oct,R4 2090m Pace S,23-10-2016 09:32,9672026,3. Martys For Real,0,14,13.9128255887053580763935596311274623944,10.2166190538592582885598217795832787315,14,13,7.4,7.4,763.1,366.98,264.5
127822871,AUS / Hoba (AUS) 23rd Oct,R6 1609m Pace M,23-10-2016 10:37,7262071,1. Blisstar,0,100,134.249546551650266356274725431668547109,36.3194993412384716732542819499341238472,1,1001,100,100,30.36,.14,6.9
127822873,AUS / Hoba (AUS) 23rd Oct,R7 2090m Pace S,23-10-2016 11:07,8967786,2. Jolly Dryden,0,13.441231406,10.5369866311252844764473929755711889542,30.1725095800422303902400875889575349965,1,1001,960,34,255.74,74.26,23.6
127821781,AUS / Quea (AUS) 23rd Oct,R1 1000m 3yo,23-10-2016 03:05,11989113,1. Wanna Get A What,1,1.8300454758906746,1.81419952413190086230143343902659716495,1.79768032134290896843837569944786587924,2.2,1.8,1.86,1.83,51722.94,48129.74,2908.34
127821781,AUS / Quea (AUS) 23rd Oct,R1 1000m 3yo,23-10-2016 03:05,11989114,2. Sheboygan,0,18.5,14.1861960518378822005065743836164376359,14.6824552173856565735292207370458412896,19.5,6.8,55,55,3079.32,3052.14,27.18
127821785,AUS / Quea (AUS) 23rd Oct,R3 900m CL3,23-10-2016 04:15,8932052,4. Red Fender,0,9.181862009444302,9.74025876645455137572872948386948230087,6.95562178441460660057723679257121345213,10,9,1,1001,3346.98,2030.46,150.66
127821785,AUS / Quea (AUS) 23rd Oct,R3 900m CL3,23-10-2016 04:15,7014783,3. Tempus,0,6.8,8.04787484279457963061695097516451096989,7.1396423042015909454914313170679622017,15.5,5.8,1,1001,7492.4,6329.64,59.98
127821791,AUS / Quea (AUS) 23rd Oct,R6 900m Mdn,23-10-2016 06:00,10763615,4. Atlantic Dreamer,0,16.45850861945103,14.2124748807935572319542830192512937574,9.05536681861185172443450589145953384364,15.5,13,1,1001,1395.24,699.36,24.12
127821793,AUS / Quea (AUS) 23rd Oct,R7 1460m Mdn,23-10-2016 06:40,11989133,7. Miss Bourbon Bar,0,340.461023263,227.918666891371406230916870390624626866,133.316630090221897098268714947573762497,370,100,1,1001,164.04,93.8,.78
127821819,AUS / Scne (AUS) 23rd Oct,R7 1100m Hcap,23-10-2016 07:05,5669117,9. Royal Flush,0,18.27548958875355,14.660367877702517001015711604608932537,11.9188640788339337607691561092302158684,18.5,11,1,1001,3503.06,2492.54,20.24
127821811,AUS / Scne (AUS) 23rd Oct,R3 1600m Hcap,23-10-2016 04:40,8682969,1. Nadacheva,0,5.2,5.26977088300767946967627149924357028299,4.41200254437325649121731400018393059685,6.4,5,1,1001,5219.36,3353.3,561.82
127821817,AUS / Scne (AUS) 23rd Oct,R6 1300m CL3,23-10-2016 06:30,11989259,6. Sassaby,0,4.735815018,4.96340787965251013398663622417952792454,4.53078008538247967439222203425250524933,7.8,4.6,4.5,3.55,12058.68,9740.94,801.14
127821831,AUS / Haml (AUS) 23rd Oct,R6 2200m Cup,23-10-2016 05:55,8150449,7. Bring Back,0,13.74239592548751,14.5155093011402872601059672687849122671,12.2870058338234592824556104849862499801,16.5,11.5,14,11,5032.72,3173.86,503.94
127821823,AUS / Haml (AUS) 23rd Oct,R2 1100m Mdn,23-10-2016 03:35,9962890,7. Leesabeel,0,18.25699094949058,18.0294434795351924832751068757459771186,13.3397792649994129388282259011388986732,21,15.5,22,18,1703.4,899.26,168.44
127821825,AUS / Haml (AUS) 23rd Oct,R3 1400m Mdn,23-10-2016 04:10,11953429,8. Snuffs The Battle,0,26.088798377476635,19.1276049285847200551401025359143889167,12.3173720580360557921309636127189739144,24,16,1,1001,1568.68,892.58,86.56
127821825,AUS / Haml (AUS) 23rd Oct,R3 1400m Mdn,23-10-2016 04:10,969075,3. Slithering,0,34.01672019071877,29.5928282603147371107588726851774366509,25.1584624525800996389231683349330408154,40,28,80,42,437.58,190,70.94
127821827,AUS / Haml (AUS) 23rd Oct,R4 1600m Hcap,23-10-2016 04:45,6512545,2. Zlatan,0,7.4,6.39928555477162058931724499649741145434,5.37872374877702861563431449135766888382,7.6,5,8,8,5274.04,3711.96,200.72
127821833,AUS / Haml (AUS) 23rd Oct,R7 2200m Hcap,23-10-2016 06:35,7392185,2. Finley Harper,0,12.422674785767157,11.1650917237972542084921645778849722609,11.2773387297427306052714515567203543052,16,11,1,1001,6028.7,5942.26,86.44
127821839,AUS / Sale (AUS) 23rd Oct,R1 1400m Mdn,23-10-2016 02:50,11989287,6. Poppi Rox,0,27,26.8549078776809309193631480854138351145,21.8566458284241021304908307112263144033,44,22,1,1001,1442.86,1013.74,15.32
127821841,AUS / Sale (AUS) 23rd Oct,R2 1400m 3yo,23-10-2016 03:25,11989290,6. Yasey Sun,0,23.596476641152837,16.2939761807767148410881028206993134969,14.3436065003963656320507348009024940545,32,11.5,90,18.5,3279.8,2545.94,164.68
127821841,AUS / Sale (AUS) 23rd Oct,R2 1400m 3yo,23-10-2016 03:25,11989292,8. Mawhooba,1,4.293015939879806,4.37163175972011022499746486070435322498,3.75142513518053692418934283147533639929,5,3.85,7.2,4,16429.88,12927.1,2070.54
127821843,AUS / Sale (AUS) 23rd Oct,R3 1100m Mdn,23-10-2016 04:00,11989302,10. Lilac Wine,0,3.15,3.01648502999849395373025735480626251437,2.80732458328404573203659797260809413846,3.25,2.8,1,1001,19443.7,16338.94,352.66
127821843,AUS / Sale (AUS) 23rd Oct,R3 1100m Mdn,23-10-2016 04:00,10155842,1. Almighty Moses,0,94.19593462138437,63.262776307540128906018003328885885895,32.0218315317152763614113807872730981032,90,40,28,28,490.3,224.04,65.38
127821847,AUS / Sale (AUS) 23rd Oct,R5 1717m Hcap,23-10-2016 05:10,10926720,9. Perfect Rush,0,11.849821883177789,10.6379421994377333287862793055306508061,8.71005628344713046687580734452851079535,12,9,80,11,4335.2,2867.38,198.94
127821847,AUS / Sale (AUS) 23rd Oct,R5 1717m Hcap,23-10-2016 05:10,6505965,2. Battles End,0,6.8,6.31365994258846213291575639003755355271,5.43298645371058698084446546972734713493,11,5.6,9,9,5326.92,3691.22,534
127821851,AUS / Sale (AUS) 23rd Oct,R7 1600m Listed,23-10-2016 06:20,6409423,11. New York,0,16,15.4233741098880140410676644489922737251,12.7117756711141712779088611421326190456,27,13.5,50,11,4763.72,3352.98,175.96
127821921,AUS / SCst (AUS) 23rd Oct,R6 1000m Mdn,23-10-2016 06:10,11989219,8. Harlequin Bells,1,8.2,6.3717150031606817320696053982925858578,4.62721439608639314841633348808525676116,8.2,6.6,24,1.01,8659.02,5561.86,3097.16
127821921,AUS / SCst (AUS) 23rd Oct,R6 1000m Mdn,23-10-2016 06:10,11989216,4. Sea Route,0,51.240207156,27.9476928255922021134825848902890935685,28.3662733350381763051181821502940854126,50,36,1,1001,547.46,546.8,.66
127821921,AUS / SCst (AUS) 23rd Oct,R6 1000m Mdn,23-10-2016 06:10,11989218,6. Azarenka,0,6.282006845853031,5.81871017526659867085410274429646908379,5.84759492825416615644933263572708753103,7.6,5.7,1,1001,14372.96,14305.02,67.94
127821923,AUS / SCst (AUS) 23rd Oct,R7 1000m CL3,23-10-2016 06:48,11151708,10. Catenaccio,0,10.709985747,12.1737748857115146613633063347596347899,8.77042101173499571747710836990401850756,14,11,16.5,16.5,4530.04,2548.84,93.5
127821925,AUS / SCst (AUS) 23rd Oct,R8 1400m CL2,23-10-2016 07:23,10695876,2. Wicked Snippets,1,7.148215071581072,7.53573104913482308527584938259655211982,5.73194807174730126712911113326257893904,9.2,6.6,15,1.02,6821.72,4663.24,999.02
127821913,AUS / SCst (AUS) 23rd Oct,R2 1400m Mdn,23-10-2016 03:50,11989200,13. Baccara,0,85,96.0677615522845992476697041562391154258,54.1375153607583825852887822575926034291,140,65,110,110,341.78,181.3,7.06
127821939,AUS / Gawl (AUS) 23rd Oct,R7 1500m Cup,23-10-2016 06:52,7395364,5. Royal Rumble,0,5.4,5.62729107128557599993291561172385899373,5.33521572178671506690659505089409597394,6,5.2,80,6,10291.96,7453.06,829.16
127821941,AUS / Gawl (AUS) 23rd Oct,R8 1500m Hcap,23-10-2016 07:27,9379629,10. Loqueteux,0,5.4,4.99087247996456976046220949044550276857,4.49484362341783911941552022713252618044,5.4,4.4,1,1001,10763.76,9176.08,69.82
127821941,AUS / Gawl (AUS) 23rd Oct,R8 1500m Hcap,23-10-2016 07:27,11891161,6. Kingstonian,0,30,21.6861714574776682975917197196738133002,18.2116654864585630869600547926122842251,29,13,28,28,1722.86,1262.96,71.28
127821929,AUS / Gawl (AUS) 23rd Oct,R2 1700m Mdn,23-10-2016 03:55,7371708,3. Innuendo,0,3.431490156,3.14830760052832817661072692084922812578,2.87250873427260064393852898865115429407,3.35,3,1,1001,8758.6,5545.58,1045.6
127821933,AUS / Gawl (AUS) 23rd Oct,R4 1200m CL2,23-10-2016 05:05,11740636,13. Bold Jazz,0,46,48.3848114399217902077202384420255760082,35.9378861003861003861003861003861003861,55,34,1,1001,414.4,289.94,2.8
127821935,AUS / Gawl (AUS) 23rd Oct,R5 1100m Hcap,23-10-2016 05:38,8224426,6. Classy Jack,0,20.426569630107842,16.5954716740922867856764255589611204989,17.2713574932072409047602244257030946752,28,19.5,1,1001,1700.34,1619.72,10.32
127821937,AUS / Gawl (AUS) 23rd Oct,R6 1700m Hcap,23-10-2016 06:15,7614464,10. Goldoni,0,50.411659799629106,53.5050311446286986161559937160206501557,43.6309443164882807207695434223005012871,70,48,1,1001,738.1,572.46,1.96
127821937,AUS / Gawl (AUS) 23rd Oct,R6 1700m Hcap,23-10-2016 06:15,8707598,12. Grand Arrow,0,187.447945967,128.449305161437902605756644234377142715,86.7724801987886317751203603043950924057,200,75,100,95,257.56,159.1,6.4
127821946,AUS / Nort (AUS) 23rd Oct,R1 1000m 3yo,23-10-2016 05:42,11989394,6. Smiles Dont Lie,0,74.07655367258471,149.021348790162402988821551590742563229,96.9939294224441166458640644502439577896,190,60,1,1001,352.52,211.66,2.68
127821948,AUS / Nort (AUS) 23rd Oct,R2 1100m Mdn,23-10-2016 06:25,11989401,6. Glengarrie Girl,0,50.97417362817476,61.9301024986482097387171741301407300465,45.8365824818846072219021920383227723373,120,50,95,95,659.66,433.34,14.08
127821948,AUS / Nort (AUS) 23rd Oct,R2 1100m Mdn,23-10-2016 06:25,11989397,1. Cash Count,0,24.177246710249456,27.1007447875556125930266232865447050634,15.7635168839055282049057667700448936216,34,22,1,1001,922.18,385.68,33.1
127821948,AUS / Nort (AUS) 23rd Oct,R2 1100m Mdn,23-10-2016 06:25,2054801,8. Double Light,0,20.917565853309924,18.4123280583081933638680819102854959248,14.0135414555037502533954996959254003649,23,14.5,1,1001,1479.9,1034.12,19.84
127821960,AUS / Nort (AUS) 23rd Oct,R8 1600m Listed,23-10-2016 09:47,1376268,2. Dubai Escapade,0,44.10270592262039,48.4459699534970813429595015806553872529,34.428744131455399061032863849765258216,70,23,50,50,852,565.6,14.94
127821960,AUS / Nort (AUS) 23rd Oct,R8 1600m Listed,23-10-2016 09:47,7187251,1. Ihtsahymn,0,13,11.4580069125059183655694083221403040995,9.12529751138850910161063867617395142946,15,9.4,1,1001,3262.06,2374.08,7.96
127821962,AUS / Nort (AUS) 23rd Oct,R9 1300m CL1,23-10-2016 10:22,5215445,4. Irish Brother,0,9.815505254,9.3444455633658438131151639252960636723,7.65840158533045956503328147228288537756,12,8.2,1,1001,4203.54,3061.46,149.94
127821952,AUS / Nort (AUS) 23rd Oct,R4 2200m CL1,23-10-2016 07:31,11989404,1. Censory Rule,0,4.797665154,4.44641729053474716356446811332229419865,3.65681957514308374954448993590705451116,5.8,4,2.5,2.5,7464.16,4530.52,1585.2
127821954,AUS / Nort (AUS) 23rd Oct,R5 1300m Mdn,23-10-2016 08:12,11632801,1. Crowder,0,3.05,3.07990868109409261327482728313141863348,2.96279277109954934358560893629033203557,3.45,2.9,3.05,3.05,22176.54,20039.56,442.16
127821954,AUS / Nort (AUS) 23rd Oct,R5 1300m Mdn,23-10-2016 08:12,11768429,4. Liberty Action,0,15.5,15.7681773249101638343335694941356993933,13.5099434335173447829346418591971648606,17,14,11,11,1467.3,1176.3,32.96
127821954,AUS / Nort (AUS) 23rd Oct,R5 1300m Mdn,23-10-2016 08:12,11989414,12. Dragon Commander,0,10.391176546632774,11.8327007573029257829970199043216655006,9.91724866527062463448223819495538325127,20,10,9.8,9.8,3180.42,2484.02,57.86
127821956,AUS / Nort (AUS) 23rd Oct,R6 1600m Mdn,23-10-2016 08:47,11989420,5. All About The Legs,0,48.955585269710284,40.9240423672449457083482229418835617489,42.0127864432890429424224918159060273445,80,44,210,40,519.3,506.08,13.22
127821956,AUS / Nort (AUS) 23rd Oct,R6 1600m Mdn,23-10-2016 08:47,10949941,13. Chexpress,0,247.70183256421706,158.451813612264049188985382371874672652,179.936607529208135006490696668109043704,380,210,1000,1000,92.44,90.08,2.36
127821956,AUS / Nort (AUS) 23rd Oct,R6 1600m Mdn,23-10-2016 08:47,11989421,7. Pen Me A Song,0,53.07074485673569,31.5592712544731820230655747790649836909,32.0168236217382774180890720031391014322,60,32,1,1001,407.76,407.1,.66
127821956,AUS / Nort (AUS) 23rd Oct,R6 1600m Mdn,23-10-2016 08:47,11569131,6. Goldman Bachs,0,280,135.008552872570201243219872464294623008,133.209118086696562032884902840059790732,280,130,95,95,133.8,125.96,7.84
127821958,AUS / Nort (AUS) 23rd Oct,R7 1600m CL3,23-10-2016 09:17,7341868,9. Diamond Guru,0,302.6389358182624,188.770237517140924755697052156522382471,109.536304929910222082217672074342416129,340,100,1,1001,126.98,56.12,.1
127821992,AUS / ASpr (AUS) 23rd Oct,R1 1200m Hcap,23-10-2016 05:56,9460169,5. Ribera Del Duero,0,6.613438529687119,6.63609425618686492865813508082616934378,6.17697678539783802941697678539783802942,6.6,6,1,1001,2257.2,1682.78,49.22
127821994,AUS / ASpr (AUS) 23rd Oct,R2 1100m Mdn,23-10-2016 06:37,9914738,4. Charlie Belle,0,30,35.3344182089628789677960300018843163555,18.2984679508843077616311817055311479103,38,34,1,1001,177.54,57.4,26.62
127821998,AUS / ASpr (AUS) 23rd Oct,R4 1000m Hcap,23-10-2016 07:57,9642159,6. Wild Run,1,4.649958100235672,4.30596900260480664715098069170070289848,4.31671247138799788711369012531865540815,5.7,4,1,1001,5225.08,4821.2,172.22
127821998,AUS / ASpr (AUS) 23rd Oct,R4 1000m Hcap,23-10-2016 07:57,11989390,7. Maska,0,11,7.87207421917139094052517353406805068325,7.96439427098531271277113121291703141718,11.5,7,1,1001,3289.92,3216.32,2.36
127822000,AUS / ASpr (AUS) 23rd Oct,R5 1400m Hcap,23-10-2016 08:32,11989392,8. Bianconis Son,0,110,88.3957357364833754101128136642546641705,67.6749237804878048780487804878048780488,110,80,1,1001,157.44,111.02,.14
127822000,AUS / ASpr (AUS) 23rd Oct,R5 1400m Hcap,23-10-2016 08:32,9272859,6. Hong Kong Empire,0,28.81390503,25.2326788053711939891899506985811772289,19.2057101024890190336749633967789165447,30,20,1,1001,450.78,256.56,4.7
127822766,AUS / Dubb (AUS) 23rd Oct,R1 1720m Pace M,23-10-2016 04:06,8528073,7. Karinya Mully,1,,3.44565052935864464208825818169627071718,6.62982587274182001937086789910304459511,3.25,3.25,12,6,949.88,329.48,620.4
127822770,AUS / Dubb (AUS) 23rd Oct,R3 2120m Pace M,23-10-2016 05:17,8453522,5. Merry Jasper,0,,9.37202053935362417611420649637863896669,9.38915804205470221331444269744458074883,13.5,7,1,1001,1157.54,1118.76,38.78
127822770,AUS / Dubb (AUS) 23rd Oct,R3 2120m Pace M,23-10-2016 05:17,10729048,6. Bradness Buck,0,,11.7629973596199490834810371898520654969,11.9798952091925401395481544886260472596,12,9.2,1,1001,771.06,764.98,6.08
127822772,AUS / Dubb (AUS) 23rd Oct,R4 2120m Pace M,23-10-2016 05:51,8667900,7. Snoop Stride,1,,3.15553501808784341048802101132156658514,3.20767369186046511627906976744186046512,3.45,3.2,1,1001,550.4,452.16,98.24
127822774,AUS / Dubb (AUS) 23rd Oct,R5 2120m Pace M,23-10-2016 06:25,11933813,6. Williewa Bullet,1,,3.47718680084626985574154042234794386811,3.32772724004027038688335970084855458076,3.45,3.2,1,1001,2224.96,1938.54,286.42
127822774,AUS / Dubb (AUS) 23rd Oct,R5 2120m Pace M,23-10-2016 06:25,11989509,2. Bossy Alec,0,,34.2156855082886849299034618246029567566,34.2631457564575645756457564575645756458,30,28,1,1001,86.72,86.7,.02
127822776,AUS / Dubb (AUS) 23rd Oct,R6 1720m Pace M,23-10-2016 07:04,5922449,3. Captain Brook,0,,25.3029414825015972577376107388706691632,32.6580773042616451932606541129831516353,30,22,480,28,242.16,224.66,17.5
127822822,AUS / Mary (AUS) 23rd Oct,R1 1690m Trot M,23-10-2016 04:20,5681464,3. Upandgone,0,44.214443328707915,31.4131091086215903140553413021452530809,51.6605415307115461674967084549773885168,42,28,990,190,349.38,176.12,22.44
127822824,AUS / Mary (AUS) 23rd Oct,R2 1690m Pace M,23-10-2016 04:54,6517577,3. Art Prevails,0,8.405537753161337,12.6978111026748078349600379209619321702,7.74192965472733139722491126169732171668,15,12,10,10,929.7,249.04,286.98
127822826,AUS / Mary (AUS) 23rd Oct,R3 2190m Trot S,23-10-2016 05:29,3259333,3. Bartali,0,5.2,4.81565884582717100056871259953261127364,9.68318550196668514558749769013489612207,5.1,5.1,940,230,757.62,502.76,68.04
127822828,AUS / Mary (AUS) 23rd Oct,R4 1690m Pace M,23-10-2016 06:04,10061210,2. Shark Alert,0,7.2714840053603975,7.3042198654443708807530176023598723427,5.86084040468601512106099724995164288057,8.2,6.6,6,4.5,2378.14,1080.4,969.9
127822828,AUS / Mary (AUS) 23rd Oct,R4 1690m Pace M,23-10-2016 06:04,6348780,10. Koten Blosem Lombo,0,6.803728208162356,5.91622290093531283457891872281696420291,4.87972705256471335556614260759091630935,6.2,6.2,1,1001,1007.52,598.42,33.76
127822830,AUS / Mary (AUS) 23rd Oct,R5 2190m Pace M,23-10-2016 06:43,4578903,1. Giant Steps,0,189.14698681082572,134.732668885188520757410691064986363506,72.3093957608351787409047769693135083834,130,130,1,1001,63.22,16.48,.38
127822834,AUS / Mary (AUS) 23rd Oct,R7 2190m Pace M,23-10-2016 07:50,7369025,1. Realy Under Fire,1,7.272388742207259,9.50456321771875354777110496769159945752,3.10473504389154812847791891480472912403,11.5,8,1.01,1.01,5912.3,1210.02,4014.54
127822834,AUS / Mary (AUS) 23rd Oct,R7 2190m Pace M,23-10-2016 07:50,3746542,2. Drayton,0,96.70133975777776,63.4234599753070970930865264154745868835,60.6935149776927979604843849585723390695,90,48,1,1001,251.04,210.3,1.52
127822836,AUS / Mary (AUS) 23rd Oct,R8 2690m Pace M,23-10-2016 08:17,8298337,12. Five Star Anvil,0,27.37845221217721,24.5668978571692934497168144744342539488,20.3530403567932122266942238659849885783,28,23,1,1001,367.72,265.76,7.04
127822836,AUS / Mary (AUS) 23rd Oct,R8 2690m Pace M,23-10-2016 08:17,7157449,5. Yankee Rockstar,0,3.55,3.64243888842818435171788727528725060495,3.22532640262373882782965726159777683199,3.8,3.25,6,5.9,6390.88,4709.14,377.08
127822838,AUS / Mary (AUS) 23rd Oct,R9 1690m Pace M,23-10-2016 08:45,9345774,1. Top The Ace,0,21.591478796662713,19.7028121725278096511274683512164062151,15.8309482193576578544898405068822372733,19,18,1,1001,366.16,212.6,10.98
127822838,AUS / Mary (AUS) 23rd Oct,R9 1690m Pace M,23-10-2016 08:45,9646705,6. Vapar Glenn,0,99.80796208661982,147.04649944944611744610964671237299169,76.9194630872483221476510067114093959732,1,1001,50,50,41.72,14.36,11.64
127822841,AUS / Kalg (AUS) 23rd Oct,R1 2150m Pace M,23-10-2016 06:16,11445287,7. Limelight Bay,0,,5.96040733768686162508757361613964192601,4.94260519902518277822908204711616571893,6,6,90,3,492.4,190.14,302.26
127822843,AUS / Kalg (AUS) 23rd Oct,R2 1750m Pace M,23-10-2016 06:54,11244318,6. Bonnie Change,0,,8.33608142405744119835691071779900005585,8.62190134122862366322056658415441116989,15,5,330,330,4944.72,4864.26,80.46
127822843,AUS / Kalg (AUS) 23rd Oct,R2 1750m Pace M,23-10-2016 06:54,11942587,8. John Edgar,0,,30.777027817819854144041150444931597367,17.0831055056264632580620799033305641568,1,1001,46,38,264.82,54.82,210
127822847,AUS / Kalg (AUS) 23rd Oct,R4 2550m Pace M,23-10-2016 08:07,6010086,3. Ergo,0,,8.78878865136664242135028056466133029507,8.7733777863499848455625051662855096024,13.5,7.4,1,1001,725.86,706.08,19.78
127822847,AUS / Kalg (AUS) 23rd Oct,R4 2550m Pace M,23-10-2016 08:07,11989680,7. Shes Turbo Charged,1,,14.6873590414377086986289806869059353276,14.6192249404633037453994371075990474129,16,14.5,1,1001,461.9,453.62,8.28
127822849,AUS / Kalg (AUS) 23rd Oct,R5 2150m Pace M,23-10-2016 08:42,10155507,2. Mister Ardee,1,,3.76547292422139860104503632155443857127,3.01202590907227483294387734186036977822,3.95,3.5,3.6,3.5,2439.3,1468.36,970.94
127822853,AUS / Kalg (AUS) 23rd Oct,R7 2150m Pace M,23-10-2016 09:42,10372895,5. Athabascan,0,,39.2480574448884931399720533340342908244,41.9971609886439545758183032732130928524,130,23,95,95,119.76,116.26,3.5
127822853,AUS / Kalg (AUS) 23rd Oct,R7 2150m Pace M,23-10-2016 09:42,10475187,9. To Infinitynbeyond,0,,23.8062754302574351445443864562939309334,26.120200434677614102873702004346776141,75,14.5,95,95,165.64,162.14,3.5
127822853,AUS / Kalg (AUS) 23rd Oct,R7 2150m Pace M,23-10-2016 09:42,2203289,2. Ariki,0,,114.546035987735331746206977580396332745,118.059210526315789473684210526315789474,230,230,100,100,15.2,12.12,3.08
127822869,AUS / Hoba (AUS) 23rd Oct,R5 2090m Pace S,23-10-2016 10:02,3779792,6. All I Can Be,0,14.067683651,15.1055554896311351651341728379530815992,10.7617594401041666666666666666666666667,1,1001,1,1001,491.52,289.22,3.12
127822875,AUS / Hoba (AUS) 23rd Oct,R8 2090m Pace M,23-10-2016 11:35,11989526,4. Bonafide Diva,0,70,58.709725205678270123610783192476041707,37.2460546971825167313889118400396595885,80,48,1,1001,242.06,144.98,.76
127822877,AUS / Hoba (AUS) 23rd Oct,R9 2090m Pace M,23-10-2016 12:00,9642274,1. Witch Master,1,8.6,7.50697302367639695017418973219206243631,7.40093844106359929895517055196103689112,8,7.8,1.02,1.02,404.8,443.84,1436.08
127822877,AUS / Hoba (AUS) 23rd Oct,R9 2090m Pace M,23-10-2016 12:00,10542129,4. Ercole,0,14.18042731651687,14.121685916119202297703206991318261438,13.4215045981466674086272331214417995905,16,12,20,20,496.72,853.66,37.22
127822877,AUS / Hoba (AUS) 23rd Oct,R9 2090m Pace M,23-10-2016 12:00,7014185,3. Mighty Spark,0,85,76.8508379786856884226919419103394065192,84.9363027145510842852837858493613692243,90,55,1,1001,39.26,56.08,.56
127822861,AUS / Hoba (AUS) 23rd Oct,R1 2090m Pace M,23-10-2016 08:00,8836512,4. Outlaw,0,26,10.6549146469892491373637878514274719344,13.1132669774473982613077989164671790349,22,22,1,1001,158.74,155.5,3.24
127822865,AUS / Hoba (AUS) 23rd Oct,R3 2090m Pace M,23-10-2016 09:02,4929790,10. Aitutaki,0,80.3072372392987,107.279439161623484457238665560257614553,47.0300372142477405635300372142477405635,180,80,1,1001,75.24,27.24,.7
127822871,AUS / Hoba (AUS) 23rd Oct,R6 1609m Pace M,23-10-2016 10:37,8418927,5. Jay Dub,0,18,17.7865525400280474933746136701578330847,16.3506365321086133268874385625654661188,18,15.5,1,1001,496.44,386.52,10.86
127821781,AUS / Quea (AUS) 23rd Oct,R1 1000m 3yo,23-10-2016 03:05,6287733,6. Revenue,0,63.242814226,52.6956422755256878504580900512682220465,53.4479699381865077600391337217058745053,85,40,70,70,899.48,873.66,10.8
127821783,AUS / Quea (AUS) 23rd Oct,R2 1000m Hcap,23-10-2016 03:40,6940773,4. El Toranado,0,3.0950342664167323,3.50899789771994038167101793566037832534,2.88663351133974852785648069566125683845,4,3.3,3.6,3.6,15317.8,9308.18,479.62
127821789,AUS / Quea (AUS) 23rd Oct,R5 1600m CL1,23-10-2016 05:25,11989122,10. Mr Mile,0,45.661041483245775,40.4827726910010035020393193325119255413,30.9242151631716093808164784712743516565,46,38,1,1001,322.36,178.12,36.64
127821791,AUS / Quea (AUS) 23rd Oct,R6 900m Mdn,23-10-2016 06:00,11989127,9. Iltextya,0,3.5989278245009784,3.40318532917136206067927313088292314648,3.0632276406359455425943410593000944172,3.75,2.9,8,8,10506.56,8181.64,215.54
127821793,AUS / Quea (AUS) 23rd Oct,R7 1460m Mdn,23-10-2016 06:40,5393202,2. Cliff,1,1.81,1.83965380734430139995626535738480990514,1.70556678652571252625154455805435601026,2.38,1.74,1.83,1.01,54692.02,43784.96,5810.34
127821793,AUS / Quea (AUS) 23rd Oct,R7 1460m Mdn,23-10-2016 06:40,11909028,4. King Of Saigon,0,17.318179715463778,14.0642524345634688373890510079732649938,11.722117886566784362375544740274199192,17.5,10.5,65,65,3143.7,2418.56,51.64
127821793,AUS / Quea (AUS) 23rd Oct,R7 1460m Mdn,23-10-2016 06:40,3808330,11. Supercharged,0,9.79311743317463,9.75477333676941151606532850398217520936,8.70611557684386637621710679966199144787,10.5,9,15,15,4709.94,3790.74,109.5
127821795,AUS / Quea (AUS) 23rd Oct,R8 2000m Cup,23-10-2016 07:15,8224632,3. Dog Tags,0,7.493008941421376,7.60734851073643539056698426186170215905,6.31247634438058090410332322183881758344,8.4,7,8,6.6,7957.94,5869.28,286.52
127821795,AUS / Quea (AUS) 23rd Oct,R8 2000m Cup,23-10-2016 07:15,11989135,1. Midnight Obsession,1,4.463252874547069,4.25756632062543482401779056791118871322,3.85071050720964381841312616304358490504,4.8,2.78,4.8,3,24461.68,20181.42,1042.54
127821795,AUS / Quea (AUS) 23rd Oct,R8 2000m Cup,23-10-2016 07:15,8631235,10. Impulse,0,23.526365541,22.8290483928455593955526554405513604303,18.7709595432072975419539029315507276652,27,19.5,21,21,1723.32,1283.48,53.38
127821809,AUS / Scne (AUS) 23rd Oct,R2 1300m Mdn,23-10-2016 04:05,11989236,3. Don The Jacket,0,62.008451386,47.6511183880270122167483883664669073741,48.2024387308972764830933376118085917131,120,44,1,1001,498.62,496.62,2
127821813,AUS / Scne (AUS) 23rd Oct,R4 1600m CL1,23-10-2016 05:15,11410837,9. Infantry,0,16.095780740824992,14.6079792191162647872518796187035336666,11.3957817408981703936425799297726852707,18.5,13,11,11,3463.04,2311.24,306.34
127821815,AUS / Scne (AUS) 23rd Oct,R5 2200m Hcap,23-10-2016 05:50,10662890,3. Ruffy Road,0,4.9,4.61524743435813895523884787117827164568,4.76544618393476444531574549918548910329,5.7,4.7,5.9,4.6,8569.56,7651.18,918.38
127821815,AUS / Scne (AUS) 23rd Oct,R5 2200m Hcap,23-10-2016 05:50,11989255,1. Husonique,0,29.656416311798292,16.8001872804552264947277396329067696747,14.9862637222091957453157973269669388016,30,11,20,18,1876.52,1519.24,357.28
127821817,AUS / Scne (AUS) 23rd Oct,R6 1300m CL3,23-10-2016 06:30,10054503,7. Prince Roo,0,15.004847348651133,17.4073866906352603597657513278495039698,15.3524207508794242483887736510868522921,23,13.5,34,16,3962.82,3281.12,136.5
127821831,AUS / Haml (AUS) 23rd Oct,R6 2200m Cup,23-10-2016 05:55,6922610,8. Sun Disk,0,38,33.9361894362769281604092935419115608596,12.8636609941311344369885777992805906729,42,29,34,24,950.78,250.96,527.72
127821831,AUS / Haml (AUS) 23rd Oct,R6 2200m Cup,23-10-2016 05:55,11989278,2. Manndawi,0,10.538619902264253,11.6379738036238524478406006564231047663,9.50521805857526537920450185445709169971,13,11,11,10.5,3283.98,2016.58,264.66
127821829,AUS / Haml (AUS) 23rd Oct,R5 1200m Hcap,23-10-2016 05:20,11278202,1. Jose Wales,0,2.22,2.36334917991948783108551604749441602344,2.27704269299668988310152911554952364979,2.97,2.08,2.32,2.24,38874.76,33948.68,1589.26
127821835,AUS / Haml (AUS) 23rd Oct,R8 1400m Hcap,23-10-2016 07:10,11989282,8. New York Monty,0,9.2,7.99589592856142188725823051808662652424,8.03049405246435417377832628731980148623,13,8.8,11.5,6,7616.6,7073.9,460.56
127821835,AUS / Haml (AUS) 23rd Oct,R8 1400m Hcap,23-10-2016 07:10,11014573,5. Doon Buggy,0,10.966575561,8.40887906958851313694454854268557001236,10.1811776605976188107319338042649155971,13,8.4,1000,9.8,4824.48,4536.82,180.6
127821833,AUS / Haml (AUS) 23rd Oct,R7 2200m Hcap,23-10-2016 06:35,116568,8. Full Bore,0,19.352936267605983,12.5663248804066169372042571902467282566,12.4791007493755203996669442131557035804,23,15.5,80,11,3338.78,2901.58,437.2
127821839,AUS / Sale (AUS) 23rd Oct,R1 1400m Mdn,23-10-2016 02:50,11989285,3. Magnyte,1,13.006082685647705,14.1628309366187971953121609687834220404,6.61749503493753004530467759870641306406,26,13.5,5.3,5.3,4118.78,1540.28,1881.3
127821839,AUS / Sale (AUS) 23rd Oct,R1 1400m Mdn,23-10-2016 02:50,10740642,5. Murphys Corner,0,59.564521024401365,63.1784073093429091709504369813712600034,36.7319959760932599562104266524646428783,80,55,1,1001,337.98,179.08,8.62
127821841,AUS / Sale (AUS) 23rd Oct,R2 1400m 3yo,23-10-2016 03:25,11989291,7. Last Dance,0,213.93752357556957,192.710124213755976715922421037269367414,116.170728903196137042998390434582662681,250,85,150,20,434.9,233.56,92.18
127821843,AUS / Sale (AUS) 23rd Oct,R3 1100m Mdn,23-10-2016 04:00,349183,6. First Amendment,0,16.5,11.5744727446397812404816363538837536199,11.1158078198293880163123029894541914313,17.5,8.6,1000,12.5,2937.66,2190.22,99.9
127821853,AUS / Sale (AUS) 23rd Oct,R8 1400m Hcap,23-10-2016 06:55,7896944,2. Vital Importance,1,29.61431475513309,21.8883188079056260400363176764518565968,7.30173700199070609428197035533955885006,30,10,24,1.01,6761.42,1768.04,4613.06
127821853,AUS / Sale (AUS) 23rd Oct,R8 1400m Hcap,23-10-2016 06:55,9147439,4. Zadon,0,14.825213375623132,15.7972112625426130727311633116871323196,13.6156479600861222423499417515995437717,17.5,12,100,29,3279.06,2308.08,420.94
127821849,AUS / Sale (AUS) 23rd Oct,R6 1200m Hcap,23-10-2016 05:45,9676165,3. Flying Light,0,16.5,12.7597149870005939572755974791946114698,10.2909400423492700323191797615067424496,16,10,1,1001,3589.2,2700.8,32.14
127821849,AUS / Sale (AUS) 23rd Oct,R6 1200m Hcap,23-10-2016 05:45,8721887,9. Domino Vitale,0,30,28.3128114936299301460772752364458126423,20.0153159952010526723170401331320871551,34,21,55,20,1033.56,642.12,52.5
127821851,AUS / Sale (AUS) 23rd Oct,R7 1600m Listed,23-10-2016 06:20,7580796,1. Desert Jeuney,0,12.238131428,11.2061234755766379395653756982214307471,9.20253306968498568116732578753579708169,23,10,20,20,5866.4,4074.38,159.14
127821851,AUS / Sale (AUS) 23rd Oct,R7 1600m Listed,23-10-2016 06:20,9249539,12. Orient Line,0,7.6,8.29175393852300786766446227375290955352,7.54644128083065930811870420749858433959,15,7,8,8,11549.38,9984.7,321.66
127821917,AUS / SCst (AUS) 23rd Oct,R4 1200m 3yo,23-10-2016 05:00,11866470,3. Cornforth,0,2.9896670685208853,2.85491147026342170663857621317707577326,2.77341995046040482859691828815946692404,3,2.6,100,2.92,22462.84,18868.96,1016.44
127821917,AUS / SCst (AUS) 23rd Oct,R4 1200m 3yo,23-10-2016 05:00,11989204,4. Mystyko,1,4.836224368334223,5.50176783038923731338672482399215801243,3.73931054400086640376885639452531618513,9.8,4.6,4,1.01,21052.54,11628.98,7185.04
127821917,AUS / SCst (AUS) 23rd Oct,R4 1200m 3yo,23-10-2016 05:00,11134792,11. Drums Jewel,0,114.89396130557792,108.040741378978564986876765269125230838,97.4788289778365861726761495203440291102,190,50,210,50,483.68,370,46.82
127821911,AUS / SCst (AUS) 23rd Oct,R1 1600m CL1,23-10-2016 03:15,9982857,8. Mandarosso,0,22.336798967,17.1194563969081337105151116737809193346,16.0558210544616855739557525970356847916,22,10.5,22,20,1840.56,1202.26,285.62
127821919,AUS / SCst (AUS) 23rd Oct,R5 1600m Hcap,23-10-2016 05:34,8559423,2. Fast Arrow,0,8.4,7.41151896099780292667901023378201623715,5.87843483360324987280911269306799954949,9.4,6.8,12.5,12.5,5149.74,3600.18,228.98
127821923,AUS / SCst (AUS) 23rd Oct,R7 1000m CL3,23-10-2016 06:48,2551029,5. French Song,0,36,33.0173430495684968061168544433252952377,27.0623119636547198384654215042907622413,42,22,55,55,990.5,742.82,66.76
127821913,AUS / SCst (AUS) 23rd Oct,R2 1400m Mdn,23-10-2016 03:50,9554832,2. High Profile,0,16.609099572113777,16.0679357895943598848908085849832729238,6.7062393573666172383655271970225177009,18,14,3,3,2036.62,592.68,684.84
127821913,AUS / SCst (AUS) 23rd Oct,R2 1400m Mdn,23-10-2016 03:50,11704519,3. King Drabadore,0,6.2,5.76979557002171596765080899097587402779,5.01624714740502815825556404283281065412,7,5.4,11,5.5,8430.92,6410.78,772.38
127821915,AUS / SCst (AUS) 23rd Oct,R3 1200m CL1,23-10-2016 04:25,8627751,9. Hidrifter,0,80,50.1928371812743746521580351756932025181,50.7661216720123080132467600198179874312,95,48,1,1001,766.98,761.24,5.74
127821939,AUS / Gawl (AUS) 23rd Oct,R7 1500m Cup,23-10-2016 06:52,5512989,8. Sandhill Chief,0,24.179980118223177,27.8588118170154877671266841861511992831,20.2073070382357781556859948433814252016,38,24,90,17,1822.9,1120.56,129.54
127821939,AUS / Gawl (AUS) 23rd Oct,R7 1500m Cup,23-10-2016 06:52,8358267,4. Excites Zelady,0,12,12.3023470171528422232918701464921952346,8.6925744177872123396717967096965394609,14,11,14,14,2901.86,1747.1,121.18
127821941,AUS / Gawl (AUS) 23rd Oct,R8 1500m Hcap,23-10-2016 07:27,936565,9. Raise A Dream,1,13,15.7951015847606920173983083531613550042,9.44488884618156484973694957599634852379,18.5,13.5,12,10,4162.7,2156.5,1264.76
127821927,AUS / Gawl (AUS) 23rd Oct,R1 1100m Mdn,23-10-2016 03:20,961788,7. Toyshop,1,1.4728385382838884,1.47086114828975441930429174123154261041,1.43199032162615947813162313176075527786,1.61,1.39,1,1001,58129.6,51909.38,1786.6
127821927,AUS / Gawl (AUS) 23rd Oct,R1 1100m Mdn,23-10-2016 03:20,11989062,2. Crazy Maneuver,0,120,96.8363138307717597783252011353109178484,76.4474157721660358627536141961903580071,130,42,1,1001,322.34,238.78,.2
127821929,AUS / Gawl (AUS) 23rd Oct,R2 1700m Mdn,23-10-2016 03:55,11989067,1. Dred The Day,0,73.15964778182386,103.11975641161885810478230644144445616,39.3388264973958333333333333333333333333,120,90,100,40,491.52,76.86,26.4
127821933,AUS / Gawl (AUS) 23rd Oct,R4 1200m CL2,23-10-2016 05:05,11989079,2. Anyportinastorm,0,17.5,19.8764838723135477653713173773997135044,15.1272882009547745375726386617199239372,22,17.5,1,1001,1504.02,1015.82,39.26
127821935,AUS / Gawl (AUS) 23rd Oct,R5 1100m Hcap,23-10-2016 05:38,10949137,9. Alcobro,0,14.797810490710907,9.61291634186877413210048721165338205046,10.2756503411170891341727217261079372123,17,11,8,8,2163.48,1910.28,113.98
127821935,AUS / Gawl (AUS) 23rd Oct,R5 1100m Hcap,23-10-2016 05:38,11933484,10. Super Flyer,1,19.340637363108108,12.6544360960167249892497969688165604547,8.20088391320687540795537709911584943727,27,15,16,10,5055.7,2836.16,2219.54
127821937,AUS / Gawl (AUS) 23rd Oct,R6 1700m Hcap,23-10-2016 06:15,7137574,1. Grand Armada,0,7.235468032303084,7.24991573402235976700261934051111871848,6.12490799662094023214959062515528767315,8.4,5.1,1,1001,6842.14,5304.78,106.88
127821937,AUS / Gawl (AUS) 23rd Oct,R6 1700m Hcap,23-10-2016 06:15,8691632,11. Lydiard,0,25,22.6236798216457650808354487067224066409,16.4151359671626475115443817342226782966,24,22,1,1001,779.6,486.46,8.14
127821946,AUS / Nort (AUS) 23rd Oct,R1 1000m 3yo,23-10-2016 05:42,11063369,2. Hoboken,0,8.257190891331117,8.98620326717827918338198685904336148522,7.75245473707720870499881346231695911331,10,7.4,6.6,6.6,4298.22,3321.2,240.44
127821950,AUS / Nort (AUS) 23rd Oct,R3 1100m CL3,23-10-2016 07:00,10670522,3. Guest Express,0,15.571481679,13.4580248982075307721235974938530322793,9.5028573613098423863772896573569407884,15,12.5,1,1001,1831.06,1070.94,156.68
127821950,AUS / Nort (AUS) 23rd Oct,R3 1100m CL3,23-10-2016 07:00,8175841,5. Caldetes,0,25.61190117786128,26.1767289104703633904024220930651922753,19.2582722232158826685744947236630298694,32,18,1,1001,1341.84,935.08,28.88
127821960,AUS / Nort (AUS) 23rd Oct,R8 1600m Listed,23-10-2016 09:47,10985455,11. Tonto,0,16,14.2185008060839458790618873647243667088,12.2172017445232996985039781719744766788,17,12.5,1,1001,2792.74,2284.18,26.58
127821962,AUS / Nort (AUS) 23rd Oct,R9 1300m CL1,23-10-2016 10:22,11989429,1. Bucktorio,0,4.7,4.54530902518258940339315382334466148751,3.88515513687210113074847667262861127111,5.5,4,1,1001,5277.92,3963.7,323.4
127821952,AUS / Nort (AUS) 23rd Oct,R4 2200m CL1,23-10-2016 07:31,10491464,8. Greater Impact,0,21,21.4002183335824480408733983032226348532,16.0679557207242824385229698742784850162,28,18.5,100,100,1264.7,651.52,341.4
127821954,AUS / Nort (AUS) 23rd Oct,R5 1300m Mdn,23-10-2016 08:12,10141135,5. Royal Luck,0,306.8885855815232,380.359269094018858241664335485787213317,288.719922914563641369184179131871157199,500,220,220,220,217.94,159.64,1.36
127821956,AUS / Nort (AUS) 23rd Oct,R6 1600m Mdn,23-10-2016 08:47,11151867,10. Dolusky,1,6.390264841661354,5.48770019748485865867903520163998309551,4.6077592646400077482778241867334955629,7.6,5.6,1.11,1.11,6607.92,5261.58,1346.34
127821958,AUS / Nort (AUS) 23rd Oct,R7 1600m CL3,23-10-2016 09:17,7536864,5. Big Setup,1,4.1,4.27886214060786551987216921850630678843,3.3240415557371787090909581340648610448,4.4,4,3.3,3.3,7414.62,5002.9,889.14
127821958,AUS / Nort (AUS) 23rd Oct,R7 1600m CL3,23-10-2016 09:17,10035768,2. Gold Invader,0,9.942999124264407,7.88383571773664054058502511832640346958,6.02230148282937783112005884858105230555,9.8,7,7,7,2066.32,1420.96,91.2
127821992,AUS / ASpr (AUS) 23rd Oct,R1 1200m Hcap,23-10-2016 05:56,8485115,3. Shoot N Scoot,0,11.821103407528717,10.5684097464638048674728945188332545827,9.11690545706287812659904283177316919002,13.5,9.8,9.4,9.4,1328.92,930.16,90.86
127821994,AUS / ASpr (AUS) 23rd Oct,R2 1100m Mdn,23-10-2016 06:37,11904363,5. Lotta Dame,1,5.3,4.73956907545965657367438012983968493723,3.3945377896151417515340899891520813432,5.5,4,1.01,1.01,4941.04,2978.04,1521.9
127821998,AUS / ASpr (AUS) 23rd Oct,R4 1000m Hcap,23-10-2016 07:57,9313587,5. Gamora,0,17.11721182539477,8.50647037037308787318855328237374724157,9.25291348600508905852417302798982188295,15.5,11.5,1,1001,1839.24,1640.94,31.44
127821998,AUS / ASpr (AUS) 23rd Oct,R4 1000m Hcap,23-10-2016 07:57,10141373,1. Burgundy Lass,0,5.332826840148481,4.25230260687312701414425466903624641108,4.32841487901441844108404896144116345816,6.2,4.6,1,1001,5289.06,4948.2,58.36
127822766,AUS / Dubb (AUS) 23rd Oct,R1 1720m Pace M,23-10-2016 04:06,6938750,3. Den Helder,0,,7.26952276770990818220812265020156726013,8.89187045604758757435558493060145406477,1,1001,1,1001,30.26,29.86,.4
127822766,AUS / Dubb (AUS) 23rd Oct,R1 1720m Pace M,23-10-2016 04:06,7256575,6. The Matrix,0,,6.49551692251052339410689930013639192362,10.1812953367875647668393782383419689119,1,1001,1,1001,38.6,25,13.6
127822768,AUS / Dubb (AUS) 23rd Oct,R2 1720m Pace M,23-10-2016 04:41,11989507,6. Kempley Princess,1,,17.8763697366209557239216393179201747618,16.8501938667606626718364469510045823053,23,20,1,1001,113.48,96.66,16.82
127822770,AUS / Dubb (AUS) 23rd Oct,R3 2120m Pace M,23-10-2016 05:17,11542035,7. Cocofollownoone,0,,10.3870869080154817827635903212895671511,10.1983708276322907054443631272472714545,14,8.4,1,1001,1257.08,1187.04,70.04
127822770,AUS / Dubb (AUS) 23rd Oct,R3 2120m Pace M,23-10-2016 05:17,8624648,4. Michaela Jay,0,,33.3954035275253874933190807055050774987,33.3954035275253874933190807055050774987,38,27,1,1001,187.1,187.1,0
127822774,AUS / Dubb (AUS) 23rd Oct,R5 2120m Pace M,23-10-2016 06:25,11989508,1. Bold Outlaw,0,,3.84509825774864467438087874072915559616,4.48603245154969292900327383086003775659,3.8,3.65,95,3.9,1673.88,1386.68,287.2
127822774,AUS / Dubb (AUS) 23rd Oct,R5 2120m Pace M,23-10-2016 06:25,11989514,9. Jogalong Dee,0,,8.0542856480048648164977584954365882457,8.23308139781750244150991465330559211923,8.4,8.4,12.5,12.5,471.02,404.34,66.68
127822776,AUS / Dubb (AUS) 23rd Oct,R6 1720m Pace M,23-10-2016 07:04,7322693,2. Persona,0,,7.21653836800178209412433416096729245736,6.84468408378564329944193868970262212369,12.5,6.8,3,3,1046.48,861.62,184.86
127822776,AUS / Dubb (AUS) 23rd Oct,R6 1720m Pace M,23-10-2016 07:04,7178368,6. His A Tease,0,,4.5568207206895488144493977003849295328,4.80703952179580935423356967981940160885,5.8,4.1,1,1001,1258.04,1056.16,201.88
127822824,AUS / Mary (AUS) 23rd Oct,R2 1690m Pace M,23-10-2016 04:54,8268666,8. Touch Of Armbro,0,40,39.6087222497300384790224266625658427278,52.5666933546837469975980784627702161729,40,40,470,90,124.9,47.34,20.98
127822824,AUS / Mary (AUS) 23rd Oct,R2 1690m Pace M,23-10-2016 04:54,337503,7. Party Queen,0,105.22927514853886,131.574124928899517434144133675023394352,75.7435760171306209850107066381156316917,1,1001,470,470,37.36,6.54,3.56
127822826,AUS / Mary (AUS) 23rd Oct,R3 2190m Trot S,23-10-2016 05:29,8793151,1. Our Elvis,0,4.501856568,3.70483202710814931441509023993334083814,3.86574408212305811428932779663160557324,4.1,3.35,90,4.1,5692.92,4827.02,508.18
127822826,AUS / Mary (AUS) 23rd Oct,R3 2190m Trot S,23-10-2016 05:29,4237472,9. Tiber,0,25.76666219868669,28.2121749648397447576156125579057699053,15.1137194264829912847905538375035141974,30,30,1,1001,142.28,39.3,13.38
127822828,AUS / Mary (AUS) 23rd Oct,R4 1690m Pace M,23-10-2016 06:04,8143800,3. Playing The Ace,0,24,25.4816809647629164244944117757447813082,20.3427894425064174290791812018692819061,28,24,1,1001,607.72,441.7,.54
127822828,AUS / Mary (AUS) 23rd Oct,R4 1690m Pace M,23-10-2016 06:04,9119458,8. Satans Outlaw,0,6.385233860148581,5.80405111309893409315301839450371569739,4.1694378085682433508520465042204172639,1,1001,1,1001,1255.8,708.82,12.24
127822830,AUS / Mary (AUS) 23rd Oct,R5 2190m Pace M,23-10-2016 06:43,5931736,10. One Tough Reign,0,271.2828707166202,138.431296351762678975083647571724432771,64.6726899383983572895277207392197125257,120,120,1,1001,48.7,12.5,.36
127822832,AUS / Mary (AUS) 23rd Oct,R6 2690m Trot S,23-10-2016 07:18,8403949,8. The Boss Man,0,5.727140537612141,5.81156286881076238952102920803537735315,3.57173981056369424260674368219752371865,5.3,5.3,6.2,2.5,2557.06,500.28,1828.76
127822832,AUS / Mary (AUS) 23rd Oct,R6 2690m Trot S,23-10-2016 07:18,10859960,11. Lord Liam,0,20,20.0523040648797871821255631946448167516,10.8012135670573591951042422985167513743,1,1001,1,1001,192.82,54.26,61.42
127822832,AUS / Mary (AUS) 23rd Oct,R6 2690m Trot S,23-10-2016 07:18,7634197,10. El Paco,1,6.4,6.54012203134023856377657530454285276621,3.31493070200805478949632879340381861912,8,5.8,8,1.01,2835.58,858.36,1773.8
127822832,AUS / Mary (AUS) 23rd Oct,R6 2690m Trot S,23-10-2016 07:18,7452408,3. Desert Spur,0,323.43817381121227,295.207714701383371512332240581058927327,124.64150943396226415094339622641509434,300,300,1,1001,61.48,8.02,.76
127822834,AUS / Mary (AUS) 23rd Oct,R7 2190m Pace M,23-10-2016 07:50,9086982,3. Delta Safari,0,28,29.3691455105815510767346330705665715475,19.3954836535220761712167172227839568588,30,28,95,95,296.7,140.8,12.62
127822836,AUS / Mary (AUS) 23rd Oct,R8 2690m Pace M,23-10-2016 08:17,9368057,4. Ohoka Punter,1,1.99,2.06775661185648011049854110487338264814,1.7772981395354932386654767661439229238,2.4,1.9,1.79,1.01,30523.56,20189.88,6774.4
127822836,AUS / Mary (AUS) 23rd Oct,R8 2690m Pace M,23-10-2016 08:17,5722652,2. Exciteusinthecity,0,180,118.393119845812498353294727908400871536,86.9027363184079601990049751243781094527,120,85,50,50,80.4,50.1,9.34
127822836,AUS / Mary (AUS) 23rd Oct,R8 2690m Pace M,23-10-2016 08:17,7288372,7. Beachstar,0,295.308526893,423.477323697152402057670679523781003148,224.551678445229681978798586572438162544,700,200,1,1001,45.28,22.54,0
127822838,AUS / Mary (AUS) 23rd Oct,R9 1690m Pace M,23-10-2016 08:45,10860008,11. Four Starzzz Forsa,0,2.52,2.43128367067350749314022353586633385034,2.11135472089972039190732515167029044835,2.82,2.04,1.72,1.61,9649.22,4881.04,3577.42
127822838,AUS / Mary (AUS) 23rd Oct,R9 1690m Pace M,23-10-2016 08:45,10618214,3. Majors Fortune,0,100,149.749786812544077946967667721549781896,84.0494132180358245830759728227300802965,1,1001,1,1001,32.38,15.62,1.04
127822841,AUS / Kalg (AUS) 23rd Oct,R1 2150m Pace M,23-10-2016 06:16,8275780,8. African Rose,0,,2.25093043501260129555475423915875878378,2.77415176634468269735790459226781758809,2.5,2.5,95,95,875.82,864.3,11.52
127822841,AUS / Kalg (AUS) 23rd Oct,R1 2150m Pace M,23-10-2016 06:16,9053129,6. Mistertee,0,,19.9916841224818758638227871070454826911,24.9137931034482758620689655172413793103,1,1001,1,1001,6.38,6.04,.34
127822841,AUS / Kalg (AUS) 23rd Oct,R1 2150m Pace M,23-10-2016 06:16,11301808,2. Mustang Bromac,1,,5.0074444215604315201152449798231115742,3.29114627659574468085106382978723404255,5,5,1,1001,300.8,145.06,155.74
127822843,AUS / Kalg (AUS) 23rd Oct,R2 1750m Pace M,23-10-2016 06:54,8867855,3. Grinning Fear,0,,2.39628441713025933940168480963242446038,2.40301924402268992206966018130732121084,2.42,2.3,2.24,2.24,5658.9,4849.14,809.76
127822847,AUS / Kalg (AUS) 23rd Oct,R4 2550m Pace M,23-10-2016 08:07,3335086,5. Sir Slick,0,,10.7085320447733946530415714991985413675,10.8022250566893424036281179138321995465,10.5,10.5,1,1001,423.36,418.88,4.48
127822853,AUS / Kalg (AUS) 23rd Oct,R7 2150m Pace M,23-10-2016 09:42,10239724,7. Truth Without Fear,0,,93.5209557271064903841286913113981039296,96.800296956198960653303637713437268003,160,90,1,1001,26.94,22.72,4.22
127822853,AUS / Kalg (AUS) 23rd Oct,R7 2150m Pace M,23-10-2016 09:42,8991385,3. Mission Glory,0,,127.720298401998345731166851813462938386,139.334625322997416020671834625322997416,280,280,310,310,15.48,14.52,.96
127822855,AUS / Kalg (AUS) 23rd Oct,R8 2518m Pace S,23-10-2016 10:07,6327592,10. Raymon John,0,,13.784658446145768017827828017586558417,15.5085999169090153718321562110511009556,1,1001,1,1001,48.14,44.1,4.04
127822855,AUS / Kalg (AUS) 23rd Oct,R8 2518m Pace S,23-10-2016 10:07,7322667,9. Perfect Mach,0,,23.5033257312469913612021508438188044144,25.1148243359040274207369323050556983719,24,24,1,1001,70.02,68.86,1.16
127822855,AUS / Kalg (AUS) 23rd Oct,R8 2518m Pace S,23-10-2016 10:07,4611417,4. Lennys In Heaven,1,,23.5971088555255255123775781969335497365,2.58256319832402234636871508379888268156,1,1001,1,1001,572.8,22.84,549.96
127822855,AUS / Kalg (AUS) 23rd Oct,R8 2518m Pace S,23-10-2016 10:07,7569889,8. Casey Isabella,0,,85.196256291197274508268149214366959127,104.234042553191489361702127659574468085,1,1001,1,1001,4.7,4.06,.64
127822855,AUS / Kalg (AUS) 23rd Oct,R8 2518m Pace S,23-10-2016 10:07,8421383,2. Flight Mode,0,,130.685765938172791479249100983917710127,283.478260869565217391304347826086956522,1,1001,660,230,9.2,4.08,5.12
127822869,AUS / Hoba (AUS) 23rd Oct,R5 2090m Pace S,23-10-2016 10:02,8951171,1. Major Callum,0,3.222390248581541,3.77876342680601808921268386002913526936,3.192781731229455346653322943161275776,5,3.4,22,5,5056.06,3124.54,338.7
127822875,AUS / Hoba (AUS) 23rd Oct,R8 2090m Pace M,23-10-2016 11:35,11989525,2. Entreemaindessert,0,43.61866265375166,46.3581661645556339372546131146629894981,37.5183471601786853860880663688576898532,95,38,1,1001,250.72,170.36,1.64
127822875,AUS / Hoba (AUS) 23rd Oct,R8 2090m Pace M,23-10-2016 11:35,9363122,3. Streetside Classic,0,15.5,14.292624200819368733162928843949309721,12.8793653203765563316125113877922866687,1,1001,1,1001,395.16,329.6,1.2
127822877,AUS / Hoba (AUS) 23rd Oct,R9 2090m Pace M,23-10-2016 12:00,6808893,5. Bymarjac,0,6.6580955261903725,7.31378936096692974589292758854309872531,7.46292272487878144392053022549087998095,7.8,6.8,1,1001,651.4,1006.52,4.26
127822865,AUS / Hoba (AUS) 23rd Oct,R3 2090m Pace M,23-10-2016 09:02,8420903,13. Animi Sub Ignis,0,40,38.6356789695783274531743449209765502803,29.2846319723979298447383553766532489937,40,34,1,1001,278.24,183.86,19.92
127822867,AUS / Hoba (AUS) 23rd Oct,R4 2090m Pace S,23-10-2016 09:32,11444975,10. Zumba Bromac,0,4.3,4.31145545134725308145630226341403441593,3.91794844848986346710798510550268928424,4.5,4.1,4.5,4.5,2417,1559.66,502.16
127822871,AUS / Hoba (AUS) 23rd Oct,R6 1609m Pace M,23-10-2016 10:37,11989524,6. Whatelsugot,0,133.43301021959638,199.237054310953130247423691846753530986,41.4587988826815642458100558659217877095,1,1001,1,1001,28.64,1.06,.52
