EVENT_ID,MENU_HINT,EVENT_NAME,EVENT_DT,SELECTION_ID,SELECTION_NAME,WIN_LOSE,BSP,PPWAP,MORNINGWAP,PPMAX,PPMIN,IPMAX,IPMIN,MORNINGTRADEDVOL,PPTRADEDVOL,IPTRADEDVOL
101316174,AUS / APrk (AUS) 6th Oct,R1 2647m Trot S,06-10-2015 05:01,118522,6. Continental Boy,1,2.395612161,2.26435843863942208036585361227195290493,2.21024148362879548072992158174452744639,2.5,2,1,1001,13453.5,12441.68,293.74
101316174,AUS / APrk (AUS) 6th Oct,R1 2647m Trot S,06-10-2015 05:01,10264104,1. Moonshine Sky,0,260.9760291783326,126.787712277337248242027695437976484424,129.082794307891332470892626131953428202,160,90,1,1001,15.46,9.34,0
101316174,AUS / APrk (AUS) 6th Oct,R1 2647m Trot S,06-10-2015 05:01,6864051,8. Sambalada,0,80.19084926137441,83.8264342502273216505963638615090989855,60.8370554177005789909015715467328370554,100,65,1,1001,48.36,27.78,0
101316176,AUS / APrk (AUS) 6th Oct,R2 1660m Pace M,06-10-2015 05:38,6366615,5. Margins,0,17.5,20.2592403389634189201773145475724846327,20.3009897147292839122841063458179701145,21,21,1,1001,103.06,81.12,1.3
101316178,AUS / APrk (AUS) 6th Oct,R3 1660m Pace M,06-10-2015 06:18,4641987,2. Lots More Grins,0,21.349939941726625,20.5896505720209540526223468552912182492,18.3455960194791446114757569341520220199,23,14,1000,1000,566.76,463.68,1
101316182,AUS / APrk (AUS) 6th Oct,R5 1660m Pace M,06-10-2015 07:38,8224966,9. Somebeach N Clovelly,0,8.2,8.88691719845297243867867080390335940701,7.90119413482561961989511184502239958412,9.2,8.4,1,1001,1308.06,1080.7,14.14
101316182,AUS / APrk (AUS) 6th Oct,R5 1660m Pace M,06-10-2015 07:38,8582260,11. Gotta Go Artelect,0,26.857306287,21.8288465037856364637295256610179642098,18.3118957545187053383774695250105086171,23,19,1,1001,190.32,111.14,4.6
101316203,AUS / Mngl (AUS) 6th Oct,R8 1609m Pace M,06-10-2015 06:38,8230615,7. Amanda Von,0,156.666437411,75.2735592666658831810239589674963474673,70.5332943070393677740377579394116786185,130,50,1,1001,136.66,113.68,0
101316189,AUS / Mngl (AUS) 6th Oct,R1 1609m Trot M,06-10-2015 02:20,8994717,4. Theytellme,0,17.703935492635935,15.5101116869772715456221828370911464532,15.0085778093594558928027611410009136128,16.5,14,1,1001,394.04,368.86,.44
101316189,AUS / Mngl (AUS) 6th Oct,R1 1609m Trot M,06-10-2015 02:20,3513215,5. King Kong Cooma,0,44,26.6872453496308252082533967628270465928,26.2524229074889867841409691629955947137,1,1001,1,1001,22.7,20.24,0
101316191,AUS / Mngl (AUS) 6th Oct,R2 1609m Pace M,06-10-2015 02:55,10372892,1. Allaboutthesurf,0,100,47.2278140048614342308108121765376955302,47.6910159817351598173515981735159817352,1,1001,1,1001,17.52,15.04,0
101316193,AUS / Mngl (AUS) 6th Oct,R3 1609m Pace M,06-10-2015 03:31,6202599,8. Lombo Hot Gun,0,27,25.2509297306307664135580831171273236831,14.4818548387096774193548387096774193548,1,1001,1,1001,84.32,26.42,0
101316197,AUS / Mngl (AUS) 6th Oct,R5 1609m Pace M,06-10-2015 04:43,4042956,1. Underdog,0,30,19.9511790187870592743272189163065101705,20.2510863897097166695637058925777855032,30,22,1,1001,230.12,229.82,.3
101316201,AUS / Mngl (AUS) 6th Oct,R7 1609m Pace M,06-10-2015 05:58,10372900,8. Our Hedley,0,3.7787330665209447,3.92574464873330156543007871806293260999,3.85123979142107666656046558553966079375,4.4,3.6,75,75,3766.44,3362.4,84.54
101316205,AUS / Mngl (AUS) 6th Oct,R9 1609m Pace M,06-10-2015 07:18,8568560,5. Arrow Stride,0,85.95841393727812,47.4816530374333104730815431108015769986,46.7448075994203831911125422637256480438,48,46,1,1001,124.22,100.9,0
101316208,AUS / GlPk (AUS) 6th Oct,R1 2130m Pace M,06-10-2015 09:15,10372885,5. High Speed Chase,0,191.205790219,75.9648652526680104086667087300909809459,91.5710900473933649289099526066350710901,100,65,1,1001,33.76,28.56,.6
101316216,AUS / GlPk (AUS) 6th Oct,R5 1730m Pace M,06-10-2015 11:17,7978079,5. Noble Force,0,4.2,4.74002529792078294258418824559303972416,4.86209489199107778312333255138027967412,6,4,25,8,5030.14,4063.42,266.44
101316216,AUS / GlPk (AUS) 6th Oct,R5 1730m Pace M,06-10-2015 11:17,7374300,3. Look Down Charlie,0,25.5881839798938,24.7508725119214723716237965757960852794,19.1576031075059979435622072432308922655,19.5,19.5,1,1001,175.06,119.58,10.38
101316218,AUS / GlPk (AUS) 6th Oct,R6 1730m Pace M,06-10-2015 11:47,8469456,2. Macheaven,1,17,13.1289359679133964077119833405539714048,5.95045491340985999601884413774799283392,16,12,5.5,1.01,1507.1,526.5,931.76
101316210,AUS / GlPk (AUS) 6th Oct,R2 2130m Pace M,06-10-2015 09:47,8615795,7. A Force In Action,0,3,3.17764317003928855308329701950697324556,2.93139335890220671974506028772643007798,3.4,2.8,2.98,1.3,7832.44,6291.24,762.7
101316236,AUS / Shep (AUS) 6th Oct,R7 2190m Trot S,06-10-2015 11:30,6831316,7. Secret Kiss,0,12,13.2360767796985777217321753346890879262,9.20097558897456652323946662122438546415,13,12.5,9,9,469.46,220.56,123.92
101316224,AUS / Shep (AUS) 6th Oct,R1 2190m Pace M,06-10-2015 08:27,6738236,4. Catchthateye,0,7.2,9.48944527054659135740136434511760961324,8.72686110166084186434911700120619800204,10,9.4,1,1001,646.66,493.56,9.46
101316224,AUS / Shep (AUS) 6th Oct,R1 2190m Pace M,06-10-2015 08:27,7270346,2. Foyer,0,280,205.518101907570188282949793991160388377,166.539626001780943900267141585040071238,270,130,1,1001,44.92,32.4,.92
101316226,AUS / Shep (AUS) 6th Oct,R2 2190m Pace M,06-10-2015 09:02,10372914,9. Lauper,0,14,12.9009425395852052309811929287250506288,11.0533771049911848744604535230105173567,11.5,11.5,1,1001,328.98,228.36,17.36
101316228,AUS / Shep (AUS) 6th Oct,R3 1690m Pace M,06-10-2015 09:31,10372918,7. Sur Le Feu,0,4.004525098771408,3.84203966034561882296203360414319098124,3.49055780698490592600786380137365123739,4.4,3.15,1,1001,1988.86,1507.4,164.82
101316228,AUS / Shep (AUS) 6th Oct,R3 1690m Pace M,06-10-2015 09:31,6303585,2. Major Lloyd,0,18.229942674181657,20.9147804726419070598097097966485247709,18.4719551988711526589646353293941264662,25,13,1,1001,226.78,161.24,16.78
101316230,AUS / Shep (AUS) 6th Oct,R4 1690m Trot M,06-10-2015 10:00,10372924,9. Baldy Face,0,14.5,15.0290908603855898653671105373571057432,11.8720912253575570158484731349052957093,17,14,1,1001,258.7,193.52,5.82
101316230,AUS / Shep (AUS) 6th Oct,R4 1690m Trot M,06-10-2015 10:00,6670562,3. Our Punt,0,118.45313660960645,60.7269018069120427631111300663908673462,64.5192815636555731642894875858425779187,55,55,70,70,37.86,12.38,16
101316234,AUS / Shep (AUS) 6th Oct,R6 2190m Pace M,06-10-2015 11:00,8153498,9. Provocator,1,3.7522762214063548,3.74262649909751810313417575694051015268,2.97093142356501884989114851590293633516,3.9,3.45,3,2,7533.2,3809.52,3343.3
101316232,AUS / Shep (AUS) 6th Oct,R5 2190m Pace M,06-10-2015 10:30,3870205,8. Kings Law,0,11.61058194063007,9.97615818725183062043428296038459507102,8.9923634336677814938684503901895206243,10.5,7,1,1001,861.12,605.96,113.78
101316232,AUS / Shep (AUS) 6th Oct,R5 2190m Pace M,06-10-2015 10:30,8292233,1. Uroc Mman,1,5,4.28369235974470578316299466986766904921,3.49557445630836760569725756727359322405,5.4,3.8,1.02,1.02,3107.46,2111.86,874.1
101316256,AUS / Nowr (AUS) 6th Oct,R1 1600m Hcap,06-10-2015 03:24,5282243,1. Albana,0,34,28.5940719792350094029373605551987777602,24.2915164623888488344148041336217255467,42,15,1,1001,499.32,411.8,6.32
101316260,AUS / Nowr (AUS) 6th Oct,R3 1200m Hcap,06-10-2015 04:36,3856095,6. Opoho,0,11,11.4521779293255907994933513851696061485,9.49144329732063383772432429551378058725,15,10,1,1001,3752.38,2868.74,10.7
101316260,AUS / Nowr (AUS) 6th Oct,R3 1200m Hcap,06-10-2015 04:36,8631243,7. De Licious Bobbie,0,22,17.7669993670443863996114843411462106816,12.7622331268921031282771720849245137419,22,14.5,1,1001,1010.78,697.3,0
101316262,AUS / Nowr (AUS) 6th Oct,R4 1200m Mdn,06-10-2015 05:12,9025939,8. Zooks,0,19.151384369,15.6007669365146996165317426501917341287,15.6007669365146996165317426501917341287,17.5,17.5,1,1001,46.94,46.94,0
101316258,AUS / Nowr (AUS) 6th Oct,R2 1400m Mdn,06-10-2015 04:00,10303486,13. Summer Surf,0,13,11.5817577915829515211308347264238869509,10.9018930312211829798445527598471874588,12.5,9.4,1,1001,1518.2,1383.96,27.54
101316268,AUS / Nowr (AUS) 6th Oct,R7 1600m CL1,06-10-2015 07:10,10372704,10. Pericio,0,22.415610253578052,21.0056956304759817079901604664107807997,17.1938669782412204316483322678071471088,26,18.5,19,19,907.22,656.44,20
101316270,AUS / Nowr (AUS) 6th Oct,R8 1200m Mdn,06-10-2015 07:50,10372707,1. Chapilla,0,3.857485182217005,3.15506785761862456776663039282234794411,2.83674604640418506102759984984862278607,3.85,2.8,3.2,3.2,36709.62,29361.72,421.98
101316270,AUS / Nowr (AUS) 6th Oct,R8 1200m Mdn,06-10-2015 07:50,10372713,9. Return To Glory,0,17,14.5778951960408019899435485416833941817,12.5543513009501820442234259834828168014,17.5,8.6,12,10,2252.2,1654.36,131.38
101316270,AUS / Nowr (AUS) 6th Oct,R8 1200m Mdn,06-10-2015 07:50,10372714,10. Airplane,0,15,17.1755712469713097325946968812815088611,13.9385941025441531160040457480743795223,23,14,1,1001,2056.48,1541.02,.44
101316176,AUS / APrk (AUS) 6th Oct,R2 1660m Pace M,06-10-2015 05:38,10372879,10. Nicksam,0,15.119560948,23.0239563336969501407153935201852271905,17.1069405099150141643059490084985835694,25,24,1,1001,141.2,87.22,.46
101316178,AUS / APrk (AUS) 6th Oct,R3 1660m Pace M,06-10-2015 06:18,8339250,5. Goldplay,1,3.2078589495680245,3.88609797803682434417219214798386785029,3.2420367132161116540533555176842122267,5,3.35,1.8,1.01,9904.88,7172.94,1458.22
101316182,AUS / APrk (AUS) 6th Oct,R5 1660m Pace M,06-10-2015 07:38,6443021,6. Lancelot Bromac,0,22,21.0661543874095776896787746924045105589,18.6800908715406856670797191243287897563,21,19,220,220,290.52,175.62,13.64
101316182,AUS / APrk (AUS) 6th Oct,R5 1660m Pace M,06-10-2015 07:38,8495590,1. Jack Starzzz,0,4.430452181,4.23066463225694279294853774425349542804,3.41426930428823890071049879179139466946,4.6,3.85,2.8,2.8,3327.24,2021.82,858.1
101316184,AUS / APrk (AUS) 6th Oct,R6 1660m Pace M,06-10-2015 08:10,6975033,8. Supaliner,0,20,20.8409318401746858426975533416577751601,20.0603565861262665627435697583787996882,21,18.5,1,1001,205.28,167.3,4.08
101316195,AUS / Mngl (AUS) 6th Oct,R4 1609m Pace M,06-10-2015 04:07,6396026,8. Soul Flight,0,267.5343178792291,158.502158984185268032011030404580272276,160.228039041703637976929902395740905058,200,110,490,490,22.54,17.36,.44
101316203,AUS / Mngl (AUS) 6th Oct,R8 1609m Pace M,06-10-2015 06:38,5248945,8. Artique,0,36,38.2853554995904772565326474162841756274,33.9465437788018433179723502304147465438,50,32,50,50,260.4,184.82,9.7
101316193,AUS / Mngl (AUS) 6th Oct,R3 1609m Pace M,06-10-2015 03:31,5617659,3. Tosca Jack,1,31.018968476,24.4505546443158920663419763599727606926,16.7451699400211689991767611431259555451,24,23,1,1001,170.06,100.12,49.86
101316193,AUS / Mngl (AUS) 6th Oct,R3 1609m Pace M,06-10-2015 03:31,6104143,4. Elle Of A Horse,0,205.84065806545317,64.997741256190957966189428608402056398,100.71779141104294478527607361963190184,1,1001,1,1001,3.26,.34,0
101316207,AUS / Mngl (AUS) 6th Oct,R10 1609m Pace M,06-10-2015 07:58,9293893,1. Ali Mendes,0,3,2.94659184901027343270560589805588344239,3.02637284984116131506757939849749443439,3.1,2.86,5,4.8,4797.32,3875.18,511.14
101316199,AUS / Mngl (AUS) 6th Oct,R6 1609m Pace M,06-10-2015 05:19,6260403,1. Macy Supreme,0,9.17,1,72.2779882154882154882154882154882154882,1,1001,1,1001,47.52,0,0
101316201,AUS / Mngl (AUS) 6th Oct,R7 1609m Pace M,06-10-2015 05:58,10372902,11. Challenging,0,9.553116187448612,6.04816504627590173796135893416672744778,8.5338269904138683198438665977842833362,6,6,1000,340,696.84,503.72,23.14
101316205,AUS / Mngl (AUS) 6th Oct,R9 1609m Pace M,06-10-2015 07:18,6470290,4. Storm Burst,0,420,292.89546853149467339601416689433925469,189.80495689655172413793103448275862069,250,230,910,910,18.56,6.42,1.48
101316212,AUS / GlPk (AUS) 6th Oct,R3 2536m Pace M,06-10-2015 10:17,6344660,6. Miami Terror,0,445.7020600511507,392.462448539629355462916066025116556928,274.748120300751879699248120300751879699,1,1001,1,1001,5.32,1.54,0
101316212,AUS / GlPk (AUS) 6th Oct,R3 2536m Pace M,06-10-2015 10:17,6621949,8. Hez The Artisan,0,34,41.3962612804984959335338755288165961578,36.5975713677034512143161482743928419259,46,34,1,1001,93.88,75,0
101316214,AUS / GlPk (AUS) 6th Oct,R4 2536m Pace M,06-10-2015 10:47,7539283,5. Damon Runyon,0,40,32.7905905576575094587925645665405494325,32.7905905576575094587925645665405494325,40,40,1,1001,121.58,121.58,0
101316218,AUS / GlPk (AUS) 6th Oct,R6 1730m Pace M,06-10-2015 11:47,6048816,3. Diamonds A Blaze,0,50,43.6124601051242532882656818008115574127,37.0142809139784946236559139784946236559,32,32,1,1001,119.04,96.56,0
101316220,AUS / GlPk (AUS) 6th Oct,R7 2503m Pace S,06-10-2015 12:17,5558567,7. Our Red Baron,0,95,92.7570776873751670746508685210431691512,1,87.21,87.21,1,1001,0,22.46,0
101316222,AUS / GlPk (AUS) 6th Oct,R8 2130m Pace M,06-10-2015 12:44,10155261,3. It Aint Royal,0,30.718823504224417,26.7054767371903249614549395813744928229,1,30,26,1,1001,0,164.2,0
101316210,AUS / GlPk (AUS) 6th Oct,R2 2130m Pace M,06-10-2015 09:47,10372887,3. Is There A Dream,0,9.465859559874513,8.90130171186977686336062444321893691936,7.79433705506250596430957152400038171581,9.6,9,7.6,7.6,1047.9,772.44,197.24
101316210,AUS / GlPk (AUS) 6th Oct,R2 2130m Pace M,06-10-2015 09:47,9054480,6. Major Owen,0,44,40.4012901427073751086150562769684585258,33.3510906040268456375838926174496644295,42,42,1,1001,95.36,76.9,0
101316236,AUS / Shep (AUS) 6th Oct,R7 2190m Trot S,06-10-2015 11:30,7581370,10. Majestic Ess Jay,1,4.2,3.52543592163202047715857897494283550193,2.89566095493118901566919874137876235578,4.2,3,4.4,2.26,10068.16,4835.18,4801.56
101316236,AUS / Shep (AUS) 6th Oct,R7 2190m Trot S,06-10-2015 11:30,3916126,1. Doctor Sam,0,185.23549033821436,99.9957573246860848820764824364670085568,6.63414634146341463414634146341463414634,1,1001,1,1001,9.84,.56,0
101316236,AUS / Shep (AUS) 6th Oct,R7 2190m Trot S,06-10-2015 11:30,5752290,5. Kains Boy,0,14,11.6493147549687982583670538052785071228,8.31398281337567719036054548851111526247,11.5,11.5,1,1001,214.12,125.1,6.84
101316236,AUS / Shep (AUS) 6th Oct,R7 2190m Trot S,06-10-2015 11:30,8704760,2. Antilogy,0,90.0570681326546,79.0160966599979458191502411808887797001,54.5994764397905759162303664921465968586,110,60,90,90,84.04,42.08,4.68
101316226,AUS / Shep (AUS) 6th Oct,R2 2190m Pace M,06-10-2015 09:02,9399137,1. Wantalinga Dream,0,60,44.5869884377507658084481331136602384018,47.1693568413210826918301465110504097343,46,40,170,170,80.54,65.28,6.48
101316226,AUS / Shep (AUS) 6th Oct,R2 2190m Pace M,06-10-2015 09:02,9462239,4. Divine King,0,7.4,6.69562158162421903106313698859688569747,6.5030537609926857728320573754162279079,6.8,6.6,7,6,1405.48,1016.92,266.64
101316228,AUS / Shep (AUS) 6th Oct,R3 1690m Pace M,06-10-2015 09:31,10181654,6. Somebeach,1,2.421299067,2.56409992108487358690877121547912837492,2.04451387510085797929190305805617631031,2.7,2.6,2.7,1.02,4734.38,2592.2,1589.8
101316230,AUS / Shep (AUS) 6th Oct,R4 1690m Trot M,06-10-2015 10:00,10372923,8. Leannes Legacy,0,7.4,7.90829685376811326598557520572643112232,9.22282601211787386394932525475075736712,9.4,7,390,7.4,1161.92,973.1,136.88
101316234,AUS / Shep (AUS) 6th Oct,R6 2190m Pace M,06-10-2015 11:00,7270329,11. Top Trio,0,8.121308738822119,8.70328504441157234108325249870399773263,7.10104986876640419947506561679790026247,1,1001,7,7,472.44,278.68,81.96
101316234,AUS / Shep (AUS) 6th Oct,R6 2190m Pace M,06-10-2015 11:00,2924304,3. Forbidden Forest,0,4.650416349,4.36719970022080054391965057331933473674,4.26570861171834108192986237260999415007,4.7,4.4,4.5,3.55,1948.74,1378.78,350.04
101316234,AUS / Shep (AUS) 6th Oct,R6 2190m Pace M,06-10-2015 11:00,7107573,1. Arma Augustus,0,34,16.3831120290396097393324981183912873863,16.5574743186752649146116205969085193947,34,7.6,1,1001,617.18,536.4,2.58
101316232,AUS / Shep (AUS) 6th Oct,R5 2190m Pace M,06-10-2015 10:30,7386849,3. Lost In Bangkok,0,5.995582924715709,6.74888506117092861689017596300401915964,6.77651318039221516823027401537340727635,7,6.4,1,1001,1345.18,1195.2,10.6
101316238,AUS / Shep (AUS) 6th Oct,R8 1690m Pace M,06-10-2015 12:00,9140476,9. Nicky Maguire,0,5.4,5.11749479966150636466491580907526226839,4.87861395224797456684695369008661213782,5.4,4.8,5.2,2.2,1304.5,3200.58,553.46
101316260,AUS / Nowr (AUS) 6th Oct,R3 1200m Hcap,06-10-2015 04:36,6357699,8. Mugga Malley,0,23,22.711388802859122888918123414431122541,19.4069322285726680186970620451809515547,60,19,22,22,1844.14,1419.98,113.28
101316264,AUS / Nowr (AUS) 6th Oct,R5 1400m Hcap,06-10-2015 05:50,10372697,10. Cloud Seeder,0,10,11.3393441053245326737983995942130840082,9.93632876835954244974392527581616767818,12.5,10.5,10,10,1772.92,1300.86,246.14
101316258,AUS / Nowr (AUS) 6th Oct,R2 1400m Mdn,06-10-2015 04:00,7043843,1. Ardimento,0,148.04784604348254,111.832431581967248085146279350797289033,94.7405345211581291759465478841870824054,160,75,1,1001,143.68,96.1,0
101316258,AUS / Nowr (AUS) 6th Oct,R2 1400m Mdn,06-10-2015 04:00,10259559,12. Sudden Wealth,0,13.5,15.7269652120987409385448269894967153451,14.5490111018644758043097190006551339483,21,12,1,1001,1129.54,1016.1,.42
101316266,AUS / Nowr (AUS) 6th Oct,R6 1200m CL2,06-10-2015 06:30,8615670,8. Basking,0,25.545858747277627,25.1194989763771784652417101858630550165,17.6975513945266465889747282964514861857,42,22,1,1001,763.7,522.5,.52
101316268,AUS / Nowr (AUS) 6th Oct,R7 1600m CL1,06-10-2015 07:10,1433944,4. Angel Dancer,1,2.3,2.1998437727806190727405792236721151346,1.98379879923878671376387820252526563346,2.3,2,2,2,23888.18,18564.78,2767.12
101316176,AUS / APrk (AUS) 6th Oct,R2 1660m Pace M,06-10-2015 05:38,9479537,6. Jaycee Style,0,384.465805644,1,196.066666666666666666666666666666666667,1,1001,1,1001,3.3,0,0
101316180,AUS / APrk (AUS) 6th Oct,R4 1660m Pace M,06-10-2015 06:58,1397680,8. Lebron,0,13.718515416109007,13.0256852467458087607267927790738188251,12.5378479252555314321957407362232576294,16,10.5,16,16,819.86,618.6,82.92
101316180,AUS / APrk (AUS) 6th Oct,R4 1660m Pace M,06-10-2015 06:58,5432778,7. Lucky Voodoo,0,80,48.1122632129646149251217758001712965646,51.1549317379966252492713606381346832336,55,42,1,1001,130.38,117.38,7.06
101316182,AUS / APrk (AUS) 6th Oct,R5 1660m Pace M,06-10-2015 07:38,9256227,2. Glenburn Red,1,70,84.7294231743869504819729910650094366742,7.81645855638059057157658435503367294077,120,60,370,1.07,2316.4,157.94,2129.58
101316182,AUS / APrk (AUS) 6th Oct,R5 1660m Pace M,06-10-2015 07:38,10372882,12. Passionate Fella,0,24,23.2791317144853627784511000542208276087,22.5824674498494423003520081428389668773,29,22,1,1001,471.58,411.34,3.24
101316203,AUS / Mngl (AUS) 6th Oct,R8 1609m Pace M,06-10-2015 06:38,5311334,9. Just Got The Look,0,300.3911944196373,225.016425235527213017264935826465260411,198.647405029427501337613697164258962012,260,190,1,1001,37.38,24.08,0
101316203,AUS / Mngl (AUS) 6th Oct,R8 1609m Pace M,06-10-2015 06:38,6515835,4. Internationaltuffguy,0,10.854380406369458,11.8816883380258877815723104155142713281,10.9408956746711365375505593411799001567,14.5,10,1,1001,548.86,476.54,0
101316189,AUS / Mngl (AUS) 6th Oct,R1 1609m Trot M,06-10-2015 02:20,8485492,2. Lenient,0,5.2,5.83805908028851777942627910880157616986,5.68400760719225449515905947441217150761,7.4,5.2,1,1001,1041.12,999.34,0
101316191,AUS / Mngl (AUS) 6th Oct,R2 1609m Pace M,06-10-2015 02:55,10372896,6. Power Of Red,1,1.19,1.22476738949206754845396647422544593771,1.2216916575032127290311469111432016004,1.3,1.17,1.39,1.01,15096.2,10458.34,4065.86
101316191,AUS / Mngl (AUS) 6th Oct,R2 1609m Pace M,06-10-2015 02:55,10289744,3. Ultimate Risk,0,22,19.4863908104265533870319252173695403377,19.460781522474109398910993273781985124,20,19,1,1001,561.98,559.2,.82
101316207,AUS / Mngl (AUS) 6th Oct,R10 1609m Pace M,06-10-2015 07:58,7135155,6. Line Honours,0,166.64998474549503,114.933681586748804102427350644416966534,62.6320495185694635488308115543328748281,110,100,1,1001,29.08,15.12,0
101316207,AUS / Mngl (AUS) 6th Oct,R10 1609m Pace M,06-10-2015 07:58,6879570,9. Flying Pegasus,0,11.064182561,11.0008481544402333318652339594932901733,10.1652791139075947063258885624398741582,12,9,14,13,769.22,513.68,144.06
101316197,AUS / Mngl (AUS) 6th Oct,R5 1609m Pace M,06-10-2015 04:43,4070819,4. Constant Addiction,0,48,41.1662909956803840612979126319800519907,43.6840198321891685736079328756674294432,100,32,95,95,104.88,99.1,5.78
101316197,AUS / Mngl (AUS) 6th Oct,R5 1609m Pace M,06-10-2015 04:43,7129598,8. Jokers Tothe Right,1,6.684362212724519,4.19208512161017589889678633569573084916,3.03751846908550220692400454263402526547,8.6,4.6,5.5,1.6,3416.52,1867.42,1549.1
101316197,AUS / Mngl (AUS) 6th Oct,R5 1609m Pace M,06-10-2015 04:43,6882345,6. Major Megs,0,4.8751206937176175,2.98007591176836359132084295016766576267,3.0291273076000959002637257252457444258,5.8,3.15,1,1001,2085.5,2038.74,46.76
101316199,AUS / Mngl (AUS) 6th Oct,R6 1609m Pace M,06-10-2015 05:19,5753744,7. Mcardles Chance,0,15.98,1,52.6978518267929634641407307171853856563,1,1001,1,1001,59.12,0,0
101316199,AUS / Mngl (AUS) 6th Oct,R6 1609m Pace M,06-10-2015 05:19,6950208,5. Zenable,0,7.4,1,22.4100853080568720379146919431279620853,1,1001,1,1001,105.5,0,0
101316201,AUS / Mngl (AUS) 6th Oct,R7 1609m Pace M,06-10-2015 05:58,10239686,5. Ima Toastmasta,0,46,56.0925107143321648790339395234728448012,50.6668163952835485682201010668163952836,80,32,1,1001,178.1,149.16,10.78
101316201,AUS / Mngl (AUS) 6th Oct,R7 1609m Pace M,06-10-2015 05:58,9272091,4. Dellas Command,0,126.911002953,84.4439510660931652497766599869686418076,74.0586434291097503532736693358455016486,100,65,60,55,84.92,49.1,29.32
101316205,AUS / Mngl (AUS) 6th Oct,R9 1609m Pace M,06-10-2015 07:18,10372903,1. Spudvegas,0,11.977757086539995,11.635408106225164611947444882708244941,10.2379285059578368469294225481209899175,13,9.4,1,1001,1309.2,1125.38,6.52
101316208,AUS / GlPk (AUS) 6th Oct,R1 2130m Pace M,06-10-2015 09:15,10201813,7. Sportsnight,0,1.52,1.48191429985896812379719085254775359813,1.4172503181676546444969196866001674369,1.53,1.45,1.46,1.46,10654.76,7273.34,1515.06
101316212,AUS / GlPk (AUS) 6th Oct,R3 2536m Pace M,06-10-2015 10:17,5127107,7. Comeuppance,0,15.975711203433791,16.5470320291602524880615809502711068725,12.8984962406015037593984962406015037594,19.5,17.5,55,55,228.76,158.82,4.68
101316212,AUS / GlPk (AUS) 6th Oct,R3 2536m Pace M,06-10-2015 10:17,5823674,5. Preshuss Theory,0,95,73.5154829096379443242581836905691362925,69.5427083333333333333333333333333333333,1,1001,1,1001,19.2,16.1,0
101316216,AUS / GlPk (AUS) 6th Oct,R5 1730m Pace M,06-10-2015 11:17,8586102,8. Bhagwan,1,2.9304920104582557,2.78497989232805443896281997632969926313,2.31227747467063344009380708495452585267,2.88,2.7,3,1.01,16510.48,10690.12,4750.36
101316220,AUS / GlPk (AUS) 6th Oct,R7 2503m Pace S,06-10-2015 12:17,6978758,9. Wynberg Terror,0,8.728933727175466,7.57023995235664188963251827829033233475,1,5.81,5.81,4.8,4.8,0,512.34,297.1
101316222,AUS / GlPk (AUS) 6th Oct,R8 2130m Pace M,06-10-2015 12:44,6396199,5. Boltanski,0,38,39.7786833701351302434474643180153764268,1,55,34,50,50,0,180.56,18.76
101316222,AUS / GlPk (AUS) 6th Oct,R8 2130m Pace M,06-10-2015 12:44,8365763,6. See No Reason,0,55,77.2889830358535666820241823516286084788,1,110,65,50,50,0,30.86,18.76
101316224,AUS / Shep (AUS) 6th Oct,R1 2190m Pace M,06-10-2015 08:27,6811851,5. Miss Tanami,0,15.64243663049507,19.9480512369053987456140720366290800187,17.6906664245505719992736517159978209552,22,18.5,1,1001,440.56,344.24,3.56
101316224,AUS / Shep (AUS) 6th Oct,R1 2190m Pace M,06-10-2015 08:27,852484,8. Frosty Star,0,13.5,13.0479137822074495028679765930657198404,11.3581986849482644375350425607829145216,14,12.5,1,1001,392.38,279.84,5.28
101316224,AUS / Shep (AUS) 6th Oct,R1 2190m Pace M,06-10-2015 08:27,8718511,6. Arthur Henry,0,8.486975559,9.86515558116766452062215953223811369409,9.72339512951359731283508817259866933661,12,8.4,10.5,10.5,1548.1,1345.78,62.42
101316224,AUS / Shep (AUS) 6th Oct,R1 2190m Pace M,06-10-2015 08:27,10169045,11. Another Broadway,1,2.239711451,1.8855789179005664356064779908851393783,1.78256097228830924561462533864592895925,2.2,1.74,3,1.02,24967.08,18405.44,5656.04
101316224,AUS / Shep (AUS) 6th Oct,R1 2190m Pace M,06-10-2015 08:27,8224872,1. Wills Son,0,25,27.5840440579296188032295036310392162548,26.2973888778154275463424357185569065178,30,26,1,1001,200.68,163.68,9.06
101316226,AUS / Shep (AUS) 6th Oct,R2 2190m Pace M,06-10-2015 09:02,10372915,10. Magicnracing,1,4.7,4.71109491044831862873732233059768635951,4.21444569436824716647081322157860761181,5.6,4.1,8,2.5,11556.26,9172.08,2273.74
101316226,AUS / Shep (AUS) 6th Oct,R2 2190m Pace M,06-10-2015 09:02,5413771,6. Hinchinbrook,0,310,286.89195116400425740275443843432404536,239.577405857740585774058577405857740586,1,1001,1,1001,4.78,1.74,.2
101316234,AUS / Shep (AUS) 6th Oct,R6 2190m Pace M,06-10-2015 11:00,8400399,2. Top Venue,0,9.6,10.6845910350465534903740953689677386462,7.10904423380726698262243285939968404423,12,9.8,3.4,3.4,506.4,230.82,194.92
101316232,AUS / Shep (AUS) 6th Oct,R5 2190m Pace M,06-10-2015 10:30,1443990,2. Bon Jovi,0,140.696457544,78.1572585773586447847482226356168234698,59.8991525423728813559322033898305084746,80,60,1,1001,47.2,33.18,4.68
101316256,AUS / Nowr (AUS) 6th Oct,R1 1600m Hcap,06-10-2015 03:24,8386885,3. Tragedy Queen,0,13.415731140587305,14.4421759337916607629234641748828214713,9.34970873156246450419459003358917357652,15,14,1,1001,1232.54,553.42,3.68
101316260,AUS / Nowr (AUS) 6th Oct,R3 1200m Hcap,06-10-2015 04:36,9500258,2. On A Shining Star,0,2.8162276811304094,2.64354703444078819184438902021498143055,2.50070571771167468228559589246312639534,2.7,2.56,2,1.5,32241.22,28367.48,1812.72
101316260,AUS / Nowr (AUS) 6th Oct,R3 1200m Hcap,06-10-2015 04:36,6981475,4. Filomena,0,60,48.0089558161286522758800713086233430329,33.5820456873135325288328806162889076903,75,40,1,1001,449.14,305.6,0
101316262,AUS / Nowr (AUS) 6th Oct,R4 1200m Mdn,06-10-2015 05:12,1223416,6. Continuity,0,17.423039069,12.3031679764243614931237721021611001965,12.3031679764243614931237721021611001965,17.5,17,1,1001,81.44,81.44,0
101316262,AUS / Nowr (AUS) 6th Oct,R4 1200m Mdn,06-10-2015 05:12,10372692,11. Belridge,0,2.98,2.73076761904761904761904761904761904762,2.73076761904761904761904761904761904762,2.94,2.94,1,1001,315,315,0
101316264,AUS / Nowr (AUS) 6th Oct,R5 1400m Hcap,06-10-2015 05:50,1517926,8. Muchacho,0,8.2,7.37517286618117465214325456796695543806,5.84566443102884531034427759125310025281,10,6.8,1,1001,2507.86,1803.7,33.42
101316264,AUS / Nowr (AUS) 6th Oct,R5 1400m Hcap,06-10-2015 05:50,6821835,7. Messiahs Jewel,0,12.83686284259741,14.15065596855146143128255756770480605,12.8157637841195785843782091103870583313,19,13,1,1001,1577.54,1352.28,54.1
101316264,AUS / Nowr (AUS) 6th Oct,R5 1400m Hcap,06-10-2015 05:50,8386896,4. Still The Man,0,24,35.3899553927326729097646141623511579137,31.5190009495995556590758425456434880763,55,20,1,1001,1116.26,959.08,9.82
101316258,AUS / Nowr (AUS) 6th Oct,R2 1400m Mdn,06-10-2015 04:00,7863158,2. Compels,0,8.139871989707466,8.6195445009934734814785442867198701693,7.40804756399669694467382328654004954583,10.5,7.6,22,22,3027.5,2290.52,143.14
101316266,AUS / Nowr (AUS) 6th Oct,R6 1200m CL2,06-10-2015 06:30,5950475,6. Court It All,0,19.11618387831375,16.9011757318711795037090037175007550638,14.7926189355507905792932726670501891463,21,15,1,1001,1147.26,982.46,4.68
101316268,AUS / Nowr (AUS) 6th Oct,R7 1600m CL1,06-10-2015 07:10,9367599,12. Miss Watkins,0,273.0448188145273,171.25470657019964013984133956593532587,151.010095447870778267254038179148311307,240,130,1,1001,108.96,88.78,0
101316270,AUS / Nowr (AUS) 6th Oct,R8 1200m Mdn,06-10-2015 07:50,8806016,7. Dashie De Luxe,1,6.964057342165615,8.74297536191041583080956973331869602097,5.58864235608297444191601000507776503112,11,7,1,1001,4253.84,2466.5,865.5
101316270,AUS / Nowr (AUS) 6th Oct,R8 1200m Mdn,06-10-2015 07:50,10372711,5. Freedom Call,0,108.62035535628931,104.104312172958278637611986030416453492,89.0415841584158415841584158415841584158,160,80,1,1001,575.7,490.02,.44
101316174,AUS / APrk (AUS) 6th Oct,R1 2647m Trot S,06-10-2015 05:01,8867960,4. Justabitcoco,0,6.159784457398056,8.11378727281850640205589212272395542408,5.29485626358596097012920401533839728403,8.4,8,1,1001,818.86,408.9,6.8
101316176,AUS / APrk (AUS) 6th Oct,R2 1660m Pace M,06-10-2015 05:38,10372877,3. Mini Cam,0,13.303602846,14.465732040643189053291325607475072455,9.35324431951276645584446006090419301944,14.5,14,1,1001,170.76,68.88,.44
101316176,AUS / APrk (AUS) 6th Oct,R2 1660m Pace M,06-10-2015 05:38,10372878,9. Heez Perfect,1,5.798952994728461,5.88993973517996227397679475727293525161,3.42306056763873988101043596996001170389,6.4,5.4,1.01,1.01,1435.42,688.68,569.14
101316182,AUS / APrk (AUS) 6th Oct,R5 1660m Pace M,06-10-2015 07:38,7145646,3. Maywyns Best,0,21.880344382505864,18.6491112161990966759219299425187353942,17.3158873418295614313574311760170529276,21,18,1,1001,440.98,333.9,15.3
101316184,AUS / APrk (AUS) 6th Oct,R6 1660m Pace M,06-10-2015 08:10,6541037,5. Hurricane Bromac,0,13.5,12.3733438946117953079709447061813101237,11.3497466172091322292461208923253748498,13.5,13.5,1,1001,382.82,240.9,41.68
101316186,AUS / APrk (AUS) 6th Oct,R7 2138m Pace M,06-10-2015 08:40,6087773,2. He Ticks All Boxes,0,19.5,16.1404494355645226059588989541124635661,17.8757140043332676777624581445735670672,19.5,16,1,1001,304.62,298.18,6.44
101316203,AUS / Mngl (AUS) 6th Oct,R8 1609m Pace M,06-10-2015 06:38,5208626,11. In Massachusetts,0,40,29.9523132621663972174861888707283902064,30.8945794254486374713832065578613100953,34,26,44,44,270.82,127.1,102.64
101316203,AUS / Mngl (AUS) 6th Oct,R8 1609m Pace M,06-10-2015 06:38,9384156,2. What A Drive,0,24.805889435,25.758925891891137241218913287996397403,23.282971318852754110164406576263050522,26,21,1,1001,166.66,147.84,0
101316203,AUS / Mngl (AUS) 6th Oct,R8 1609m Pace M,06-10-2015 06:38,9642262,1. Last Flight In,0,4.121807120703016,3.54659130433816031708784157153099913191,3.22800178182205312967518168421406518779,4.1,3.4,3,3,3569.38,2652.12,472.56
101316189,AUS / Mngl (AUS) 6th Oct,R1 1609m Trot M,06-10-2015 02:20,6215716,6. Oopsicantrot,1,66.10212368763983,88.6879324295575258653763551127380934711,5.54584074910346659582945942356222605924,90,90,1,1001,301.16,13.34,285.08
101316193,AUS / Mngl (AUS) 6th Oct,R3 1609m Pace M,06-10-2015 03:31,8226789,10. Del Piero,0,233.1893226326257,219.738607364199781261392635800218738607,138.930646672914714151827553889409559513,230,220,1,1001,21.34,9.2,4.68
101316193,AUS / Mngl (AUS) 6th Oct,R3 1609m Pace M,06-10-2015 03:31,6344646,7. Jaccka Turk,0,9,13.9189459101267866327768037153702042027,7.4644059735565490345286787786549985732,15,10,1,1001,630.78,226.4,9.78
101316207,AUS / Mngl (AUS) 6th Oct,R10 1609m Pace M,06-10-2015 07:58,10372909,11. My Whiskey Lullaby,0,142.348532827,113.051305806903225142315967182401202351,51.7966666666666666666666666666666666667,100,100,1,1001,24,10.88,0
101316197,AUS / Mngl (AUS) 6th Oct,R5 1609m Pace M,06-10-2015 04:43,5328795,7. Ardle Mcardle,0,2.308917798117036,2.23513053928454506021087700386087799589,2.50800910540843484744490585975498353225,2.44,2.3,11,11,4050.34,3507.34,543
101316197,AUS / Mngl (AUS) 6th Oct,R5 1609m Pace M,06-10-2015 04:43,8308605,3. Getinbehind,0,14.15816006776586,10.6076760324761357072272577518488733562,10.3195582308830281079426618374738560424,15,11.5,1,1001,392.06,371.02,21.04
101316205,AUS / Mngl (AUS) 6th Oct,R9 1609m Pace M,06-10-2015 07:18,8761844,7. Gidup Spanish Red,0,6.767218795879745,7.90475109479449405858711688093703653232,6.68868217054263565891472868217054263566,8.8,7,1,1001,1935,1508.22,3.46
101316205,AUS / Mngl (AUS) 6th Oct,R9 1609m Pace M,06-10-2015 07:18,8153649,6. Marion Keisker,0,270.3168590343371,204.973288028041811408870657406656003518,170.21802575107296137339055793991416309,210,200,1,1001,23.3,11.46,0
101316208,AUS / GlPk (AUS) 6th Oct,R1 2130m Pace M,06-10-2015 09:15,10125270,2. Doc Ryan,0,14.5,15.1253037724197088395195937002180245784,15.9382716049382716049382716049382716049,15.5,15.5,1,1001,119.88,105.5,5
101316212,AUS / GlPk (AUS) 6th Oct,R3 2536m Pace M,06-10-2015 10:17,8471840,9. Bettor Not Knowing,0,1.155177259706011,1.16561221359426590972398054997659645693,1.21129782967870261946391620281997401389,1.2,1.14,1000,1.17,24936.4,19507.7,2290.46
101316214,AUS / GlPk (AUS) 6th Oct,R4 2536m Pace M,06-10-2015 10:47,8456385,8. Heartofahurricane,0,133.21031902450324,92.9769198489299202685690306336550566513,92.9769198489299202685690306336550566513,180,55,1,1001,47.66,47.66,0
101316218,AUS / GlPk (AUS) 6th Oct,R6 1730m Pace M,06-10-2015 11:47,10372889,4. Stunin Eyes Only,0,75,60.667294100398230058540601970811807308,51.2513307984790874524714828897338403042,75,46,1,1001,105.2,82.72,0
101316220,AUS / GlPk (AUS) 6th Oct,R7 2503m Pace S,06-10-2015 12:17,6249295,4. Im Terrific,0,244.79920037026093,218.175230012714010551909461227355526156,1,242.25,242.25,1,1001,0,11.4,.2
101316222,AUS / GlPk (AUS) 6th Oct,R8 2130m Pace M,06-10-2015 12:44,9646374,4. Most Definitely,0,48.91520969282835,51.0447462419425421238554484445083913383,1,1,1001,1,1001,0,40.2,0
101316210,AUS / GlPk (AUS) 6th Oct,R2 2130m Pace M,06-10-2015 09:47,8250798,1. Slickalong,0,6.4,5.95102059774022829173821897152478234978,5.50068834087095030861563842193588758995,6.4,6,1,1001,703.14,606.42,15.96
101316236,AUS / Shep (AUS) 6th Oct,R7 2190m Trot S,06-10-2015 11:30,8094554,3. Tella Tall Tale,0,15,13.60051853148046618547781321392943258,11.0300524435661624990499353956069012693,13.5,13,1,1001,263.14,183.34,27.74
101316226,AUS / Shep (AUS) 6th Oct,R2 2190m Pace M,06-10-2015 09:02,8339286,3. Major Wish,0,3.489045775514678,4.31331625595799686385778100036356329374,3.57227399558347741239707619357378845199,4.6,4,4.1,4,3505.02,2046.18,814.26
101316226,AUS / Shep (AUS) 6th Oct,R2 2190m Pace M,06-10-2015 09:02,10372913,8. Bridie Hanover,0,3.85,3.749762426134594475914243067115627625,4.55129360228636683171812117621417191342,4,3.45,1000,3.75,6515.14,5729.74,176.14
101316226,AUS / Shep (AUS) 6th Oct,R2 2190m Pace M,06-10-2015 09:02,10372916,11. Secret Wisdom,0,95,62.6805689371379235881067184540484371707,69.9518486672398968185726569217540842648,75,55,600,600,93.04,78.52,7.16
101316226,AUS / Shep (AUS) 6th Oct,R2 2190m Pace M,06-10-2015 09:02,7367545,7. Hezupnabout,0,310,294.935989364893560701869967000582342665,216.673590504451038575667655786350148368,1,1001,1,1001,6.74,1.7,.2
101316228,AUS / Shep (AUS) 6th Oct,R3 1690m Pace M,06-10-2015 09:31,8691231,1. Tidapar,0,9.066391306135923,11.4024429831428532274435453117114276232,10.8829194171129655000622742558226429194,14.5,9.2,13,13,802.9,664.48,42.4
101316228,AUS / Shep (AUS) 6th Oct,R3 1690m Pace M,06-10-2015 09:31,8454039,4. Bee Bee Elle,0,7.930010768584326,6.63665105983833690259975669979314460758,5.83125956232486978047480703443296487941,8,6,7,7,1163.42,849.52,90.16
101316228,AUS / Shep (AUS) 6th Oct,R3 1690m Pace M,06-10-2015 09:31,10372920,9. Chalk Miner,0,137.78264891730623,50.2263365036717648201142204272242816448,44.3113161728994657600777076250607090821,1,1001,1,1001,41.18,13.78,0
101316234,AUS / Shep (AUS) 6th Oct,R6 2190m Pace M,06-10-2015 11:00,6899198,10. Arriens,0,8.6,10.3269379812077059769823286212341512323,8.97015523433557923481048351191712920364,12.5,9,1,1001,673.82,523.92,44.32
101316232,AUS / Shep (AUS) 6th Oct,R5 2190m Pace M,06-10-2015 10:30,7392289,7. Goodtime Bobby,0,8.280265146889725,8.68080025387433469219871512192196699946,7.80025618246802884118752969857240253703,9.4,8.2,1,1001,968.06,803.9,32.9
101316238,AUS / Shep (AUS) 6th Oct,R8 1690m Pace M,06-10-2015 12:00,5783255,3. Blissfull Spanker,0,13.579794363770631,13.2310881690935834178256491307999143837,14.1081828980992015360929393892269839392,16,13,1,1001,220.2,331.18,5.84
101316238,AUS / Shep (AUS) 6th Oct,R8 1690m Pace M,06-10-2015 12:00,6433492,5. Purple Village,0,38.679408920357815,17.5643802464763579895246988128783335811,8.6805140238871300918150590741250065833,90,8.6,42,11,191.12,1388.18,113.46
101316260,AUS / Nowr (AUS) 6th Oct,R3 1200m Hcap,06-10-2015 04:36,8468108,3. Canny De Zero,0,6,5.40792865562090811949493775283397081078,4.67598000622516798798908764670340736401,5.7,5.3,1,1001,5461.7,4478.38,15.92
101316262,AUS / Nowr (AUS) 6th Oct,R4 1200m Mdn,06-10-2015 05:12,10372687,2. Easy Stages,0,15.922848579174605,8.56129421221864951768488745980707395498,8.56129421221864951768488745980707395498,1,1001,1,1001,49.76,49.76,0
101316264,AUS / Nowr (AUS) 6th Oct,R5 1400m Hcap,06-10-2015 05:50,9092508,9. Mermaid Rock,0,31.734452223358677,29.4757446116290346814937197207870156765,24.6044419180640708108327581306589792521,32,29,1,1001,492.58,395.84,.74
101316258,AUS / Nowr (AUS) 6th Oct,R2 1400m Mdn,06-10-2015 04:00,5508967,4. Grand Rouge,0,6.2,5.99476638624470770640499240880266435547,5.46814160890746283037160595677544064602,6.6,5.6,1,1001,3321.26,2858.52,32.84
101316258,AUS / Nowr (AUS) 6th Oct,R2 1400m Mdn,06-10-2015 04:00,8097545,6. Diamond Impulse,0,214.45730040421705,217.544437327892623304282568057539036395,137.336653654596850181720285368151837394,320,90,1,1001,148.58,89.8,0
101316266,AUS / Nowr (AUS) 6th Oct,R6 1200m CL2,06-10-2015 06:30,10372700,7. Nagging,1,4,3.31257406936692564495307745903391527351,2.90687042859931504024619693371910051606,4.4,2.8,2,1.01,21823.18,16896.72,2592.56
101316266,AUS / Nowr (AUS) 6th Oct,R6 1200m CL2,06-10-2015 06:30,10372701,9. Clever Buttons,0,18.362199433,19.0377629067364941708619387255736391115,13.4263491429854544547291734238167710387,20,17,1,1001,801.62,481.66,2.94
101316268,AUS / Nowr (AUS) 6th Oct,R7 1600m CL1,06-10-2015 07:10,9231051,6. Ericas Magic,0,5.8209398892568425,5.97285610718492875996033728583411487847,5.45224028771588056793916007942157119844,7.2,5.7,1,1001,4270.88,3652.7,95.82
101316268,AUS / Nowr (AUS) 6th Oct,R7 1600m CL1,06-10-2015 07:10,10372705,11. Top Charger,0,36,37.5583901219007037418189131445982975256,30.2797633519734176189318421265904854526,44,34,1,1001,493.56,380.34,0
101316268,AUS / Nowr (AUS) 6th Oct,R7 1600m CL1,06-10-2015 07:10,4887791,3. Three Kingdoms,0,95,72.7073478037058320548775683257471876617,55.092928234677841801990570979570455736,110,55,1,1001,190.9,126.1,0
101316268,AUS / Nowr (AUS) 6th Oct,R7 1600m CL1,06-10-2015 07:10,6808836,1. Jabu,0,91.41757177580752,123.003787065820511374526559382586419174,95.2463779052218533051614850588590401449,220,80,1,1001,265.04,204.74,0
101316270,AUS / Nowr (AUS) 6th Oct,R8 1200m Mdn,06-10-2015 07:50,10372718,16. Too Shiners,0,85,72.442502039980534555537023938327496885,54.9385593220338983050847457627118644068,100,55,1,1001,188.8,118.68,.44
101316270,AUS / Nowr (AUS) 6th Oct,R8 1200m Mdn,06-10-2015 07:50,10372716,14. You Know Zon,0,66.4517303717509,70.9747090658537060919306544734952887126,62.7133587961897749758409645207307533017,100,48,1,1001,434.62,359.94,.44
101316270,AUS / Nowr (AUS) 6th Oct,R8 1200m Mdn,06-10-2015 07:50,10372717,15. Phoebes Lass,0,13.928376220371575,13.7321635993448858081555275568499761426,11.6919806894368506144783999819104794854,24,10.5,12,12,1768.98,1327.12,90.44
101316174,AUS / APrk (AUS) 6th Oct,R1 2647m Trot S,06-10-2015 05:01,6286430,11. Galaxy Hunter,0,120,112.911197144620208052813254751125985346,75.1899852724594992636229749631811487482,140,70,1,1001,67.9,38.54,.3
101316176,AUS / APrk (AUS) 6th Oct,R2 1660m Pace M,06-10-2015 05:38,10327666,2. Sache Girl,0,6.8,5.36383129883618568679842268294264384784,4.92717945228265965007787808676979842429,6.2,4,1,1001,1322.58,1086,54.16
101316182,AUS / APrk (AUS) 6th Oct,R5 1660m Pace M,06-10-2015 07:38,7419575,4. Special Thoughts,0,98.12292735544965,80.603309495388874255930504090256906833,78.537326950446370811230430844869970242,110,44,1,1001,154.58,139.92,.86
101316184,AUS / APrk (AUS) 6th Oct,R6 1660m Pace M,06-10-2015 08:10,6045850,6. Highstead,0,170,133.16590811760682058565644454980264347,125.381089859256586070010826416456153013,150,75,1,1001,55.42,42.26,.72
101316184,AUS / APrk (AUS) 6th Oct,R6 1660m Pace M,06-10-2015 08:10,9157121,2. Lifesofine,0,4.203670068,4.32416275079807110084559852327911695969,4.27006005690982284522888501330955534284,4.8,4,100,2.7,3050.44,2592.48,243.6
101316184,AUS / APrk (AUS) 6th Oct,R6 1660m Pace M,06-10-2015 08:10,5306898,4. In The Frame Lombo,0,85,59.9107138106988146286104115611581954421,57.862322648449816079873883342091434577,110,32,1,1001,190.3,178.34,.72
101316184,AUS / APrk (AUS) 6th Oct,R6 1660m Pace M,06-10-2015 08:10,5464874,3. A Passion For Aces,1,6.084734114807797,6.09476646343285076844541958003733593808,3.86448290544634717529082303875274992221,7.2,5.7,1.01,1.01,3663.74,1978.56,1575.48
101316186,AUS / APrk (AUS) 6th Oct,R7 2138m Pace M,06-10-2015 08:40,2474373,8. Applause,0,2.741323288148487,2.6261865982498974106664294939803343291,2.73463187619237842044726674150957690798,3.15,2.7,2.96,2.6,14519.3,9033.98,5485.32
101316195,AUS / Mngl (AUS) 6th Oct,R4 1609m Pace M,06-10-2015 04:07,7234970,4. Polished Rocks,0,25.361109004766035,22.8718822594123483067257001788481415318,23.1557281553398058252427184466019417476,26,21,1,1001,103,83.52,11.94
101316195,AUS / Mngl (AUS) 6th Oct,R4 1609m Pace M,06-10-2015 04:07,7818742,1. Imtheguy,0,32,24.1948646144626492957617883470498552274,20.7149008636418927137817783724607711957,22,22,20,20,164.42,55.42,94.66
101316195,AUS / Mngl (AUS) 6th Oct,R4 1609m Pace M,06-10-2015 04:07,8424194,6. El Chango,0,2.366830085392503,2.18879393497482358809365696512344277684,2.16842247215254740135393909971141138711,2.6,2.02,3,2.36,6673.86,4962.18,1299.5
101316203,AUS / Mngl (AUS) 6th Oct,R8 1609m Pace M,06-10-2015 06:38,8101493,12. Quick Reflection,0,12.5,11.9620208275556897353236159147256846075,11.5155429641621432879408310319652096626,14,10,1,1001,1260.12,1173.02,14.26
101316203,AUS / Mngl (AUS) 6th Oct,R8 1609m Pace M,06-10-2015 06:38,9293891,5. Crusinonthe Big Ern,0,3.287362838802691,3.43496571561130824667035981558292040809,2.91085232096516404007768058157320363655,3.55,3.25,3.2,2.22,5818.7,2490.2,2293.08
101316191,AUS / Mngl (AUS) 6th Oct,R2 1609m Pace M,06-10-2015 02:55,9252920,7. Limbo Larry,0,130,125.934072230995703105406913030063062666,64.8725815367606412382531785516860143726,190,110,1,1001,72.36,31.58,30.84
101316207,AUS / Mngl (AUS) 6th Oct,R10 1609m Pace M,06-10-2015 07:58,10372907,3. Spank The Major,0,10.446618229,10.6553698344668916054214258469521575429,6.97248703248703248703248703248703248703,1,1001,1,1001,366.3,189.52,0
101316201,AUS / Mngl (AUS) 6th Oct,R7 1609m Pace M,06-10-2015 05:58,9355782,9. Just Pit Boss,0,9.810281996,9.78376581314170031363993694875176497779,7.54728271292825385755383140092406939238,10.5,9.4,1,1001,1147.1,764.46,19.38
101316201,AUS / Mngl (AUS) 6th Oct,R7 1609m Pace M,06-10-2015 05:58,9578673,6. Major Currency,0,22,19.2812994588097772108746272607268481122,18.8141363813989839781164517389605314576,23,18.5,1,1001,614.16,573.16,1.02
101316205,AUS / Mngl (AUS) 6th Oct,R9 1609m Pace M,06-10-2015 07:18,9657949,11. Max Is Back,0,38,28.3126181439432235068652221285639854782,17.056178327535111454709444659193402912,36,36,1,1001,155.22,76.32,0
101316205,AUS / Mngl (AUS) 6th Oct,R9 1609m Pace M,06-10-2015 07:18,8432294,2. Plain Nsimple,0,160,92.0796492097098895682448831556978296087,85.8364216468278316357835317216836421647,100,90,1,1001,162.98,138.82,0
101316208,AUS / GlPk (AUS) 6th Oct,R1 2130m Pace M,06-10-2015 09:15,10372884,4. Mister Rudimental,0,160,93.954052860614763354198478428675922836,85.3963636363636363636363636363636363636,130,48,1,1001,55,44.5,.54
101316212,AUS / GlPk (AUS) 6th Oct,R3 2536m Pace M,06-10-2015 10:17,2528890,4. White Eagle,1,60,44.7885653774561712998530515966469146411,4.89393430307996995151266816909103325821,48,42,11.5,1.01,878.58,65.28,810.76
101316214,AUS / GlPk (AUS) 6th Oct,R4 2536m Pace M,06-10-2015 10:47,5073993,4. Sign In,0,8.8,9.18243288942297044654591264114099300999,9.2809237128223560068290053014646419265,9.6,9,1,1001,1112.9,1109.58,2.4
101316216,AUS / GlPk (AUS) 6th Oct,R5 1730m Pace M,06-10-2015 11:17,8344785,6. Right Of Passage,0,16.5,15.3648151580073112294612693273030530097,14.78025603151157065484982767109798129,20,11.5,1,1001,609.3,565.82,.18
101316218,AUS / GlPk (AUS) 6th Oct,R6 1730m Pace M,06-10-2015 11:47,4089136,1. Lifes A Journey,0,24.004508891,19.385920809176897909292104353118714587,18.8260769835721775602936036350926249563,27,16,1,1001,915.52,872.38,0
101316222,AUS / GlPk (AUS) 6th Oct,R8 2130m Pace M,06-10-2015 12:44,10372891,7. The White Wolf,0,11.07115958868526,9.52976483226406465396732132329403060953,1,11,8.2,1,1001,0,493.18,3.82
101316222,AUS / GlPk (AUS) 6th Oct,R8 2130m Pace M,06-10-2015 12:44,6439433,1. Renascentari,0,3.65,3.57552920231645707432134902989728023967,1,3.35,3.35,10,3.5,0,1257.3,323.22
101316210,AUS / GlPk (AUS) 6th Oct,R2 2130m Pace M,06-10-2015 09:47,10372888,4. Master Flynn,0,10,9.27375015401353403925674176453440153913,8.21684731442365721182860591430295715148,11.5,8,1,1001,828.5,713.46,20.2
101316236,AUS / Shep (AUS) 6th Oct,R7 2190m Trot S,06-10-2015 11:30,9224644,9. Spidergrace,0,3.4113433948371528,3.47045635409684860162689236411212786794,7.44594650413518996172310290702477442332,3.5,3.3,190,6.4,2178.86,1028.76,502.72
101316236,AUS / Shep (AUS) 6th Oct,R7 2190m Trot S,06-10-2015 11:30,7392312,4. Michaels Mename,0,17.5,18.9192870559325609039743825619293858518,12.2028917378917378917378917378917378917,1,1001,22,22,140.4,33.84,68.26
101316228,AUS / Shep (AUS) 6th Oct,R3 1690m Pace M,06-10-2015 09:31,7581468,3. Catch Me If Youcan,0,207.722986271,50.217881334095414370932978286138926877,17.4312994106655167457237314934598246371,70,70,1,1001,139.14,30.1,93.82
101316234,AUS / Shep (AUS) 6th Oct,R6 2190m Pace M,06-10-2015 11:00,6115893,6. Brother Rabbit,0,16,14.0967037356433483602967938955426447199,14.4649646262688403568132882190095355275,17.5,13,20,20,325.1,212.6,79.3
101316234,AUS / Shep (AUS) 6th Oct,R6 2190m Pace M,06-10-2015 11:00,8532796,8. Master Mach Manus,0,15.980269777253268,16.2989909775525370435454489358448450248,11.9866817337961094519331665186859310679,16.5,16.5,1,1001,247.78,141.64,25.84
101316232,AUS / Shep (AUS) 6th Oct,R5 2190m Pace M,06-10-2015 10:30,10372926,5. Allies Mate,0,11.702659454654203,14.5876083648933031328871586643282881655,10.4859018627896410722398909586551567469,12,12,1,1001,440.2,249.96,55.12
101316238,AUS / Shep (AUS) 6th Oct,R8 1690m Pace M,06-10-2015 12:00,5432756,2. Classic Icon,0,5.5,5.7328225248772941986871748339921060171,6.79757886317798839545481766231185150953,6.6,5.5,1,1001,355.24,1396.72,63.54
101316238,AUS / Shep (AUS) 6th Oct,R8 1690m Pace M,06-10-2015 12:00,7025822,4. A Special Dream,0,25,14.9021957761657100516787130106140283681,32.1354584269371994921810601531121329406,1,1001,1,1001,9.3,38.04,109.38
101316256,AUS / Nowr (AUS) 6th Oct,R1 1600m Hcap,06-10-2015 03:24,9120675,2. Rock Forthe Ladies,1,1.3420950777492502,1.3182429617537124008839405998165134404,1.28990403226459559925169462013783720309,1.49,1.28,1.39,1.24,27165.38,23059.4,2034.56
101316260,AUS / Nowr (AUS) 6th Oct,R3 1200m Hcap,06-10-2015 04:36,6048874,1. Ergo,0,9.782588874714307,11.2500996274275580502742639540399441934,5.21192935960671721757339288197426648017,13.5,6,55,55,7335.18,2449.24,37.64
101316260,AUS / Nowr (AUS) 6th Oct,R3 1200m Hcap,06-10-2015 04:36,8275442,9. Twisted Miller,1,60,54.1889523165057848723724626621902548565,46.8019481316092941089874132050936035528,80,40,1,1001,815.14,697.62,9.36
101316262,AUS / Nowr (AUS) 6th Oct,R4 1200m Mdn,06-10-2015 05:12,10372695,15. Gods Heaven,0,15.530702354,11.3610903659447348767737117251680358477,11.3610903659447348767737117251680358477,15,15,1,1001,53.56,53.56,0
101316264,AUS / Nowr (AUS) 6th Oct,R5 1400m Hcap,06-10-2015 05:50,7307753,11. Two Noughty,0,44,40.1279127421457034813083059542093841041,33.8065056540555633114616780678486667597,55,34,1,1001,573.04,467.02,1.3
101316270,AUS / Nowr (AUS) 6th Oct,R8 1200m Mdn,06-10-2015 07:50,8823217,8. Cloudwatch,0,8.066745413364844,8.8923714598222780758228008865663462567,7.91410005821190078420422438558048623502,13,6.4,9.4,8.6,4225.94,3528.16,135.84
101316270,AUS / Nowr (AUS) 6th Oct,R8 1200m Mdn,06-10-2015 07:50,10372715,11. Solo Mio,0,8.765807254133687,8.04805734502974383489100392250439929693,7.23126622036613432386868411296020370332,9,7.4,1,1001,2859.06,2398.54,17.16
101316270,AUS / Nowr (AUS) 6th Oct,R8 1200m Mdn,06-10-2015 07:50,10372712,6. Raskella,0,307.8562658352778,288.924094156220363303853452523053236216,226.683484616291406342095956619120594129,420,100,910,220,169.66,121.22,5.14
101316174,AUS / APrk (AUS) 6th Oct,R1 2647m Trot S,06-10-2015 05:01,5562358,10. Jarvsofaks,0,43.195773692354564,28.5248931536354471687023099934401683985,16.1380935506732813607370659107016300496,29,28,1,1001,84.66,38.94,25.64
101316174,AUS / APrk (AUS) 6th Oct,R1 2647m Trot S,06-10-2015 05:01,7059096,5. Sodeska,0,15.798795996137194,28.4137179095676881403592625055291880369,11.1065390653302741214829126917039004951,29,26,1,1001,662.48,193.22,0
101316176,AUS / APrk (AUS) 6th Oct,R2 1660m Pace M,06-10-2015 05:38,10155553,7. Ima Jaymar,0,5.9,6.45785575399872794734701807003672732302,6.28905965569251573308368440214281999272,8.2,6,85,85,769.08,667.9,4.2
101316178,AUS / APrk (AUS) 6th Oct,R3 1660m Pace M,06-10-2015 06:18,10086077,6. Moto Kenny,0,2.5,2.61076906433610194157474321630785400589,2.48942285053178533733863765527319964277,2.94,1.91,3.85,2.5,11824.32,9078.98,1052.2
101316178,AUS / APrk (AUS) 6th Oct,R3 1660m Pace M,06-10-2015 06:18,7448038,4. Jessica Dale,0,122.99158336319032,58.1813426606647898255809090802642297842,60.4528069093152375077112893275755706354,85,48,1,1001,64.84,38.26,.88
101316180,AUS / APrk (AUS) 6th Oct,R4 1660m Pace M,06-10-2015 06:58,6301196,4. Beau Dandy,0,237.066030417,170.197038425595551563449826292118786447,170.692406143344709897610921501706484642,180,160,1,1001,46.88,40.56,2.16
101316184,AUS / APrk (AUS) 6th Oct,R6 1660m Pace M,06-10-2015 08:10,9367829,12. Forty Seven Flash,0,16.5,15.076108062975398261355472492883487815,15.0148588120740019474196689386562804284,16,13,1,1001,513.5,438.96,12.34
101316184,AUS / APrk (AUS) 6th Oct,R6 1660m Pace M,06-10-2015 08:10,6558711,7. Real Magic,0,28.189270145768386,24.2709936481207631049167332819825603981,22.3816107220478145375513161072204781454,28,22,1,1001,165.64,97.52,5.24
101316186,AUS / APrk (AUS) 6th Oct,R7 2138m Pace M,06-10-2015 08:40,7783516,1. Tutu Bene Lombo,0,6,4.87938310665052415753137297359252589543,10.4181113471108975054650315498984511868,6,5.5,1000,5.7,1290.02,1068.46,221.56
101316203,AUS / Mngl (AUS) 6th Oct,R8 1609m Pace M,06-10-2015 06:38,7176165,6. Im Tondelayo,1,15.212893451602437,15.4809426776238227955755301681080275598,8.77776098847046787077480029905953645772,21,12,1,1001,1524.78,794.5,687.92
101316203,AUS / Mngl (AUS) 6th Oct,R8 1609m Pace M,06-10-2015 06:38,8341972,3. Our Artistic Leigh,0,6.71274358163355,7.65911973256945702231398498168844972045,6.45124692742763047991790563921437605899,8.8,6.4,1,1001,1676.12,1302.74,18.82
101316189,AUS / Mngl (AUS) 6th Oct,R1 1609m Trot M,06-10-2015 02:20,1483411,7. Verbier,0,2.80760733778472,2.54450453029596002618952449902730493778,2.50781523237588049779993579211753819425,3,2.42,1,1001,2118.12,1995.94,4.94
101316189,AUS / Mngl (AUS) 6th Oct,R1 1609m Trot M,06-10-2015 02:20,5986812,3. Melpark Sunshine,0,188.4927503336221,106.29356646309169762265422748299118171,98.7565789473684210526315789473684210526,1,1001,1,1001,3.04,.54,0
101316191,AUS / Mngl (AUS) 6th Oct,R2 1609m Pace M,06-10-2015 02:55,10372895,5. Athabascan,0,25,23.7801983959641679511075163266684326755,24.8182095936449740299419492820042774213,27,27,38,38,65.46,57.78,6.02
101316193,AUS / Mngl (AUS) 6th Oct,R3 1609m Pace M,06-10-2015 03:31,6741595,5. Blissfull Leader,0,150.36980187950655,64.9962355155579083583318628315981412858,12.0257425742574257425742574257425742574,1,1001,1,1001,10.1,.34,.3
101316193,AUS / Mngl (AUS) 6th Oct,R3 1609m Pace M,06-10-2015 03:31,6899201,6. Iam Ready,0,1.7016724264685759,1.6148535585260411553435885659174369983,1.54780043920924871642625126611016031574,1.84,1.55,1.81,1.5,9161.92,5628.8,3087.34
101316207,AUS / Mngl (AUS) 6th Oct,R10 1609m Pace M,06-10-2015 07:58,10372908,7. Atomic Blonde,0,12.313267701258882,10.9044349151871107587544163644294278672,10.6233259845242726840444386806726321705,28,9,1,1001,1387.98,1291.02,51.22
101316207,AUS / Mngl (AUS) 6th Oct,R10 1609m Pace M,06-10-2015 07:58,5480647,5. Happyever Laughter,0,19.5,20.8524980133368692433758947327858935757,27.1053427419354838709677419354838709677,21,20,370,370,178.56,144.34,5.7
101316199,AUS / Mngl (AUS) 6th Oct,R6 1609m Pace M,06-10-2015 05:19,5402009,2. Major Kiwi,0,19.53,1,82.6258096661684105630293971101145989038,1,1001,1,1001,40.14,0,0
101316199,AUS / Mngl (AUS) 6th Oct,R6 1609m Pace M,06-10-2015 05:19,5585406,4. Major Escape,0,9.76,1,48.4078779472954230235783633841886269071,1,1001,1,1001,72.1,0,0
101316201,AUS / Mngl (AUS) 6th Oct,R7 1609m Pace M,06-10-2015 05:58,10372898,3. Platinum Penny,0,7.259733059401623,8.81894738482732429432813039978294391408,7.39434946354847476930643094723491270529,10,8.2,1,1001,1545.34,1211.86,23.92
101316201,AUS / Mngl (AUS) 6th Oct,R7 1609m Pace M,06-10-2015 05:58,9246703,2. Princess Cleopatra,0,27,25.7819378452324861658855144152179628946,22.9134353124189784806844697951775991703,26,24,1,1001,154.28,129.76,1.02
101316205,AUS / Mngl (AUS) 6th Oct,R9 1609m Pace M,06-10-2015 07:18,10372906,12. Cilantro,0,17.438960353,15.4624043711021881927954756470758646075,9.38782942397305869914242080119042957278,16,15.5,1,1001,510.74,274.52,23.5
101316205,AUS / Mngl (AUS) 6th Oct,R9 1609m Pace M,06-10-2015 07:18,4554615,8. Always Bad,0,316.5468061737902,247.972579333197719904937267385909063038,192.285024154589371980676328502415458937,210,210,1,1001,20.7,7.6,0
101316208,AUS / GlPk (AUS) 6th Oct,R1 2130m Pace M,06-10-2015 09:15,9124798,1. Anime,1,5.500992018,5.16363273811699025695250942235607838664,2.80661372987800476431097957121201183859,5,5,1.01,1.01,1939.42,586.86,1107.18
101316214,AUS / GlPk (AUS) 6th Oct,R4 2536m Pace M,06-10-2015 10:47,9110301,6. Vultan Tin,1,1.5,1.50806668285063366688405004708593559321,1.46991803442865568006053390009680972993,1.59,1.48,1.52,1.01,26960.1,23451.44,3422.94
101316214,AUS / GlPk (AUS) 6th Oct,R4 2536m Pace M,06-10-2015 10:47,5487183,2. Constantly Broke,0,60.57660381149357,36.6837578815880692661043678361848191465,37.2783817501336660131883799679201568348,50,34,1,1001,112.22,111.94,.28
101316216,AUS / GlPk (AUS) 6th Oct,R5 1730m Pace M,06-10-2015 11:17,3104218,1. Liquid Radar,0,23.92550571447704,18.8516708321052657059628053989334973883,15.9009602311352821210061182868796736914,18,18,1,1001,235.36,184.66,14.06
101316218,AUS / GlPk (AUS) 6th Oct,R6 1730m Pace M,06-10-2015 11:47,8451099,5. Calais,0,1.81,1.83103463652238664701958588165338234374,1.77617685831335146933903936516811647187,1.91,1.77,1,1001,9300.1,8024.58,379.96
101316220,AUS / GlPk (AUS) 6th Oct,R7 2503m Pace S,06-10-2015 12:17,5314494,8. Major Catastrophe,0,8.267657377857251,5.41484415309979173743405635530837059057,1,7.4,3.88,42,3.4,0,1771.82,1115.38
101316222,AUS / GlPk (AUS) 6th Oct,R8 2130m Pace M,06-10-2015 12:44,8967658,2. Memphis Bomber,1,2.3,2.21690531731874869946000251427952988608,1,2.3,2,1.69,1.35,0,6714.48,3475.4
101316222,AUS / GlPk (AUS) 6th Oct,R8 2130m Pace M,06-10-2015 12:44,10212066,8. Bettathanthewife,0,13.88649401952047,11.6186724890616413927395405587305771,1,14,10,9,9,0,755.1,25.36
101316210,AUS / GlPk (AUS) 6th Oct,R2 2130m Pace M,06-10-2015 09:47,8196128,2. Bedford Rose,1,4.023948453,4.04653358477955378808800414284169925887,2.86379560339137939787784941869320201046,3.8,3.8,4.2,1.01,1969.7,873.02,853.9
101316236,AUS / Shep (AUS) 6th Oct,R7 2190m Trot S,06-10-2015 11:30,6276062,8. Dabbsey,0,9.967928452363122,8.97908874491451680202306392960768505413,6.55237593705470540858682857319868657456,8,8,6,6,322.82,98.64,163.4
101316228,AUS / Shep (AUS) 6th Oct,R3 1690m Pace M,06-10-2015 09:31,10372919,8. The Last Cullect,0,136.48134237721553,65.8381774213021171873761437458155640894,47.3514552443712246018671059857221306974,1,1001,1,1001,36.42,6.56,0
101316230,AUS / Shep (AUS) 6th Oct,R4 1690m Trot M,06-10-2015 10:00,10203087,2. Regal Pepperell,0,3.5,3.62932990399164950334615907325295447257,3.82989281800174949978382617613642076475,3.8,3.45,50,3.35,3978.28,3560.66,240.3
101316230,AUS / Shep (AUS) 6th Oct,R4 1690m Trot M,06-10-2015 10:00,10372921,4. Good Looka,0,6.900000609813288,7.46420534714694394222133266386084174503,5.56415068289183372362169552093344342624,9,7,1,1001,1477.54,849.64,352.24
101316230,AUS / Shep (AUS) 6th Oct,R4 1690m Trot M,06-10-2015 10:00,10372922,7. Illawong Red,0,34,39.0172831019193922775824436515639380399,12.8143063583815028901734104046242774567,48,48,1,1001,110.72,27.72,73.66
101316230,AUS / Shep (AUS) 6th Oct,R4 1690m Trot M,06-10-2015 10:00,8746897,6. Rebel Starlight,0,180,79.999733334233470941870238412697341106,57.4340277777777777777777777777777777778,80,80,1,1001,11.52,4.74,0
101316232,AUS / Shep (AUS) 6th Oct,R5 2190m Pace M,06-10-2015 10:30,7245435,9. Vienna Eyre,0,3,3.03184786144533473466324796842979085447,2.68682687220007760414829447246816466189,3.35,2.88,2.2,2.2,5669.8,3719.4,1542.7
101316232,AUS / Shep (AUS) 6th Oct,R5 2190m Pace M,06-10-2015 10:30,6613294,6. On Fire Within,0,67.99724268839228,40.9866012111828604613798733934478504246,38.0883740883740883740883740883740883741,36,36,1,1001,93.24,73.32,.8
101316238,AUS / Shep (AUS) 6th Oct,R8 1690m Pace M,06-10-2015 12:00,9500104,1. Modern Lebron,1,5.367245656795566,5.82523660123647350680736222237176083329,6.52926747571572129107317264615634438591,7,5.1,1.02,1.01,727.52,1609.9,1405.94
101316238,AUS / Shep (AUS) 6th Oct,R8 1690m Pace M,06-10-2015 12:00,7142391,7. Die Tryin,0,5.724596239491366,4.42451036857959134654862830855232535519,5.72904720181545229713473169691630448537,6.4,5.3,7,7,1142,2452.18,62.68
101316262,AUS / Nowr (AUS) 6th Oct,R4 1200m Mdn,06-10-2015 05:12,8089999,1. Caupolican,1,3.4537507612397897,2.08061600150703732608520143168545978094,2.08061600150703732608520143168545978094,3.35,3.35,1,1001,743.18,743.18,0
101316264,AUS / Nowr (AUS) 6th Oct,R5 1400m Hcap,06-10-2015 05:50,10372696,1. Seasonal,1,2.6,2.39150804258941839952642090475562873765,2.14014955112349289805714115705429905762,2.68,2,2.26,2.26,24200.42,18533.48,2563.58
101316264,AUS / Nowr (AUS) 6th Oct,R5 1400m Hcap,06-10-2015 05:50,5193107,3. Magic Franco,0,17.975729697523644,17.2197564717482155180923619044563904094,14.8171291214821969530666900821003644027,27,13.5,1,1001,911.08,757.38,23.92
101316258,AUS / Nowr (AUS) 6th Oct,R2 1400m Mdn,06-10-2015 04:00,10372684,8. Mighty Slick,0,26,24.9930080773958426369465430054617645403,22.8913841244515357000398883127243717591,40,20,120,20,1002.8,872.6,27.82
101316258,AUS / Nowr (AUS) 6th Oct,R2 1400m Mdn,06-10-2015 04:00,10372685,9. Priceless De Hero,0,4.1,4.25181402803086378670115268297441629828,3.62398806304692030520026323848494523467,4.3,4.1,4,4,3069.46,2239.04,282.72
101316266,AUS / Nowr (AUS) 6th Oct,R6 1200m CL2,06-10-2015 06:30,8482778,2. Kaboombie Boy,0,14.5,13.3924808225587185456462214497237815893,11.9285089648542756019051225657980977905,25,9.8,1,1001,2746.28,2400.9,59.26
101316266,AUS / Nowr (AUS) 6th Oct,R6 1200m CL2,06-10-2015 06:30,10372698,3. Da Zella Kaya,0,9.451311716518102,9.11230781854575250170719356673406712994,7.89968621404762163277271690861119857548,10.5,7.2,1,1001,5526.06,4550.84,181.3
101316266,AUS / Nowr (AUS) 6th Oct,R6 1200m CL2,06-10-2015 06:30,10372699,4. Direct Strategy,0,8.2,7.28247568316986279818165384686473102694,6.40975149375795579349698897356409472726,8.4,6.6,4,4,5954.78,4841.42,232.38
101316266,AUS / Nowr (AUS) 6th Oct,R6 1200m CL2,06-10-2015 06:30,7783117,1. Sigismund,0,7.6,9.03119497213190339106383964640619384313,6.64901899553673435191250171371121300288,11.5,8.6,1,1001,2625.88,1833.48,4.96
101316268,AUS / Nowr (AUS) 6th Oct,R7 1600m CL1,06-10-2015 07:10,9184024,9. Move High,0,20.07199964377087,18.1662258940536277824466008437947391812,15.421840651676616637839647380460860347,21,15,11,11,1433.84,1138.5,86.62
101316268,AUS / Nowr (AUS) 6th Oct,R7 1600m CL1,06-10-2015 07:10,10372702,5. Aussie Secret,0,6.2,5.89680849541122717624511711948052438395,5.38684016695310581880677633194205745151,6.6,5,1,1001,6190.96,5388.22,90.94
101316268,AUS / Nowr (AUS) 6th Oct,R7 1600m CL1,06-10-2015 07:10,10372706,13. Sheizadiva,0,90,93.0094267527513962241763416225084941294,78.4329570372776740030861690895801185739,110,70,350,350,246.26,192.56,3.68
101316174,AUS / APrk (AUS) 6th Oct,R1 2647m Trot S,06-10-2015 05:01,9336142,2. My Precious Fling,0,6.5874653616687295,6.27670249102254613496555125668381632945,5.52909048716206136352334698072237232508,6.4,5.5,1,1001,1206.58,976.68,9.66
101316174,AUS / APrk (AUS) 6th Oct,R1 2647m Trot S,06-10-2015 05:01,6026435,3. Family Decision,0,110,106.883534124473873905287984335104672114,42.7581143740340030911901081916537867079,150,150,1,1001,25.88,9.98,0
101316174,AUS / APrk (AUS) 6th Oct,R1 2647m Trot S,06-10-2015 05:01,8816673,9. Tyron Lochie,0,12.163990401895715,11.0479668293600133026386665669850799602,8.80830377634049655747965783434174838306,12,10,1,1001,479.3,337.1,5.92
101316174,AUS / APrk (AUS) 6th Oct,R1 2647m Trot S,06-10-2015 05:01,8990078,12. Thumbs Up Jerry,0,10.518522148533958,13.0179959035853564668116112816584764368,6.78546348910185734882537528623526418455,14,13,1,1001,943.28,349.82,0
101316176,AUS / APrk (AUS) 6th Oct,R2 1660m Pace M,06-10-2015 05:38,10372881,12. Deliver The Reign,0,16.5,19.8791879757717736778297424858364194237,18.8511384615384615384615384615384615385,22,17,1,1001,325,279.86,1
101316178,AUS / APrk (AUS) 6th Oct,R3 1660m Pace M,06-10-2015 06:18,8805763,1. He Can Talk,0,8.518713316863868,15.4846807330277885943956676799921428873,10.429886993934995593800217718106889223,15,11.5,70,70,771.64,400.88,79.04
101316180,AUS / APrk (AUS) 6th Oct,R4 1660m Pace M,06-10-2015 06:58,5626541,5. Empty Envelope,0,332.0663950204896,221.18274617934352175060866504355988384,231.824786324786324786324786324786324786,260,65,420,420,32.76,24,4.76
101316182,AUS / APrk (AUS) 6th Oct,R5 1660m Pace M,06-10-2015 07:38,8437523,8. The Pacman,0,9.8,8.79957297045746983505845237955705905414,9.38619079690871108777297062818917592265,10,8,350,350,1752.02,1542.74,32
101316184,AUS / APrk (AUS) 6th Oct,R6 1660m Pace M,06-10-2015 08:10,8434561,9. Broadway Playboy,0,6.08558066,5.92401209567324917962942997398101649918,5.70630809858117149139094708423962699016,6.4,5.8,1,1001,3392.94,3015.08,123.48
101316186,AUS / APrk (AUS) 6th Oct,R7 2138m Pace M,06-10-2015 08:40,5651106,6. Floyd Mayweather,0,3.1,2.88879893735151891766948007195872208045,2.9714895205961520897021925889312136337,3.45,3.1,1,1001,3722.54,3643.72,78.82
101316186,AUS / APrk (AUS) 6th Oct,R7 2138m Pace M,06-10-2015 08:40,6433440,7. Tallyho Bromac,0,65,56.1708220075117691714541403814867291012,56.9253731343283582089552238805970149254,95,50,1,1001,125.96,123.86,2.1
101316186,AUS / APrk (AUS) 6th Oct,R7 2138m Pace M,06-10-2015 08:40,8276241,3. Montana Maestro,0,60.29060002176092,37.3887697245435891797338024614763520517,42.3217042297005248533497993207780179068,55,44,1,1001,64.78,62.5,2.28
101316195,AUS / Mngl (AUS) 6th Oct,R4 1609m Pace M,06-10-2015 04:07,8627708,7. Heza Swinger,0,4.160178792331136,4.97043880334061938446993828021975981564,3.73126539829613188985917404072613082373,5.1,4.8,5,5,2063.54,1030.28,152.72
101316195,AUS / Mngl (AUS) 6th Oct,R4 1609m Pace M,06-10-2015 04:07,6398314,3. Vampish Hanover,0,4.676137821821612,8.53386622968665191471781168717196540897,4.85996674402031903813474153525682021671,8.2,7.8,1,1001,1094.54,457.14,0
101316189,AUS / Mngl (AUS) 6th Oct,R1 1609m Trot M,06-10-2015 02:20,3080804,8. Kip Keino,0,3.262503489694209,3.09366408237992623349552040853686224376,2.89203550918687986626008080120118260762,1,1001,3.25,3.25,1292.06,452.96,783.04
101316191,AUS / Mngl (AUS) 6th Oct,R2 1609m Pace M,06-10-2015 02:55,10372893,2. Condafew,0,32,27.6760998602733500640940971183719036579,20.7494481236203090507726269315673289183,1,1001,1,1001,54.36,19.76,.16
101316207,AUS / Mngl (AUS) 6th Oct,R10 1609m Pace M,06-10-2015 07:58,9488608,2. Our Red Sky Night,0,5.4,5.16190560638246340658199060508937483498,5.19993160141357078620375178912969131971,5.4,4.7,1,1001,1578.98,1395.96,51.92
101316199,AUS / Mngl (AUS) 6th Oct,R6 1609m Pace M,06-10-2015 05:19,6933367,6. Blue Pointer,1,2.22,1,1.08436110785993211538256918804464637222,1,1001,1,1001,5638.98,0,0
101316201,AUS / Mngl (AUS) 6th Oct,R7 1609m Pace M,06-10-2015 05:58,10372899,7. Playboy President,1,14.5,15.3222262236547603933038850708328495942,8.00194434091191452354329730401292085973,18.5,15,15,15,1448.82,679.24,700.4
101316201,AUS / Mngl (AUS) 6th Oct,R7 1609m Pace M,06-10-2015 05:58,10372901,10. Village Rebel,0,197.59841114750125,163.474743020696491949797171014410008348,119.657960823706680060271220492214967353,210,130,1,1001,39.82,23.54,.3
101316205,AUS / Mngl (AUS) 6th Oct,R9 1609m Pace M,06-10-2015 07:18,10372905,9. Shadow Reign,0,9.240924394,9.6482322048025403579105423924653148095,8.48738043770044787295666793823026603936,10.5,9.2,1,1001,1415.58,1111.74,61.84
101316208,AUS / GlPk (AUS) 6th Oct,R1 2130m Pace M,06-10-2015 09:15,10372886,6. The Black Adda,0,22.973450307,20.216392451686146577094282875983626476,16.5273643308746048472075869336143308746,1,1001,1,1001,151.84,87.66,13.64
101316212,AUS / GlPk (AUS) 6th Oct,R3 2536m Pace M,06-10-2015 10:17,6161902,2. Smoken Nevada,0,144.17203948212784,107.491294696658095629822636794399458469,101.323834196891191709844559585492227979,120,80,150,140,30.88,17.5,3.76
101316214,AUS / GlPk (AUS) 6th Oct,R4 2536m Pace M,06-10-2015 10:47,8456416,7. Blacklist,0,8.212171569736674,6.13972426872407360579650638775070040592,10.7754080923851697490665972041330207519,8.4,8.4,860,14.5,921.36,757.52,93.44
101316216,AUS / GlPk (AUS) 6th Oct,R5 1730m Pace M,06-10-2015 11:17,8591337,7. El Sunami,0,11.875965170376002,11.131787807095672402900881335819672156,10.3725873735055188519191233707910021756,13,9.6,1,1001,1002.02,918.52,0
101316216,AUS / GlPk (AUS) 6th Oct,R5 1730m Pace M,06-10-2015 11:17,8615807,2. Onunga,0,12.5,13.0803013381856159960730876080415273396,10.397007965805323489411307557800660579,14,11,1,1001,514.7,371.72,0
101316216,AUS / GlPk (AUS) 6th Oct,R5 1730m Pace M,06-10-2015 11:17,7389963,4. Grangewood Red,0,9,8.51973812441548983182276694250658829563,7.044934099502275009078674727105718497,8.2,8.2,1,1001,936.26,606.82,15.46
101316218,AUS / GlPk (AUS) 6th Oct,R6 1730m Pace M,06-10-2015 11:47,10372890,6. The Arsonist,0,3.0186157096552053,3.08975396761143834424583843259526881936,2.79188568381880896162258032926019825251,3.3,2.88,1,1001,5514.18,4263.38,94.24
101316220,AUS / GlPk (AUS) 6th Oct,R7 2503m Pace S,06-10-2015 12:17,6146470,3. Gallileo,0,5.33,5.76282314050250971825437574233556343206,1,5.72,5.62,2,2,0,1144.74,240.42
101316220,AUS / GlPk (AUS) 6th Oct,R7 2503m Pace S,06-10-2015 12:17,10181148,1. Bright Smiling Star,0,3.25,3.46234838653837294918122272536558054688,1,3.88,3.1,7,3.6,0,2500.78,497.84
101316220,AUS / GlPk (AUS) 6th Oct,R7 2503m Pace S,06-10-2015 12:17,5804052,6. Chief Inanga,0,181.96857914547172,146.471061210070330416416260333140260694,1,92.06,92.06,1,1001,0,14.34,4.88
101316236,AUS / Shep (AUS) 6th Oct,R7 2190m Trot S,06-10-2015 11:30,1344089,6. Mother Nature,0,19.5,21.3450535728493744675257027691731929143,15.0050150451354062186559679037111334002,20,20,1,1001,159.52,92.88,19.3
101316224,AUS / Shep (AUS) 6th Oct,R1 2190m Pace M,06-10-2015 08:27,6296563,10. Life Long Voyage,0,46,36.0321081575358630789269170342589054096,28.5913865546218487394957983193277310924,1,1001,1,1001,57.12,30.38,2.56
101316224,AUS / Shep (AUS) 6th Oct,R1 2190m Pace M,06-10-2015 08:27,8707633,9. Decileight,0,70.0402474052398,65.0763537399741063772668324710887073799,52.2828442437923250564334085778781038375,75,42,1,1001,88.6,66.2,1.04
101316224,AUS / Shep (AUS) 6th Oct,R1 2190m Pace M,06-10-2015 08:27,10372911,7. Current Assessment,0,16,15.2948082695051459163202079789472367335,14.0117933057419536304094507172419335396,16,15,1,1001,497.74,411.82,3.58
101316226,AUS / Shep (AUS) 6th Oct,R2 2190m Pace M,06-10-2015 09:02,8912988,5. Bubbas Princess,0,44.78807720232755,34.2607996222916464390897685584448467749,45.2847835529173302446793108440712320834,50,27,370,370,138.14,115.56,6.9
101316228,AUS / Shep (AUS) 6th Oct,R3 1690m Pace M,06-10-2015 09:31,10372917,5. Slice Of Life,0,178.55172448264432,62.1194213493553497811534856457147281077,53.7136393018745959922430510665804783452,1,1001,1,1001,30.94,4.34,0
101316230,AUS / Shep (AUS) 6th Oct,R4 1690m Trot M,06-10-2015 10:00,10372925,10. Miss Fisher,1,10.547825936,10.4213100543777385420942712985260159664,3.99039850773814231854254000896411716628,11,10.5,10.5,10.5,1517.16,359.6,906.8
101316230,AUS / Shep (AUS) 6th Oct,R4 1690m Trot M,06-10-2015 10:00,8787409,1. Tailight Trapper,0,145.8008,63.9693562785247407349487839572489759651,39.9416118421052631578947368421052631579,70,60,1,1001,24.32,15.04,0
101316238,AUS / Shep (AUS) 6th Oct,R8 1690m Pace M,06-10-2015 12:00,5222241,8. Giant Steps,0,7.950687576,9.12565188524097687570867919759101811266,9.52766007522423307497490323109215086533,10.5,7.2,1,1001,482.28,891.38,57.44
101316256,AUS / Nowr (AUS) 6th Oct,R1 1600m Hcap,06-10-2015 03:24,7329038,7. Intimate Kingdom,0,17.823341792159184,27.3588591881285211482566078863439050518,25.1443444329677176069385011394750217238,32,21,1000,48,1219.86,796.74,21.64
101316262,AUS / Nowr (AUS) 6th Oct,R4 1200m Mdn,06-10-2015 05:12,8341460,14. Well Overdue,0,50.82109872419388,25.4725738396624472573839662447257383966,25.4725738396624472573839662447257383966,50,50,1,1001,28.44,28.44,0
101316258,AUS / Nowr (AUS) 6th Oct,R2 1400m Mdn,06-10-2015 04:00,10176704,11. Jemily,0,24.911449836,29.2053495120685322264044419845533787434,17.3528874602768747488767943894509990138,34,28,1,1001,547.54,301.82,0
101316266,AUS / Nowr (AUS) 6th Oct,R6 1200m CL2,06-10-2015 06:30,8904280,12. Mister Gibson,0,17.5,17.5576977660743191275156005099915463931,15.7559251580910312639989998854035358218,24,14.5,1,1001,1919.78,1684.1,3.7
101316266,AUS / Nowr (AUS) 6th Oct,R6 1200m CL2,06-10-2015 06:30,9333045,10. Cape Henry,0,20,25.5507532183200957319238464580770903286,21.0812776919113858835651725914477073673,30,19.5,1,1001,970.5,793.82,0
101316268,AUS / Nowr (AUS) 6th Oct,R7 1600m CL1,06-10-2015 07:10,10089286,7. Duke Of Downunder,0,24.791146499402814,21.7498506141164963167073348674016653996,18.2373968944246177117061756989908061733,24,18.5,1,1001,846.22,645.66,.14
101316270,AUS / Nowr (AUS) 6th Oct,R8 1200m Mdn,06-10-2015 07:50,10372710,4. Strangerinparadise,0,18,17.2409487855074353643696156588640725974,12.5384818056052103896911382960533474267,21,11.5,5.5,5.5,2573.32,1538.02,67
101316270,AUS / Nowr (AUS) 6th Oct,R8 1200m Mdn,06-10-2015 07:50,10372719,17. Zariz Alwyns,0,35.381802016636364,30.0770551609312072189403065408853839388,25.7851431259239349549791694664695605429,38,22,1,1001,595.28,490.28,5.86
101316270,AUS / Nowr (AUS) 6th Oct,R8 1200m Mdn,06-10-2015 07:50,9463078,12. Honour The One,0,65,59.6937684067128895190869294843736847916,52.6606854943568939512144380298538513549,75,50,1,1001,384.54,314.28,.44
101316174,AUS / APrk (AUS) 6th Oct,R1 2647m Trot S,06-10-2015 05:01,8366154,7. Danny Cool,0,60,41.0696681030596775112403145794720246283,37.03125,55,55,1,1001,29.44,18.08,0
101316176,AUS / APrk (AUS) 6th Oct,R2 1660m Pace M,06-10-2015 05:38,7392253,4. Good Feelings,0,3.3593820101176974,3.58234576041099632432963916105430801967,3.14774658928548850029713360897217059262,4,3.45,1,1001,1581.78,1160.24,232.1
101316176,AUS / APrk (AUS) 6th Oct,R2 1660m Pace M,06-10-2015 05:38,8790405,1. Spring Grove Ricky,0,480,410.925906440440177123065456618001666009,394.76376554174067495559502664298401421,430,370,1,1001,22.52,20.3,0
101316176,AUS / APrk (AUS) 6th Oct,R2 1660m Pace M,06-10-2015 05:38,10181219,8. Miss Uganda,0,250.159441148,116.05495288312784525827250232190548131,118.81981981981981981981981981981981982,150,100,1,1001,19.98,14.88,0
101316178,AUS / APrk (AUS) 6th Oct,R3 1660m Pace M,06-10-2015 06:18,3443084,7. Smidj Boy,0,284.05425332160667,99.7088276855504142898043180975759822216,123.700775945683802133850630455868089234,140,55,520,520,41.24,16.5,.44
101316178,AUS / APrk (AUS) 6th Oct,R3 1660m Pace M,06-10-2015 06:18,7291193,3. Wecanonlyhope,0,280.906748929,165.822108797709890271408099023448777867,115.588872292755787901418969380134428678,250,70,1,1001,53.56,22.86,0
101316178,AUS / APrk (AUS) 6th Oct,R3 1660m Pace M,06-10-2015 06:18,8500327,8. Mista Natural,0,5.528382295356787,5.99227268038486515063135358860223711586,4.45607338545240189020206607976343483345,7,4.8,1,1001,2069.62,1324.96,411.3
101316178,AUS / APrk (AUS) 6th Oct,R3 1660m Pace M,06-10-2015 06:18,9973599,9. Chanceit,0,40.103743837,22.3405835869724836546999391546060512492,14.6756551873510937838423218540177604505,1,1001,1,1001,92.34,37.14,.58
101316180,AUS / APrk (AUS) 6th Oct,R4 1660m Pace M,06-10-2015 06:58,6337893,1. Mach Alert,1,1.3075304844188937,1.36089723373949331117477381152789683464,1.34399965708268209965202849028731481025,1.45,1.33,1.62,1.4,31261.18,24314.88,3411.46
101316180,AUS / APrk (AUS) 6th Oct,R4 1660m Pace M,06-10-2015 06:58,3543306,6. Destreos,0,7,6.22022306290193756196902670020957117152,5.13976339057983336167318483251147763986,7.2,6,5,5,2352.4,1560.12,571.58
101316182,AUS / APrk (AUS) 6th Oct,R5 1660m Pace M,06-10-2015 07:38,8615720,7. Girl With Fire,0,16,15.0078114032999457321868227484736711656,14.6518578155114786894044743711727536656,16,13.5,16,16,819.78,528.56,154.64
101316182,AUS / APrk (AUS) 6th Oct,R5 1660m Pace M,06-10-2015 07:38,8975826,5. Clarkey,0,3.4863323011633476,3.72922717643598910700539149245566508657,3.51996791790979564832037150311458424357,4,3.5,13,13,8010.7,6763.04,132.22
101316184,AUS / APrk (AUS) 6th Oct,R6 1660m Pace M,06-10-2015 08:10,4266161,1. Western Blaze,0,4.82224161,5.01998917780768557672207495460088898816,4.89417356920374250913593126542016290287,5.4,4.7,5,5,6671.46,6118.08,382.48
101316184,AUS / APrk (AUS) 6th Oct,R6 1660m Pace M,06-10-2015 08:10,6106932,11. Bg Three,0,48,49.163587587820218753189932140434883827,44.6212317666126418152350081037277147488,55,42,1,1001,123.4,99.14,1.68
101316186,AUS / APrk (AUS) 6th Oct,R7 2138m Pace M,06-10-2015 08:40,6930003,4. Sammys A Kriden,1,14.5,11.0479256339808322158314391898728915527,2.78417617851660104186070412312198505938,14.5,11.5,1.01,1.01,3113.66,513.48,2600.18
101316195,AUS / Mngl (AUS) 6th Oct,R4 1609m Pace M,06-10-2015 04:07,6496764,5. Marshal Dale,1,6.80588274441601,7.63173949017722762899833965870376980319,4.60116633282172680211232798314299836112,8.6,6.4,1.01,1.01,1537.64,790.8,615
101316195,AUS / Mngl (AUS) 6th Oct,R4 1609m Pace M,06-10-2015 04:07,4939547,2. Miss Livia,0,33.64185205180197,29.0791302667843978550040264506920824495,21.140699762344864008449960390810668075,32,32,1,1001,151.48,92.62,31.48
101316189,AUS / Mngl (AUS) 6th Oct,R1 1609m Trot M,06-10-2015 02:20,10264129,1. Takin To The Max,0,66.36784870060164,40.1392668277711956843072285179406598972,41.1900670082774931020890815924320063067,100,60,1,1001,50.74,47.56,.44
101316191,AUS / Mngl (AUS) 6th Oct,R2 1609m Pace M,06-10-2015 02:55,10372894,4. Ideal Prince,0,95,78.9740787574424635254361226786750395517,71.3388888888888888888888888888888888889,95,95,1,1001,14.4,10.82,0
101316193,AUS / Mngl (AUS) 6th Oct,R3 1609m Pace M,06-10-2015 03:31,4657149,2. Clarrie Greene,0,8,7.49764944088819008556782020030486709023,5.57263910939382926222766311520878364162,8.4,7,1,1001,1045.58,429,149.32
101316193,AUS / Mngl (AUS) 6th Oct,R3 1609m Pace M,06-10-2015 03:31,8753191,9. Puffnstuff,0,16,11.9635960498334285314209095295804131698,8.32138221660345554150863885377159713443,8.4,8.4,1,1001,237.3,119.12,14.98
101316193,AUS / Mngl (AUS) 6th Oct,R3 1609m Pace M,06-10-2015 03:31,6070286,1. Fujikawa,0,59.0146567554027,46.0107888642104011613004141495287302956,45.5166666666666666666666666666666666667,50,44,1,1001,42,22.12,1.14
101316207,AUS / Mngl (AUS) 6th Oct,R10 1609m Pace M,06-10-2015 07:58,8805859,4. Karlas Lucky Son,0,142.58608411934415,166.313699733756989408127819220008155191,77.5792483660130718954248366013071895425,200,110,1,1001,24.48,11.34,0
101316207,AUS / Mngl (AUS) 6th Oct,R10 1609m Pace M,06-10-2015 07:58,9110005,10. Quagmire,0,7.631932948433967,10.5126433789650817092614609584447010481,8.10205419967742507222488080679179738041,13.5,8.2,1,1001,1128.42,773.66,5.64
101316207,AUS / Mngl (AUS) 6th Oct,R10 1609m Pace M,06-10-2015 07:58,10372910,12. Justa Dale,1,23.5066300063621,24.7122960683356019806277248426742419759,2.35227219266311957434892187062447493699,1,1001,1.01,1.01,714.2,27.88,641.18
101316199,AUS / Mngl (AUS) 6th Oct,R6 1609m Pace M,06-10-2015 05:19,9248950,3. Im The Agent,0,11.24,1,104.423148724331051649035469819539514624,1,1001,1,1001,32.14,0,0
101316201,AUS / Mngl (AUS) 6th Oct,R7 1609m Pace M,06-10-2015 05:58,10372897,1. Imnoracinggal,0,5.402225542625484,5.45142139989154301018621053719870308952,4.88541337095723898415454742782721944867,6,4.9,6,2.52,4607,3455.46,376.9
101316205,AUS / Mngl (AUS) 6th Oct,R9 1609m Pace M,06-10-2015 07:18,10372904,3. Leave It To Me,1,1.7632045642322192,1.81013283623197230603244490062147382282,1.69793600731410696881441891087657156986,2,1.75,2,1.01,20869.26,16181.1,2912.58
101316205,AUS / Mngl (AUS) 6th Oct,R9 1609m Pace M,06-10-2015 07:18,9462588,10. Reward For Effort,0,200.70273299438878,143.413584669147858808204665577073221907,138.513233004670472236637259989621172807,180,90,1,1001,77.08,66.82,.44
101316212,AUS / GlPk (AUS) 6th Oct,R3 2536m Pace M,06-10-2015 10:17,6391707,3. The Rain,0,280,269.820867798398065856112650430217812425,174.440715883668903803131991051454138702,1,1001,1,1001,8.94,2.26,0
101316212,AUS / GlPk (AUS) 6th Oct,R3 2536m Pace M,06-10-2015 10:17,8432240,1. Huntaway Mach,0,285.9411364582088,60.3546584300331078737858990895958444254,51.5032926181625066383430695698353690919,110,42,1,1001,75.32,59.32,14.82
101316214,AUS / GlPk (AUS) 6th Oct,R4 2536m Pace M,06-10-2015 10:47,7386880,3. Pandoras Sioux,0,28,22.9486003861003861003861003861003861004,22.9486003861003861003861003861003861004,30,30,1,1001,165.76,165.76,0
101316214,AUS / GlPk (AUS) 6th Oct,R4 2536m Pace M,06-10-2015 10:47,8216832,1. Mister Double Line,0,30.63078971783129,29.2095697329376854599406528189910979229,29.2095697329376854599406528189910979229,36,24,1,1001,161.76,161.76,0
101316220,AUS / GlPk (AUS) 6th Oct,R7 2503m Pace S,06-10-2015 12:17,7087951,2. Art Connoisseur,1,5,5.0689167192993995509906180337573273085,1,6.98,4.17,1.01,1.01,0,1817.12,1899.6
101316210,AUS / GlPk (AUS) 6th Oct,R2 2130m Pace M,06-10-2015 09:47,10201818,8. Neon Leon,0,20,18.4728185566428487452810113659919225418,11.1269235421166306695464362850971922246,21,13.5,1,1001,463,255.72,151.06
101316224,AUS / Shep (AUS) 6th Oct,R1 2190m Pace M,06-10-2015 08:27,7330065,3. Irish Crest,0,65,68.6339800246612670025442414791392805677,45.1815476190476190476190476190476190476,70,70,1,1001,53.76,25.04,.76
101316228,AUS / Shep (AUS) 6th Oct,R3 1690m Pace M,06-10-2015 09:31,8951620,10. Shell Green,0,45.08946402339265,46.491912750707616261846386440450994905,31.1252240717029449423815620998719590269,46,44,1,1001,156.2,64.4,0
101316230,AUS / Shep (AUS) 6th Oct,R4 1690m Trot M,06-10-2015 10:00,10256744,5. Ten Caisses,0,4.1,3.87407498897271968710056293027179958789,3.20538541251494619370267038660821044241,4.8,3.2,1,1001,2509,1716.96,29.74
101316256,AUS / Nowr (AUS) 6th Oct,R1 1600m Hcap,06-10-2015 03:24,8161371,5. Svavarsson,0,10.5,9.06284120698705524063256695098825088369,8.25780620181444516356121765393829978086,9.8,8.6,1,1001,1761.42,1489.14,108.84
101316260,AUS / Nowr (AUS) 6th Oct,R3 1200m Hcap,06-10-2015 04:36,7254203,5. Oils,0,7.4723225677851595,7.11006157645372347269164736822208210249,6.44422561934840824757124157890312586312,8.6,6.4,7.4,7.4,4996.38,3944.62,203.7
101316262,AUS / Nowr (AUS) 6th Oct,R4 1200m Mdn,06-10-2015 05:12,10372690,9. Track Flash,0,9.246284899192181,5.09693100908421311072919224159096489074,5.09693100908421311072919224159096489074,9.2,9.2,1,1001,81.46,81.46,0
101316264,AUS / Nowr (AUS) 6th Oct,R5 1400m Hcap,06-10-2015 05:50,8563771,5. Caldane,0,5.350052558470633,6.59065384236229823242849283454222533563,5.22487130631780890084922770695423860876,7.8,6,1,1001,3054.54,1977.82,367.14
101316258,AUS / Nowr (AUS) 6th Oct,R2 1400m Mdn,06-10-2015 04:00,10367846,3. Cricklewood,1,4.839000850738957,4.01715892659968864718554256713414373578,3.31221659385979865105877384244712491318,4.6,2.8,2,2,7860.98,5514.08,1947.2
101316266,AUS / Nowr (AUS) 6th Oct,R6 1200m CL2,06-10-2015 06:30,9469422,5. Leanadas,0,51.676624230423755,50.7091802127496454187424450706648474159,45.6332479844988062696792498529462648351,65,40,1,1001,578.02,516.34,9.4
