EVENT_ID,MENU_HINT,EVENT_NAME,EVENT_DT,SELECTION_ID,SELECTION_NAME,WIN_LOSE,BSP,PPWAP,MORNINGWAP,PPMAX,PPMIN,IPMAX,IPMIN,MORNINGTRADEDVOL,PPTRADEDVOL,IPTRADEDVOL
114766286,GB / Good 30th Jul,TO BE PLACED,30-07-2014 13:55,6831950,Lion Beacon,0,8,6.02179254062087141689201639715225137114,6.70605787986885357563094828445400158242,7.8,6.6,1,1001,589.98,4180.34,61.42
114766296,GB / Good 30th Jul,TO BE PLACED,30-07-2014 16:50,1291606,Hiking,0,2.295740932161353,2.20732046900363639063655960750242359741,2.18410954415922281987680980117367024367,2.56,2.3,1,1001,725.24,15657.26,542.14
114766298,GB / Good 30th Jul,TO BE PLACED,30-07-2014 17:25,6597859,George Rooke,1,1.8988791895877513,2.07257321897383355993915298134345984694,2.41353346578213660521928150056427072662,2.4,1.88,2.1,1.2,1072.06,23715.16,3087.24
114766298,GB / Good 30th Jul,TO BE PLACED,30-07-2014 17:25,5433913,Stonefield Flyer,0,9.69930340520223,10.4869838931526178430633297262036588455,12.5613865498772512325726450798820588904,13.41,9.8,1,1001,74.14,1560.38,8.08
114766290,GB / Good 30th Jul,TO BE PLACED,30-07-2014 15:05,6680,Darwin,0,7.89622425634443,8.24173555585861334120567627935891880924,8.85628063682674635586868035393852446252,10,7.6,7,6,678.44,8479.82,591.1
114766292,GB / Good 30th Jul,TO BE PLACED,30-07-2014 15:40,8560718,Pallister,0,2.84,2.66688370836475003663765728988777781725,2.89078264926062091168462271895537006184,3,2.62,2.22,2.22,2179.1,21112.84,664.6
114774375,GB / Redc 30th Jul,TO BE PLACED,30-07-2014 18:10,3176533,Chosen Forever,0,6.6,4.43708293724540254874104757157353252785,1,6,5.3,1,1001,0,1160.26,110.82
114774365,GB / Redc 30th Jul,TO BE PLACED,30-07-2014 15:15,3406789,Matraash,1,2.505412875,2.29102229594077402720736346502326785041,2.87614226266450556443102636811910357066,2.64,2.46,2.62,1.08,100.68,10790.04,1694.86
114774367,GB / Redc 30th Jul,TO BE PLACED,30-07-2014 15:50,413996,Mighty Missile,0,2.582432174724773,2.41483220126354196643859641664454035397,2.06091747369696593352809520742680606906,3.2,2.6,12,2.1,99.96,8305.3,1696.44
114774371,GB / Redc 30th Jul,TO BE PLACED,30-07-2014 17:00,7695599,Spinner Lane,0,42.619780069180564,36.5926221630310591202270368420520667903,11.7329833638757859925317115758470574371,50,36,1,1001,20,423.06,1.2
114774373,GB / Redc 30th Jul,TO BE PLACED,30-07-2014 17:35,2380686,Mission Impossible,1,1.8424936084810906,1.94697014227259608708071839421948135508,1.847751298669390645975763458015361598,2.08,1.86,1.55,1.55,605.4,25530.8,1754.08
114774373,GB / Redc 30th Jul,TO BE PLACED,30-07-2014 17:35,6616297,A J Cook,0,3.9828747618058333,4.05700355139616037342967477725273403614,3.28500085459617477636611530840865419793,4.7,3.8,1,1001,77.88,3148.32,131.96
114774373,GB / Redc 30th Jul,TO BE PLACED,30-07-2014 17:35,7974514,Singing Star,0,7.556030776118858,6.21013554027040559987167289438138660913,4.67136405387771507990087225059902655531,7,6.2,950,950,45.22,1050.64,97
114774361,GB / Redc 30th Jul,TO BE PLACED,30-07-2014 14:05,8737113,Racing Knight,0,4.060398189305269,3.45577023828428483542245992299595194864,2.32220652483830257381521227279014987466,3.89,3.21,1,1001,205,2434.18,144.24
114774363,GB / Redc 30th Jul,TO BE PLACED,30-07-2014 14:40,8376255,Heavenly River,0,5,4.36928757964920085729073940987578446685,4.533584664242557187301807110157141918,4.8,3.75,1,1001,10,2394.48,10.56
114774377,GB / Leic 30th Jul,TO BE PLACED,30-07-2014 18:00,8737106,Bobbies Girl,0,4.8,4.34915496159009306011234189465923709304,4.3984504665602326085224046553699077746,5.3,3.45,1,1001,118.92,8534.88,11.92
114774377,GB / Leic 30th Jul,TO BE PLACED,30-07-2014 18:00,8645244,Right Madam,0,15.5,16.7773326806697977181087498332289314142,3.99999184002219513962922020852103282279,21,14.5,1,1001,10,885.9,26.66
114774377,GB / Leic 30th Jul,TO BE PLACED,30-07-2014 18:00,8737107,Red Words,0,36.22508675370365,24.1090946452677198939300720752283000872,1,32,21,6,6,0,287.08,520
114774379,GB / Leic 30th Jul,TO BE PLACED,30-07-2014 18:30,7455859,Dandys Perier,0,3.3599639997311166,3.49142382436571237801612740424947176059,2.58397813090580553114947324362157252654,3.75,3.45,1,1001,20,1001.56,17.6
114774379,GB / Leic 30th Jul,TO BE PLACED,30-07-2014 18:30,7734639,Stream of Light,0,43.326635813,27.7706342832755027402459500834469587775,1,40,26,1,1001,0,151.64,.2
114774383,GB / Leic 30th Jul,TO BE PLACED,30-07-2014 19:40,8698325,Skate,1,1.504736985,1.67054802772947837487394558586003261511,1.62078849066233063849305541567977986319,1.82,1.51,1,1001,101.3,31759.08,1635.78
114774383,GB / Leic 30th Jul,TO BE PLACED,30-07-2014 19:40,8556772,Roman De Brut,0,24.10670141345473,21.5738425716211661212896948117348738443,1,27,19,1,1001,0,677.2,12.04
114774387,GB / Leic 30th Jul,TO BE PLACED,30-07-2014 20:45,7660825,Kalon Brama,0,2.4,2.40688975270599349907912687641455213435,2.20714030490335534719155165214793545865,2.56,2.26,2.4,2.4,56,11290.06,1028.1
114774387,GB / Leic 30th Jul,TO BE PLACED,30-07-2014 20:45,7539751,Daisy Boy,1,1.6852025437220801,1.65773627625290959406550635603953002957,1.8576963067888958520269685195637745458,1.7,1.61,14.5,1.4,113,14084.4,3168.64
114774389,GB / Perth 30th Jul,TO BE PLACED,30-07-2014 14:15,6528916,Moss Street,0,1.757074548,1.81252182538395962458875384589661861395,1.85338800661006252243745944574356729056,1.85,1.76,1.42,1.22,286.64,10648.1,1822.48
114774391,GB / Perth 30th Jul,TO BE PLACED,30-07-2014 14:50,6216603,One For Hocky,1,3.5,3.57931274036766974284152460524767934252,5.12506381036187930635259037511245001823,3.25,3.25,2.02,2.02,83.62,1883.88,638.1
114774393,GB / Perth 30th Jul,TO BE PLACED,30-07-2014 15:25,3920400,City Line,1,1.5573416743436246,1.71529201276663180620649548408072364538,2.65581750896429028626061035268826836596,4.01,1.62,1.64,1.5,477.56,11984.24,2724.34
114774393,GB / Perth 30th Jul,TO BE PLACED,30-07-2014 15:25,6132274,Robins Command,1,1.76,1.64515228557935566891997163803677987568,1.46732908987802356389606462752497293605,1.76,1.55,1.72,1.01,323.96,17719.12,3548.7
114774397,GB / Perth 30th Jul,TO BE PLACED,30-07-2014 17:10,4364415,Lochore,1,5.3,5.06500684590072617471451758842061824306,4.77999502930653646190455259551333689996,6,4.4,5.5,1.03,40,2588.34,2613.88
114774397,GB / Perth 30th Jul,TO BE PLACED,30-07-2014 17:10,3860354,Ishlana,0,6.6018718795704014,6.7232760299785681038104095010723558559,1,7.4,6.4,6.6,3.25,0,1327.12,269.6
114774403,GB / Sand 30th Jul,TO BE PLACED,30-07-2014 17:50,6732192,Living Leader,0,1.61,1.49816931911846035654144232226078060546,1.83050662714682661751109671762716104379,1.63,1.56,1.63,1.63,18.78,18667.84,1113.48
114774403,GB / Sand 30th Jul,TO BE PLACED,30-07-2014 17:50,5847457,Lady Sylvia,1,3.3292422316588635,2.4940536335391609389906881903109833016,1,3.3,2.9,1,1001,0,5014.28,809.24
114774409,GB / Sand 30th Jul,TO BE PLACED,30-07-2014 19:30,227305,Carthage,0,2.8404943017609177,2.85994860365928589253347120731253962994,2.58998667176389930087890393684004248869,2.94,2.76,1,1001,11.5,7851.92,121.96
114774413,GB / Sand 30th Jul,TO BE PLACED,30-07-2014 20:35,8401193,Arcamante,0,4.5,4.7919790165789252660398035883149734672,3.24198085051181510314747166726646181976,5.4,4.3,1,1001,14.86,4223.36,79.06
114774407,GB / Sand 30th Jul,TO BE PLACED,30-07-2014 18:55,8737123,Able Spirit,0,3.5020960561784156,4.28707435855933610888527255651250711336,4.18995940776653617082722622354630537326,6.45,3.25,4.3,3.25,8,8206.48,1678.72
114766286,GB / Good 30th Jul,TO BE PLACED,30-07-2014 13:55,4711249,Presto Volante,0,7.082492854404846,5.75652784398961831506990876702394725959,7.21599577000990042967491873542447817191,10,7,25,25,533.74,4523.96,448.02
114766286,GB / Good 30th Jul,TO BE PLACED,30-07-2014 13:55,6796872,Ballinderry Boy,0,5.623341141435083,4.90586894706854870096430615655642282972,5.11972900508770678824351841683318597656,6.6,5,5.1,5.1,1578.1,6343.98,112.16
114766288,GB / Good 30th Jul,TO BE PLACED,30-07-2014 14:30,7668082,Observational,0,1.7590232211238024,2.00124371694228150607377173037640808629,2.22676603228807490257646997004680929241,2.28,1.76,2.16,2.16,2262.82,34375.82,1080.8
114766288,GB / Good 30th Jul,TO BE PLACED,30-07-2014 14:30,7560120,Red Galileo,0,3.35,3.00082371787033754705651986148911860759,2.89553353704040158486576554429054881672,3.35,2.82,1,1001,2853.24,15640.52,106.94
114766294,GB / Good 30th Jul,TO BE PLACED,30-07-2014 16:15,8672974,Piccadillo,0,10.28765190633538,9.9966992421418182894295783190629928027,6.16838580423826846347827060782567751092,14,7.37,1,1001,136.78,2955.28,.16
114766294,GB / Good 30th Jul,TO BE PLACED,30-07-2014 16:15,8737103,Follow The Faith,0,16.5,11.0265127588458389460669953971364297475,9.58981207614604869089867164235181007644,16,8.4,1,1001,124.84,1834.66,.16
114766296,GB / Good 30th Jul,TO BE PLACED,30-07-2014 16:50,832086,Running Deer,1,3.55,3.38422806205553602481779124122328042513,4.52505441735153286734284376305893279386,4.4,3.5,3,3,170.96,5402.1,740.9
114766296,GB / Good 30th Jul,TO BE PLACED,30-07-2014 16:50,6632971,Auction,0,3.1,2.70895629447569788232850169284453457358,3.03452916122426943302604052261830353537,3.15,2.76,3.95,3.95,621.02,15581.96,931.4
114766296,GB / Good 30th Jul,TO BE PLACED,30-07-2014 16:50,6676736,Magique,1,7.8,5.96408442415357967644066213275816897284,4.46529896503440168147282151606704072643,7.8,5.3,1,1001,154.4,3330.26,802
114766296,GB / Good 30th Jul,TO BE PLACED,30-07-2014 16:50,7387161,Lady Tiana,0,3.674361224493915,3.53742320886846190317552755849236610349,3.85828876961261780040042113210318031517,4.1,3.65,1,1001,311.74,7538.32,122
114766296,GB / Good 30th Jul,TO BE PLACED,30-07-2014 16:50,8452050,Palerma,0,3.25,2.88493855560065542690113585467193736542,3.04578706245026491459725382128806784741,3.55,2.86,1,1001,1589.78,13462.3,161.38
114766298,GB / Good 30th Jul,TO BE PLACED,30-07-2014 17:25,6470871,Gravitational,0,4.4,5.00616580451672006940216782696138799991,4.68783825578287557605576607444589709255,7.76,4.4,1,1001,154.88,2810.1,93.66
114766298,GB / Good 30th Jul,TO BE PLACED,30-07-2014 17:25,8460403,Little Shambles,0,4,3.43328024007297101496651270262190530309,2.79611543556206611277937905148901719443,4,3,1,1001,700.1,7743.8,517.8
114766290,GB / Good 30th Jul,TO BE PLACED,30-07-2014 15:05,61733,Kingman,1,1.0851682664384539,1.07132991205187615121956985805217163965,1.09069585392647591710476118082584175135,1.11,1.05,1.17,1.02,15044.78,126775.28,7224.96
114774365,GB / Redc 30th Jul,TO BE PLACED,30-07-2014 15:15,4317632,Destiny Blue,0,3.596045954268593,2.63095117645979973046604716191711288866,4.59996796028515346213418700573564895272,4.2,3.55,1,1001,6,5707.6,74.3
114774365,GB / Redc 30th Jul,TO BE PLACED,30-07-2014 15:15,1220025,Bold And Free,0,7.261365374695162,4.55372785556637560792893651384057668029,7.59997271022519816996711743933463286354,8.6,7.2,5.1,2.24,8.9,2473.5,279.92
114774365,GB / Redc 30th Jul,TO BE PLACED,30-07-2014 15:15,5997839,Dougal Philps,0,2.7974953358636414,2.05461081310617613853403275477789932961,1.88385509716493999570134294731867913136,2.78,1.66,2,1.12,268.4,13189.28,1049.54
114774367,GB / Redc 30th Jul,TO BE PLACED,30-07-2014 15:50,7642208,Quest of Colour,1,4.373476224679617,3.79622283990539870810015737937673436717,4.01025291430467866270466272265954778931,4.9,4.2,6,6,50.72,2891.76,727.8
114774371,GB / Redc 30th Jul,TO BE PLACED,30-07-2014 17:00,8538077,Patron of Explores,0,40,37.2569505544090469155104112450895400591,12.9339859178966168819920792493464857712,50,34,1,1001,20,247.66,5.2
114774373,GB / Redc 30th Jul,TO BE PLACED,30-07-2014 17:35,8515443,Showtime Star,0,2.639618679467333,2.58862024440770029849039279475234016692,3.09894979041585089506776940337041377493,2.7,2,2.06,2.06,12.74,7114.98,433.4
114774373,GB / Redc 30th Jul,TO BE PLACED,30-07-2014 17:35,3790673,Here Now And Why,0,5.695093288,5.65088243492374165959980743624012791673,5.30690743217521909064752981008522656509,6.2,5.3,1,1001,87.88,1662.24,10
114774363,GB / Redc 30th Jul,TO BE PLACED,30-07-2014 14:40,8148518,Playtothewhistle,0,4.112756879471051,3.91155302644940462588935748869517319236,4.3613282482470090622170597229096499572,4.2,3.75,1,1001,39,2816.12,.66
114774377,GB / Leic 30th Jul,TO BE PLACED,30-07-2014 18:00,8665847,Dolorous,0,1.5,1.48353634519278417229297064428200090292,1.40067023448617328949423015810874405991,1.59,1.37,1.5,1.46,519.12,40978.62,1490.58
114774377,GB / Leic 30th Jul,TO BE PLACED,30-07-2014 18:00,8737109,Solstalla,0,3.3,2.99463580936283431742930575089361782833,4.44625732020804468997384621321310434398,3.3,2.8,1,1001,50.02,5896.12,27.36
114774379,GB / Leic 30th Jul,TO BE PLACED,30-07-2014 18:30,7338839,Chanceuse,1,4.022842224401813,4.21935744235945338088341271687612591092,2.54397694292565300720704573004945450208,4.4,4.2,1,1001,20,2096.62,267.02
114774383,GB / Leic 30th Jul,TO BE PLACED,30-07-2014 19:40,8669173,Dear Bruin,0,1.9069314378449054,1.95359421539684124083797278472038502008,2.39137020204796953213919356068765092003,2.1,1.8,2.26,1.64,118.4,17403.66,1016.92
114774387,GB / Leic 30th Jul,TO BE PLACED,30-07-2014 20:45,7396131,Ajig,1,2.114624224633444,2.09754083113141925325452584911119966304,2.22918000688232696553585745645943336791,2.24,1.96,2,2,18.5,18082.12,802.52
114774389,GB / Perth 30th Jul,TO BE PLACED,30-07-2014 14:15,7176213,Nathans Pride,1,1.264586053283547,1.2798697400104366423822727658728740733,1.24134254540237629621426942503322953084,1.3,1.25,1.02,1.02,530.76,24327.18,2034.56
114774401,GB / Perth 30th Jul,TO BE PLACED,30-07-2014 18:20,4406179,Carlanstown,1,1.369990188571286,1.32179449250781061995102230304969308918,1.37189787230128913254829445045694291204,1.35,1.27,1.48,1.25,600.54,35011.28,3898.66
114774401,GB / Perth 30th Jul,TO BE PLACED,30-07-2014 18:20,7206233,Maraweh,0,3.9147200985764368,4.12862997309067790126469663673637971487,1,4.3,3.65,5,5,0,3909.7,662.22
114774405,GB / Sand 30th Jul,TO BE PLACED,30-07-2014 18:25,6576183,Tilstarr,0,2.375198095,2.23646568434373464547998475994123617401,2.39844765760017351970935448683123455768,2.62,2.36,1.8,1.8,40,10162.26,341.16
114774411,GB / Sand 30th Jul,TO BE PLACED,30-07-2014 20:00,7652544,Dalmarella Dancer,0,2.9736049377621026,3.50394008801600989973887976886187028053,1,4.1,3,1,1001,0,6362.76,53.98
114774407,GB / Sand 30th Jul,TO BE PLACED,30-07-2014 18:55,69904,Referendum,0,3.421077058489426,2.95332101395518188737113413262978493798,2.66957541015475987308648446371054850451,3.25,2.46,13,2.46,21.16,10782.24,458.5
114766286,GB / Good 30th Jul,TO BE PLACED,30-07-2014 13:55,5871720,Brockwell,0,2.9563656432490095,2.81828958795986772730388245866203695985,3.28536016803822067858419162460212809928,3.55,2.72,3.1,2.64,8603.9,28614.06,1321.96
114766294,GB / Good 30th Jul,TO BE PLACED,30-07-2014 16:15,8737101,Avenue Du Monde,0,4.7,4.46844602717737453051531598487214238418,3.95602617310831342663664485152553990245,5.2,3.5,1,1001,90.1,7154.54,30.48
114766296,GB / Good 30th Jul,TO BE PLACED,30-07-2014 16:50,7185303,Hedge End,1,3.175922806,2.83364992397610523675276223068623599204,3.24866746190022831292080267993590475755,3.5,3.15,1.01,1.01,351.7,9308.86,1072.24
114766296,GB / Good 30th Jul,TO BE PLACED,30-07-2014 16:50,7371857,Alquimia,0,3.525877288,3.01818522899336018720844644116960782097,3.24366072988993461564909299461514775824,3.55,2.76,1,1001,800.12,7951.56,94.62
114766296,GB / Good 30th Jul,TO BE PLACED,30-07-2014 16:50,7401205,Hot Coffee,0,3.75,3.32231580426268499289413721834923301335,4.83100566421924515428410947348961157617,3.75,3.55,1,1001,68.84,6618.66,135.46
114766298,GB / Good 30th Jul,TO BE PLACED,30-07-2014 17:25,6689570,Liberty Jack,0,2.373943422701232,2.2201712205865776069374672805093199414,2.77592628490832991156789046177226559805,2.9,1.96,2.06,1.98,1275.98,40388.82,1029.3
114766298,GB / Good 30th Jul,TO BE PLACED,30-07-2014 17:25,4018540,The Confessor,0,2.953203952,2.94320890277508531295384247201841133728,3.05461967736551628212613083855653430353,3.07,2.76,3.35,3.35,835.88,13065.3,277.78
114766298,GB / Good 30th Jul,TO BE PLACED,30-07-2014 17:25,2950205,Related,1,2.3342053524535555,2.39752781372344667746180234223450746196,3.45167521829921350379424578348730198363,3.09,2.12,2,2,491.98,19904.96,1109.04
114766292,GB / Good 30th Jul,TO BE PLACED,30-07-2014 15:40,8565290,Faithful Creek,0,7.4,6.32217545853187068223377323107391876032,8.36736023400120650151948536021199917671,8.8,6.6,1,1001,235.56,5520.06,48.46
114766292,GB / Good 30th Jul,TO BE PLACED,30-07-2014 15:40,135080,Highland Reel,1,1.2927272372601148,1.22811295733341782960983929323944882929,1.25837428696233292605555190594899120347,1.3,1.24,1.27,1.01,3470.38,75215.18,5311.9
114774375,GB / Redc 30th Jul,TO BE PLACED,30-07-2014 18:10,7756781,Magical Mischief,0,7.6,4.84947874851099104989416303449945306599,1,10,7.2,4,4,0,1999.36,968.06
114774367,GB / Redc 30th Jul,TO BE PLACED,30-07-2014 15:50,6657794,Enzaal,0,5.779541238,3.88308333174916510499591554046660655436,5.44768986933441824976261373772440427592,6.4,5.6,1,1001,129.4,4267.96,92.44
114774367,GB / Redc 30th Jul,TO BE PLACED,30-07-2014 15:50,5535717,Prophesy,0,2.0844535344892217,1.84207438756522115795899356788533645789,2.24987905077524553614314117322833392187,2.12,1.85,2.4,2.4,264.46,18716.92,679.58
114774369,GB / Redc 30th Jul,TO BE PLACED,30-07-2014 16:25,7387193,Brown Eyed Honey,1,1.55,1.48571244433865324006278534829575741595,1.46411382650581148194074418250420811949,1.61,1.41,1.22,1.22,669.92,28096.82,819.34
114774371,GB / Redc 30th Jul,TO BE PLACED,30-07-2014 17:00,3819254,Chocamoca,1,4.8,4.99847114145343260165165994102567751134,4.85720300418683858868454795773513020181,5.4,4.8,1,1001,33,3111.44,1170.4
114774371,GB / Redc 30th Jul,TO BE PLACED,30-07-2014 17:00,6352843,Almanack,0,3.5027582933644226,3.43208601696600121338480680120706626716,4.39997775573420615027570833031360644302,3.85,3.3,20,7.6,13.42,7470.84,336.7
114774371,GB / Redc 30th Jul,TO BE PLACED,30-07-2014 17:00,6456466,Shillito,0,3.004092740399283,3.2176967447180067409682680691322828978,3.40426653244240705117547102691367056381,3.45,3,1,1001,4.18,4441.36,143.24
114774373,GB / Redc 30th Jul,TO BE PLACED,30-07-2014 17:35,877399,Emily Davison,1,4.072830927816684,4.00262633528087086578550004418381239314,5.27392088673224113950154799002123419136,4.3,3,1,1001,48.4,2813.7,813.16
114774361,GB / Redc 30th Jul,TO BE PLACED,30-07-2014 14:05,8737118,Rose Acclaim,0,3,3.08353387826614263095018585020788325329,2.98794524942324452022931078244685787883,3.12,2.8,1,1001,121.54,3716,421.5
114774363,GB / Redc 30th Jul,TO BE PLACED,30-07-2014 14:40,7596845,Maggies Diamond,0,1.69,1.91972793095459135625903542985871609882,1.94610026771142865232870252427700090709,2.12,1.68,4.5,1.31,106,25285.98,952.58
114774363,GB / Redc 30th Jul,TO BE PLACED,30-07-2014 14:40,6834834,Ely Valley,0,98.18404702848636,120.249520693776537051763994612572457143,1,200,90,95,95,0,267.28,4.18
114774377,GB / Leic 30th Jul,TO BE PLACED,30-07-2014 18:00,8587406,Aqlette,0,4.282546494595971,4.7471208220450536965971486544486609351,4.16776894148695467940697376315269751555,5.6,3.95,1,1001,11.02,3670.98,122.18
114774381,GB / Leic 30th Jul,TO BE PLACED,30-07-2014 19:05,2424988,Albaqaa,0,2.66,2.67179746942826473850258071904041747823,2.56277699374757335519579737283015283096,2.78,2.58,4,4,200.96,5870.74,1124.42
114774381,GB / Leic 30th Jul,TO BE PLACED,30-07-2014 19:05,3351441,Chapter And Verse,1,3.4,3.55178862009231685906773868918018058359,3.58199683118570718117755037300636040128,3.9,3.4,1.2,1.2,66,4092.72,2126.2
114774381,GB / Leic 30th Jul,TO BE PLACED,30-07-2014 19:05,4979111,Response,0,5.3045385851575695,5.38494419373432459573048895401544507474,2.95333331674150801826807847406026632084,6.4,4.9,660,5.5,40.1,4546.46,117.78
114774381,GB / Leic 30th Jul,TO BE PLACED,30-07-2014 19:05,6838612,Silver Dixie,1,2.2666300226286697,2.31330985385083148269340138020063908385,2.6313650888042453118765528404102670894,2.4,2.2,2.4,1.2,118.98,9129.64,1435.62
114774383,GB / Leic 30th Jul,TO BE PLACED,30-07-2014 19:40,8665841,Lopito De Vega,0,11.560970259790627,12.7097445048068339435237739957539800748,1,14,12,13,13,0,726.46,177.06
114774385,GB / Leic 30th Jul,TO BE PLACED,30-07-2014 20:10,6365398,Clock Opera,0,3.4755180158025905,3.36542578126199831616792620188134797432,3.86354504761069316276592984480656109576,3.55,2.94,1,1001,36.26,5350.36,44.12
114774391,GB / Perth 30th Jul,TO BE PLACED,30-07-2014 14:50,7792130,Shine A Diamond,0,4.109109366547271,4.20945081582434605389484135302238766182,3.91113914023850259295515694370058492787,4.6,4.2,4.1,4.1,101.88,2284.84,349.14
114774391,GB / Perth 30th Jul,TO BE PLACED,30-07-2014 14:50,5041168,Sleep In First,0,7.6,7.9692989037647456088925741087780190211,7.92224711028032066148125817458442241504,8.4,7.2,1,1001,73.88,2518.5,60.48
114774391,GB / Perth 30th Jul,TO BE PLACED,30-07-2014 14:50,4193321,Push Me,1,1.5901546687017047,1.71393526289568535995632956723146025902,1.8534653778278318063020332093808711704,1.88,1.64,1.5,1.37,1117.48,16215.98,3519.96
114774391,GB / Perth 30th Jul,TO BE PLACED,30-07-2014 14:50,7270439,The Village,0,11.5,12.3485168789764314447637107516886642586,7.57879706567939373050843849135278266688,16.5,10.5,1,1001,61.7,1094.16,18.4
114774399,GB / Perth 30th Jul,TO BE PLACED,30-07-2014 17:45,346337,Strobe,0,2.3,2.44589396646144536848434752074353138987,2.48255347916415896531546521924346344635,2.7,2.3,5,2.2,60.56,14222.52,1714.12
114774401,GB / Perth 30th Jul,TO BE PLACED,30-07-2014 18:20,1414114,Bow School,0,4.022479839434964,3.91776809166463568739252488337457846015,6.37149631595198253059860607247543134662,4.2,3.5,4.5,4,6.5,3509.76,760.42
114774395,GB / Perth 30th Jul,TO BE PLACED,30-07-2014 16:35,4073039,Super Collider,0,3.4876698918875815,3.61973380463313665515972528142471008796,3.22798710339263723222990927168547209503,3.85,3.45,7,3.7,23.54,4573.7,543.9
114774397,GB / Perth 30th Jul,TO BE PLACED,30-07-2014 17:10,5212531,Champagne Agent,1,2.8,2.97790479669368086311997575154516371972,4.22597179898155696102605686923461876459,3.4,2.72,1.36,1.36,87.3,5783.56,1841.4
114774397,GB / Perth 30th Jul,TO BE PLACED,30-07-2014 17:10,5973679,Mias Anthem,1,1.7,1.68099627777892098607048421204392681445,1.70856533202298642703403874531873405819,1.73,1.65,1.66,1.42,236.76,10636.44,1703.64
114774403,GB / Sand 30th Jul,TO BE PLACED,30-07-2014 17:50,6538504,Whos That Chick,1,1.64,1.5341720164870470271896451692768900167,1.60125043021186737270791491465377311699,1.67,1.52,1.42,1.42,344.92,26117.7,3287.04
114774405,GB / Sand 30th Jul,TO BE PLACED,30-07-2014 18:25,5586621,Purple n Gold,0,2.46,2.13480900608251982644642455132603506157,2.36637061930086089293826921852054185079,2.56,2,2.08,2.08,92.06,12827.8,396
114774411,GB / Sand 30th Jul,TO BE PLACED,30-07-2014 20:00,8001097,Special Miss,1,2.01290375,2.1926017345869085067951221719813349427,1,2.34,1.99,1.8,1.8,0,12576.98,1287.2
114774413,GB / Sand 30th Jul,TO BE PLACED,30-07-2014 20:35,7560121,Sebastian Beach,1,1.750377842,1.80801500186194069079776957180732939649,2.09210491665849241724388430888135050235,1.99,1.72,1.05,1.02,123.84,17751.36,2466.32
114774407,GB / Sand 30th Jul,TO BE PLACED,30-07-2014 18:55,8688415,Latharnach,1,1.0825457707276749,1.09209808434595564763501677259956426698,1.17843552097173659568639474674047122186,1.12,1.08,1.01,1.01,782.4,70508.5,1252.9
114774407,GB / Sand 30th Jul,TO BE PLACED,30-07-2014 18:55,8625240,Duc De Seville,0,7.340126890471582,6.53858087888618336999125905497205118472,3.17000680933990878268127008902404144365,7.8,6.2,1,1001,122,2833.92,100.2
114766288,GB / Good 30th Jul,TO BE PLACED,30-07-2014 14:30,8084333,Cloudscape,0,2.028414570894565,2.10412523217280753641744309946233648523,2.15397209255212187607383393518227331413,2.24,1.96,1,1001,4708.3,27577.2,844.16
114766288,GB / Good 30th Jul,TO BE PLACED,30-07-2014 14:30,7560122,Snow Sky,1,2.374223917512646,2.00095858766656773855041231771792668356,1.90017469463663200773662125859994342934,2.3,1.89,1.3,1.06,4538.02,45297.24,2822.76
114766294,GB / Good 30th Jul,TO BE PLACED,30-07-2014 16:15,8737102,Bright Flash,0,2.58,3.13162265997644188196541113954299065429,3.7224416723940520493028111663553357185,4.7,2.5,2.58,2.58,660.3,22142.66,200.44
114766298,GB / Good 30th Jul,TO BE PLACED,30-07-2014 17:25,6589820,Valais Girl,0,8.073091401,7.80327393193564824056764614717818203889,7.21040154195058589431356116721329234752,8.4,7.2,1,1001,202.4,2011.36,8.08
114766298,GB / Good 30th Jul,TO BE PLACED,30-07-2014 17:25,5486051,Gatepost,0,2.847384709,3.27866327055773202228866384720626946842,4.01971445125475521147253410832076461417,3.94,2.86,1,1001,210.5,9708.86,90.2
114766298,GB / Good 30th Jul,TO BE PLACED,30-07-2014 17:25,5714966,Oblitereight,0,4.9,4.65583952661837876279415928705542296222,4.17058766309162139756117705735187465941,5.3,3.67,1,1001,627.1,6486.58,191.1
114766292,GB / Good 30th Jul,TO BE PLACED,30-07-2014 15:40,8472216,Ahlan Emarati,0,1.898283007,1.84820923291319976376620247535872482708,1.86267324690580226405845298881865452555,2,1.88,1.74,1.74,801,22736.54,732.68
114774375,GB / Redc 30th Jul,TO BE PLACED,30-07-2014 18:10,4113886,Sophies Beau,0,3.55,2.70902939858740426179241820909003322072,1.9054684870522877880861232355025010368,3.8,2.98,3.25,1.59,78.62,7102.36,888.74
114774375,GB / Redc 30th Jul,TO BE PLACED,30-07-2014 18:10,6365548,Sutton Sid,1,2.0299714018875963,2.02232688094696475710687674494279090982,1,2.3,1.99,3.35,3.35,0,18059.62,341.2
114774367,GB / Redc 30th Jul,TO BE PLACED,30-07-2014 15:50,751446,Power Up,0,3.604163395616925,2.89027538074824286044375431413138365472,3.36801951966401474737170196780306300156,3.75,3.4,2.8,2.5,174.98,4427.16,429.3
114774371,GB / Redc 30th Jul,TO BE PLACED,30-07-2014 17:00,6716995,Spowarticus,0,13.5,12.9310395422490523337611085801139157961,10.0611671616819166821131534872742778751,15,11,4.5,4.5,18.14,1128.94,508.56
114774373,GB / Redc 30th Jul,TO BE PLACED,30-07-2014 17:35,2969636,Bonnie Charlie,0,2.18,2.12863301463190715784309534034574946102,2.25156828890310749280940598315723208435,2.27,1.99,1000,970,763.28,12809.86,13
114774373,GB / Redc 30th Jul,TO BE PLACED,30-07-2014 17:35,7246901,Secret Applause,0,2.7346726671497894,2.56730843857248300702279369451754312618,2.71990090671426126915738545875122013545,2.7,2.44,1,1001,62,6034.18,97.96
114774373,GB / Redc 30th Jul,TO BE PLACED,30-07-2014 17:35,7452808,Tell Me When,0,4.8,5.11282739551029496634364217299016204309,4.93169233319995026009699281086401881516,5.9,4.6,4.9,4.9,16,1444.62,58
114774361,GB / Redc 30th Jul,TO BE PLACED,30-07-2014 14:05,8639915,Oricano,0,9,8.91493952281544422734450772759641650367,4.7858683229585678594249915426784006624,10.22,6.45,1,1001,10.2,1036.78,.8
114774363,GB / Redc 30th Jul,TO BE PLACED,30-07-2014 14:40,8296063,Duelling Dragon,1,2.026248331,1.85020443877086432003178527351639020166,1.62719236418627388469060086463033207045,1.99,1.62,1.77,1.68,198,18249.86,2328.78
114774363,GB / Redc 30th Jul,TO BE PLACED,30-07-2014 14:40,7582764,Bonds Gift,0,7.6,5.91551663869750788749427020443569967552,3.56458265681498304076876454164263774151,7.4,4.9,1,1001,28.08,2076.3,19.46
114774377,GB / Leic 30th Jul,TO BE PLACED,30-07-2014 18:00,8625248,Prima Pagina,0,32,25.0458970745933187334325064070188033384,13.6712176883948945930187878020911046677,34,21,920,920,8,318.94,11.2
114774379,GB / Leic 30th Jul,TO BE PLACED,30-07-2014 18:30,7311492,Henke,1,2.8709795297405623,3.03639037172994084900031704853754517017,2.76625506825838510327115518608094473513,3.05,3,1,1001,6,1386.04,810.1
114774379,GB / Leic 30th Jul,TO BE PLACED,30-07-2014 18:30,7401208,Romantic Bliss,0,2.14,2.19171956945717286495695048757182974048,2.45972579754522188149842044879559611534,2.28,2.08,2.08,2.08,159.26,3147.82,268.02
114774383,GB / Leic 30th Jul,TO BE PLACED,30-07-2014 19:40,8680119,Rio Ronaldo,1,1.7939727228227644,1.90585477396905340928292559678662228114,2.10201073762949219236156149440502237039,2,1.76,1,1001,39.54,12154.98,552.92
114774383,GB / Leic 30th Jul,TO BE PLACED,30-07-2014 19:40,8685809,Red Unico,0,24,16.157651259274703227313821531193282724,3.99999124002557912530895409785403426622,24,13.5,1,1001,10,1132.62,100.52
114774385,GB / Leic 30th Jul,TO BE PLACED,30-07-2014 20:10,19808,Lucky Di,0,2.556949307,2.77493497368417682205381431251193278899,3.02953722530860630438234577676224132085,2.96,2.34,1,1001,23.5,10977.84,191.76
114774385,GB / Leic 30th Jul,TO BE PLACED,30-07-2014 20:10,5882931,Minty Jones,1,9.729609457528277,12.5449609876270988942005195390474881966,1,14.5,9.6,1,1001,0,1333.92,246.3
114774393,GB / Perth 30th Jul,TO BE PLACED,30-07-2014 15:25,3184763,Toledo Gold,0,2.58,2.66583572936150150640734693363760889009,1.81848467054216009200586644350568846236,2.94,2.3,2.82,2.82,293.44,7466.56,234.68
114774401,GB / Perth 30th Jul,TO BE PLACED,30-07-2014 18:20,7705512,Amilliontimes,0,2.92,3.18465766721844607697232820593598972375,3.55952236506841986517698572384955366158,3.7,2.9,1,1001,65.2,6803.54,320.48
114774395,GB / Perth 30th Jul,TO BE PLACED,30-07-2014 16:35,6461547,Mister Nibbles,1,1.683795982599115,1.71893167060788546550335177243028926759,1.97753185766481086813310695267439771888,1.82,1.62,1.74,1.01,117.24,27844.24,2861.94
114774395,GB / Perth 30th Jul,TO BE PLACED,30-07-2014 16:35,4166392,Cool Baranca,0,2.546638149,2.74861763503754617549685793463954813584,2.83804981564471039614904287176353097931,2.92,2.52,3.8,1.64,9.54,8830,2771.2
114774409,GB / Sand 30th Jul,TO BE PLACED,30-07-2014 19:30,8476946,Halation,1,1.3725185098747534,1.33800399817409613687907424237719948163,1.32114183944237866157620693653719582846,1.4,1.29,1.35,1.35,99.26,27044.6,1309.6
114766286,GB / Good 30th Jul,TO BE PLACED,30-07-2014 13:55,3153296,Sunny Future,0,14.864795730634064,10.8504844745188044421274717850092125888,12.3582424735787315202090271371639541551,18,13,1,1001,248.54,2701.74,38.92
114766286,GB / Good 30th Jul,TO BE PLACED,30-07-2014 13:55,4833045,Teak,1,10,8.04116793721612823849351215707813152142,13.2904082613009826964670309406248092081,13.5,10,1,1001,206.94,3855.6,1277.84
114766294,GB / Good 30th Jul,TO BE PLACED,30-07-2014 16:15,8665853,Moon River,0,7.6645369014426254,7.251040175963257991820953154980858706,7.98016914176659895657972096366542719023,9.4,6,4.9,4.5,51,3589.02,484.24
114766294,GB / Good 30th Jul,TO BE PLACED,30-07-2014 16:15,8737104,Inauguration,0,10,9.21378290927349342127443014645330951914,10.0177303388647243624360775149344790408,12,8,2.5,2.5,119.68,3103.1,253.92
114766296,GB / Good 30th Jul,TO BE PLACED,30-07-2014 16:50,6437569,Agent Allison,0,4.4,3.52288981260840690873249957736878125209,3.73507741738322586097726602053815319611,4.1,3.7,4.4,4.4,580.14,7706.92,235.46
114766296,GB / Good 30th Jul,TO BE PLACED,30-07-2014 16:50,8491122,Principle Equation,0,2.085633617479661,1.98924039224960382029710124420500749154,2.11233054033435814923236470848972626483,2.16,1.97,2.3,2.3,1520.94,30081.44,826.58
114766296,GB / Good 30th Jul,TO BE PLACED,30-07-2014 16:50,7572791,Uchenna,0,6.4,5.35535348965830505020148004194912387524,6.65427598461920013866658839567092845424,7.4,5.9,1,1001,131.1,4061.64,52.76
114766298,GB / Good 30th Jul,TO BE PLACED,30-07-2014 17:25,2835286,Accession,1,7.439031781650847,5.89667378696549304815780538377256501716,3.69944594109890519022519104290648388014,7,5,1,1001,451.58,3786.84,167.42
114766298,GB / Good 30th Jul,TO BE PLACED,30-07-2014 17:25,4282283,Kakatosi,0,6.6,5.22065864472520397811614883114774719686,4.80981382544927225211052327265238859785,5.8,4.2,5,4.3,155.24,4755.16,287.1
114766290,GB / Good 30th Jul,TO BE PLACED,30-07-2014 15:05,7374592,Outstrip,0,5.7,5.72101439010821699210289423524410641954,5.72906116083375021994938313708640242345,7.2,5.1,11,11,1493.24,15391.88,230.18
114766292,GB / Good 30th Jul,TO BE PLACED,30-07-2014 15:40,8556773,Tupi,1,2.4693024735839932,2.14290609802648901168548264165640988244,2.14958452903789246217000111225048317628,2.46,2.14,2.34,2.34,2049.7,19012.52,1064.26
114774375,GB / Redc 30th Jul,TO BE PLACED,30-07-2014 18:10,8086266,Echologic,0,32,24.0655186992953389248058952206348200243,1,36,14.5,1,1001,0,441.4,.04
114774365,GB / Redc 30th Jul,TO BE PLACED,30-07-2014 15:15,6400185,Mixed Message,1,1.5244059986309506,1.4910830034374045270896865464718687897,1.62215785922228295648800733625398996272,1.57,1.48,2,1.01,356.5,34422.12,3697.2
114774365,GB / Redc 30th Jul,TO BE PLACED,30-07-2014 15:15,4249343,Yorksters Prince,0,2.203256102757769,2.30768478215226735046390450559576493986,2.81891528603545224417767520466473433715,2.86,2.14,2.24,1.48,102,15025.98,1449.48
114774365,GB / Redc 30th Jul,TO BE PLACED,30-07-2014 15:15,3435457,Tenhoo,0,2.02,1.8272970973897653211819273867278809272,1.54918134104043634463429657421560544784,2.06,1.75,1,1001,409.54,17326.8,312.1
114774365,GB / Redc 30th Jul,TO BE PLACED,30-07-2014 15:15,4773258,Mcmonagle,1,12.058628372251478,9.28509741003067875122579391836779185173,1,20,12,1.6,1.05,0,1613.34,2356.96
114774367,GB / Redc 30th Jul,TO BE PLACED,30-07-2014 15:50,6757593,Jan De Heem,0,7.4,5.60280256006270736216334766952380233103,7.39662368091026321313951100680176208759,7.8,6.2,1,1001,34.52,2704.3,18.1
114774367,GB / Redc 30th Jul,TO BE PLACED,30-07-2014 15:50,7536939,Keep To The Beat,1,3.184502376,3.11038869150993109921843475356363932498,3.14694763590109800741272819890580918321,3.7,3.2,3.2,2,169.9,7700.3,1892.08
114774371,GB / Redc 30th Jul,TO BE PLACED,30-07-2014 17:00,7254815,Wolfwood,0,29,28.1842387223569311192767332169851659752,12.0984861268923413845732692834133957333,34,25,1,1001,20,321.96,1.2
114774363,GB / Redc 30th Jul,TO BE PLACED,30-07-2014 14:40,8536489,Wild Hill Boy,0,26.813093328645916,24.2936985453590417542731805041120448267,27.5740452924337120647999906628914233844,34,15.5,1,1001,14,1301.76,.66
114774363,GB / Redc 30th Jul,TO BE PLACED,30-07-2014 14:40,8737121,Highfield Lass,0,55,63.1332674402378851060785674265258521262,1,95,38,1,1001,0,198.22,.66
114774377,GB / Leic 30th Jul,TO BE PLACED,30-07-2014 18:00,8737108,Run By Faith,0,12,9.98236803254384058981248024591282227186,5.10252007262636589622422670779769315556,12,9.2,1,1001,77.7,1295.08,4
114774377,GB / Leic 30th Jul,TO BE PLACED,30-07-2014 18:00,8737110,Stellar Jet,0,5.957788649449649,5.98199123987244739053637995639671878665,4.56986262082236306798852294634066081392,6.2,5.9,1,1001,30,1198.44,64.66
114774385,GB / Leic 30th Jul,TO BE PLACED,30-07-2014 20:10,4643573,Chester Deelyte,0,20.24005513429183,19.3030211940215960715506141870846806249,1,23,9.4,530,530,0,1108.3,1.12
114774385,GB / Leic 30th Jul,TO BE PLACED,30-07-2014 20:10,8027182,Castorienta,1,2.04384542020536,2.22287242293602752354833480461877357487,2.56200026535982171737744694077957900643,2.42,2.04,3,3,76.86,19961.78,1758.04
114774387,GB / Leic 30th Jul,TO BE PLACED,30-07-2014 20:45,7821478,Essanar,0,10.01061009177938,9.23218474147320278051414654455484086792,1,11,9,660,660,0,1045.94,8.8
114774387,GB / Leic 30th Jul,TO BE PLACED,30-07-2014 20:45,8095372,La Napoule,0,7.8,7.02679344929154280279346995289814409617,3.27272161158434932625713277768744466946,7.6,6.6,1,1001,11,1242.9,16.2
114774387,GB / Leic 30th Jul,TO BE PLACED,30-07-2014 20:45,8207066,Arianrhod,0,8,8.4793759542598271983622557175249537278,6.99781079905834370454784003838598911397,9.4,8,8.6,8.6,.12,1938.26,55.96
114774399,GB / Perth 30th Jul,TO BE PLACED,30-07-2014 17:45,7230845,Ainsi Fideles,1,1.2623612583855404,1.17603955829582068091322288920031354809,1.14726290387994078919055753161641335239,1.22,1.14,1.2,1.07,745.04,39198.32,10938.82
114774401,GB / Perth 30th Jul,TO BE PLACED,30-07-2014 18:20,5099547,Five Rivers,0,2.66,2.619355914183597486571270868646367454,2.30930747814643917847381666524938397586,2.8,2.48,3.1,3.1,64.8,4948.6,629.64
114774395,GB / Perth 30th Jul,TO BE PLACED,30-07-2014 16:35,5637013,Satanic Beat,1,2.26,2.08915615631998285387998703901357436276,2.32932119086724346629558774981894081756,2.26,1.93,2,1.6,67.96,9196.38,3453.8
114774395,GB / Perth 30th Jul,TO BE PLACED,30-07-2014 16:35,5709705,Kie,0,3.45,3.23958956078350925621046888785723142841,2.43977972854023795817829324827818097563,3.55,3,1,1001,225.68,7327.32,178.5
114774397,GB / Perth 30th Jul,TO BE PLACED,30-07-2014 17:10,3169757,Cool Star,0,1.582045313420858,1.57430475941773057046610759595250660509,1.60535494782850687450811670106656492274,1.66,1.52,1.33,1.33,130,9846.66,935.36
114774403,GB / Sand 30th Jul,TO BE PLACED,30-07-2014 17:50,3382180,Supa Seeker,0,9.240551528135546,7.1226499367631514017682949944817189021,1,12,9.6,950,5,0,1588.52,619.02
114774405,GB / Sand 30th Jul,TO BE PLACED,30-07-2014 18:25,5696573,Taro Tywod,0,5.4,4.31633390387689876782193636368914509274,3.89022813590816439875165604391935047323,5.7,5.1,1,1001,78.5,2022.06,76.86
114774405,GB / Sand 30th Jul,TO BE PLACED,30-07-2014 18:25,6055615,Play Street,1,2.7,2.57198603997841658815042216258961730123,3.12431151062190755088705186722064314892,3.5,2.68,1.6,1.6,8,4688.76,1332.82
114774409,GB / Sand 30th Jul,TO BE PLACED,30-07-2014 19:30,7536944,Biotic,0,1.731033073264116,1.70789983434642629943619596216088425029,1.6287777052212936784450763280379777036,1.76,1.65,1.74,1.44,160.92,13728.02,1112.64
114774409,GB / Sand 30th Jul,TO BE PLACED,30-07-2014 19:30,7546028,Master The World,1,1.5861245784642966,1.56716610855675499733447104045491035288,1.84476924128329829371784493062708903745,1.65,1.5,1.4,1.15,200.3,21561.42,1914.66
114774411,GB / Sand 30th Jul,TO BE PLACED,30-07-2014 20:00,7629107,Dianora,1,3.587087426,3.18738216233190421807243346187767641191,2.03691904889138699884281218753727148983,3.8,2.86,1,1001,26,8773.42,981.66
114766286,GB / Good 30th Jul,TO BE PLACED,30-07-2014 13:55,5829386,Solar View,0,4.1,2.94741876208842300782475006738427333821,3.44671917606482645778852576421546257895,4.3,3.43,4.1,3.75,866.92,8976.36,336.62
114766286,GB / Good 30th Jul,TO BE PLACED,30-07-2014 13:55,7534075,Maid In Rio,0,1.536964180389241,1.41991273077598821270176864052152389062,1.42566128904719439409042154791778891258,1.59,1.35,1.56,1.2,9756.06,76715.3,11477.9
114766294,GB / Good 30th Jul,TO BE PLACED,30-07-2014 16:15,8648362,Shahah,1,1.3834100211899203,1.43957980222962678433093124743428480457,1.38022479359921417446229598118585970467,1.57,1.35,1,1001,877.76,42415.98,1454.96
114766296,GB / Good 30th Jul,TO BE PLACED,30-07-2014 16:50,7853152,Saltwater Creek,0,4.560915471700717,5.08695488972619500132971749207287964214,6.50424387829337475264470574200508442783,7.2,4.5,1,1001,80.66,5027.88,30.4
114766290,GB / Good 30th Jul,TO BE PLACED,30-07-2014 15:05,6442314,Toronado,1,1.28,1.28108270828686826151874967666548417688,1.19877686508233337094476932899866026743,1.32,1.14,1.27,1.18,11697.52,114683.24,6186.74
114766292,GB / Good 30th Jul,TO BE PLACED,30-07-2014 15:40,8599302,Room Key,1,5.8,5.94385237493005389414586889091807948232,7.98778820002630021841689000147895331394,8,5.4,1,1001,343.34,12472.66,237.74
114774375,GB / Redc 30th Jul,TO BE PLACED,30-07-2014 18:10,5924226,Sky Crossing,1,3.4,2.95936606526635181832671360346380505787,5.4179755701178584830628274960661260474,3.45,3.3,1,1001,67.48,2858.4,1206.24
114774375,GB / Redc 30th Jul,TO BE PLACED,30-07-2014 18:10,4227355,Thrust Control,0,2.82,2.54170242083298257783345388417133364591,1,2.82,2.68,2.7,2.7,0,5806.3,133.6
114774375,GB / Redc 30th Jul,TO BE PLACED,30-07-2014 18:10,1485743,Gifted Heir,0,66.157089993,35.9653415209850116600866807396520202134,1,60,40,1,1001,0,174.28,8.44
114774365,GB / Redc 30th Jul,TO BE PLACED,30-07-2014 15:15,4007504,Lucky Windmill,0,5.4,4.66318256400050628735660715174604756072,8.31849993185202492607426182198055793297,6.4,5.8,900,900,18.9,2187.88,11.8
114774367,GB / Redc 30th Jul,TO BE PLACED,30-07-2014 15:50,5544940,The Firm,1,2.078617928500025,1.85546920447673592274429263415896092918,2.12828368416578284532618996999646526009,2.34,1.8,1.85,1.03,110,24415.08,2794.84
114774369,GB / Redc 30th Jul,TO BE PLACED,30-07-2014 16:25,8530894,Jailawi,1,1.909895766,1.90914715888129562971708847675321679364,1.97146040097043763953893883628233296725,2.1,1.85,1,1001,77.32,10558.52,1848.88
114774371,GB / Redc 30th Jul,TO BE PLACED,30-07-2014 17:00,7604775,Stroll On,0,3.75,3.48731500415707819020520781887039360462,3.77077840378247949982491124442049739225,3.9,3.25,3.65,3.65,145.24,3530.34,115.2
114774371,GB / Redc 30th Jul,TO BE PLACED,30-07-2014 17:00,5589682,Graceful Act,0,7.8,7.81392817965295101734736874933076951939,8.4269045188562499701179718900855841487,9,6.8,23,4.4,11.88,1795.14,238.28
114774361,GB / Redc 30th Jul,TO BE PLACED,30-07-2014 14:05,8460399,Little Sista,0,2.1,2.14268155039825982204334588960855947524,1.86504476828635363702225969404686745682,2.28,2.09,1.19,1.19,129.1,14732.38,855.2
114774361,GB / Redc 30th Jul,TO BE PLACED,30-07-2014 14:05,8552002,Crosse Fire,0,2.6013174614308494,2.15088597967623381914521588638934312826,2.85963317457155360526200050947327766534,2.52,1.98,1,1001,64.26,10265.34,234.74
114774361,GB / Redc 30th Jul,TO BE PLACED,30-07-2014 14:05,8611924,What Usain,0,17.88608168035978,17.7898411300969702211142111696570267166,7.13249660291600860740065402048635828232,29.06,12,820,820,11,452.2,.8
114774361,GB / Redc 30th Jul,TO BE PLACED,30-07-2014 14:05,8737114,Rahmah,1,9.861797782608503,7.81148176849115637005273736059223262242,1,8.62,7.25,1.05,1.05,0,867.68,1285.12
114774363,GB / Redc 30th Jul,TO BE PLACED,30-07-2014 14:40,8737119,Byronaissance,0,18.495998911,17.8089888660565992679427024488554428436,10.5286142955849832718570950345472474338,23,10,1,1001,123.7,1041.52,4.66
114774363,GB / Redc 30th Jul,TO BE PLACED,30-07-2014 14:40,8737120,Ribblehead,1,3.5,3.68507790210087026080287654146293099306,6.90865190726155608449461581927262605338,5,3.25,1,1001,72.52,6052.2,1129.14
114774377,GB / Leic 30th Jul,TO BE PLACED,30-07-2014 18:00,8642552,Piping Dream,0,15.661982101,16.6506228119502092076817495292394203519,9.79994825630425293099276576253731628058,23,14,1,1001,5,820.52,4
114774383,GB / Leic 30th Jul,TO BE PLACED,30-07-2014 19:40,8565300,Speedy Move,1,1.785975928562693,1.71160217904205935128846167214760571284,1.67832211147834195472717612010835520525,1.82,1.62,1.74,1.74,24,16525.8,1224.44
114774383,GB / Leic 30th Jul,TO BE PLACED,30-07-2014 19:40,8652138,Total Demolition,0,12,12.1676577498847825578135794170156525118,1,13.5,10,1,1001,0,1077.94,.06
114774383,GB / Leic 30th Jul,TO BE PLACED,30-07-2014 19:40,8652735,Creative Genius,0,10.5,6.28304336495688152878391050869811650012,4.53419102315480118680498551533679104455,9,4.3,1,1001,20,1921.28,61.12
114774385,GB / Leic 30th Jul,TO BE PLACED,30-07-2014 20:10,8491112,Sleep Walk,1,1.39,1.24675074975311754609140406189762663836,1.18679764419143567889764767786409554095,1.41,1.18,1,1001,376.62,63178.72,1606.04
114774389,GB / Perth 30th Jul,TO BE PLACED,30-07-2014 14:15,7051586,Bellgrove,1,1.5648056875125262,1.53179510664267712040950158590511971302,1.73247697158324054181319449064208467691,1.56,1.5,3.2,1.03,241.24,12372.46,3145.52
114774391,GB / Perth 30th Jul,TO BE PLACED,30-07-2014 14:50,3270029,Money Money Money,0,1.48,1.57908585355279892262343910229824250438,1.70762840490905908403607740895374587822,1.73,1.44,5,1.42,747.82,26650.66,4069.4
114774391,GB / Perth 30th Jul,TO BE PLACED,30-07-2014 14:50,4246524,Dynamic Drive,1,3.108496487,2.96362168216599485758804813315259943895,2.84471618763595380158958529410593897665,3.2,2.7,1.6,1.6,220.26,7329.6,1616.42
114774391,GB / Perth 30th Jul,TO BE PLACED,30-07-2014 14:50,7054107,Flogarose,0,4.8,4.15180658877146149893474891854178378074,4.30724936278275687379066355050095390225,4.6,3.3,1,1001,57.08,2887,190.7
114774393,GB / Perth 30th Jul,TO BE PLACED,30-07-2014 15:25,2685783,Koh Samui,0,2.48,2.42425025857356137744174663787337632585,2.35674684993443101972775457368650618512,2.54,2.24,1,1001,18.78,5648,190.28
114774401,GB / Perth 30th Jul,TO BE PLACED,30-07-2014 18:20,5275912,Civil Unrest,1,1.7532399375430394,1.77110187071776144259754722307687740543,1.67201775739233696523895745756090726012,1.87,1.71,1.39,1.39,249.94,15854.36,1457.22
114774401,GB / Perth 30th Jul,TO BE PLACED,30-07-2014 18:20,2763312,Benmadigan,1,1.9698971957554017,1.9882758500899202137286485691196063415,1.8837948360547975511185080281164413739,2.14,1.92,1.88,1.1,516.36,14112.92,2260.02
114774403,GB / Sand 30th Jul,TO BE PLACED,30-07-2014 17:50,6846738,Celestial Bay,0,7.540466411448724,5.60332114979192812339309925735479977786,5.89944904572992440878614862405430983518,14.5,8.6,1,1001,4,2393.68,506.78
114774403,GB / Sand 30th Jul,TO BE PLACED,30-07-2014 17:50,6437576,Overrider,0,9.608063155347484,6.22642071350558157730009331643514231305,4.76938619349918922380528075005715864979,8.8,5.9,2.16,2.02,98,1823.1,661.9
114774407,GB / Sand 30th Jul,TO BE PLACED,30-07-2014 18:55,8737124,Elm Park,1,2.4,2.29055915557145196112131731828445099101,2.57310039618085186217546987483876173381,2.5,1.94,1.01,1.01,287.44,16588.32,2365.16
114766286,GB / Good 30th Jul,TO BE PLACED,30-07-2014 13:55,4720703,Lieutenant Miller,0,2.823268021879448,2.7220958087499580526053357788242903166,3.02333875139936334916937837779801628976,3.15,2.72,3.8,2.04,5298.5,28298.42,2429.86
114766286,GB / Good 30th Jul,TO BE PLACED,30-07-2014 13:55,3534707,Stopped Out,0,7.2088430638714645,5.46763942412974747002146398885589217908,7.39432062990401440492269515268830292087,9,7,50,7.8,410.62,6101.18,137.22
114766286,GB / Good 30th Jul,TO BE PLACED,30-07-2014 13:55,6587011,Longshadow,1,3.869679589224161,3.62600109048292283854484871538121138888,4.27794238272951067704694170904307366881,4.5,3.8,5,1.6,1431.98,21320.22,2047
114766288,GB / Good 30th Jul,TO BE PLACED,30-07-2014 14:30,7648873,Windshear,1,2.696805494,2.72207226741504812826850491994596401657,2.95541257881194468306163548715463100672,2.84,2.58,3.3,2.58,1278.52,15620.2,1361.26
114766294,GB / Good 30th Jul,TO BE PLACED,30-07-2014 16:15,8648370,Hundi,1,1.7753529618832133,1.77956167095440617844010320086195464092,1.82008111255694765838227797694543519522,1.83,1.72,1.75,1.75,557.88,27299.04,2506.56
114766294,GB / Good 30th Jul,TO BE PLACED,30-07-2014 16:15,8737105,Touchline,0,2.2830707511448423,2.0123448902795359782105184077795288075,1.82390026941288350410792187430489905983,2.26,1.62,2.66,2.66,467.94,21519.5,476.94
114766296,GB / Good 30th Jul,TO BE PLACED,30-07-2014 16:50,8603852,Patterned,1,2.986194027661041,2.31416250572135936950780578403071588894,2.27367017611428392243975261857607049589,3,2.26,2.96,2.3,527.66,17919.5,2041.5
114766298,GB / Good 30th Jul,TO BE PLACED,30-07-2014 17:25,3804145,Corporal Maddox,0,6.855723981,7.87566081936341457896663257607287955504,6.76352687094629305041324774397516588398,9.2,6.69,1,1001,219.34,3185.6,4.02
114766292,GB / Good 30th Jul,TO BE PLACED,30-07-2014 15:40,8472202,Dr No,0,2.24,2.22507834897288307467754641703749404383,2.32529454395988017851692374781662205777,2.44,2.14,1,1001,1552.58,23453.04,327.6
114766292,GB / Good 30th Jul,TO BE PLACED,30-07-2014 15:40,8603830,Chadic,0,5.3,4.75167608786939549174274636281391560411,5.22033575486122450198558801502687328716,5.5,4.8,5.2,5.2,387.28,7219.08,212.16
114774375,GB / Redc 30th Jul,TO BE PLACED,30-07-2014 18:10,8095375,Acton Gold,1,6.2,5.29949558027343457188775477587298998952,1,6.8,5.5,1,1001,0,1773.22,857.98
114774367,GB / Redc 30th Jul,TO BE PLACED,30-07-2014 15:50,5759604,Lord Franklin,0,1.977232275,1.78904890358764019698877205821491242869,2.20135499216201643083543182979004944304,2.04,1.75,3,3,570.6,27416.62,520.06
114774369,GB / Redc 30th Jul,TO BE PLACED,30-07-2014 16:25,7615288,Mayfield Boy,0,3.3,3.1690879059270305590551796190688129566,3.49285319920218180284845617368141640922,3.45,3.05,1,1001,131.44,5516.14,96.8
114774371,GB / Redc 30th Jul,TO BE PLACED,30-07-2014 17:00,7179168,Penina,0,3.2538174046934,3.25352638612566120688413842320630524185,2.55996968326842126274744774379892939889,3.65,3.15,1.68,1.68,18,7346.68,366.7
114774371,GB / Redc 30th Jul,TO BE PLACED,30-07-2014 17:00,7730352,Foxtrot Pearl,0,3.8193924695375614,3.56464743951684806770433400785838300183,4.33638094785474702531806881527642489713,4.1,2.92,3.55,3.55,182.64,8301.78,225.2
114774371,GB / Redc 30th Jul,TO BE PLACED,30-07-2014 17:00,1313176,Red Cape,1,3.150760795,2.87775369579238541600710753813991617578,2.40770996406339639706731018968027243699,3.25,2.44,3.1,1.01,434.98,13704.64,2487.58
114774371,GB / Redc 30th Jul,TO BE PLACED,30-07-2014 17:00,5449835,Red Shadow,1,5.7,6.31815399007369243046988839199404918289,6.71314455311677989458399391602203527633,7.2,5,1.01,1.01,71.48,2438.28,1642.98
114774373,GB / Redc 30th Jul,TO BE PLACED,30-07-2014 17:35,8603851,Wimboldsley,1,12,14.2291673979563966358008691555785465306,9.7490252809870106014981600454897128124,17,9.6,4,4,8.14,889.98,743.12
114774373,GB / Redc 30th Jul,TO BE PLACED,30-07-2014 17:35,6451896,Pink Cadillac,0,35.93223755877465,27.6775772962905559739744502467355454206,1,30,27,1,1001,0,248.56,0
114774373,GB / Redc 30th Jul,TO BE PLACED,30-07-2014 17:35,7149296,Silver Lightening,0,6.8,7.19182328160195667028096968321777370735,5.54990181017674168186497264304924251136,8.2,6.4,1,1001,20,1314.02,0
114774363,GB / Redc 30th Jul,TO BE PLACED,30-07-2014 14:40,1104514,Blue Army,0,1.65,1.64005094201286016122352436875080279598,1.43281614387715211015228004506549118592,1.78,1.43,1.65,1.31,548.8,40675.06,1888.64
114774377,GB / Leic 30th Jul,TO BE PLACED,30-07-2014 18:00,8722824,The Other Lady,0,75,59.4690564597923796730507989498596111374,1,75,50,950,950,0,150.68,1.2
114774379,GB / Leic 30th Jul,TO BE PLACED,30-07-2014 18:30,8628329,Tasaaboq,0,1.7452658352703656,1.67756113814038603094539038954759833751,1.63531306468527317288495552184537611346,1.77,1.56,1.86,1.46,378.68,8557,1981.38
114774379,GB / Leic 30th Jul,TO BE PLACED,30-07-2014 18:30,8575984,Beauchamp Kite,0,23,17.2800567316228380244782437799151752005,2.99999736000348479540007007190750508209,20,17,1,1001,10,196.6,31.94
114774385,GB / Leic 30th Jul,TO BE PLACED,30-07-2014 20:10,4657584,Euroquip Boy,0,2.798442782622188,2.99339693526837962673577820338558584403,2.97882233788691491829649099462001209809,3.2,2.82,1,1001,27.06,10776.52,90.14
114774385,GB / Leic 30th Jul,TO BE PLACED,30-07-2014 20:10,7380171,Ayas Gift,0,4.939763257377781,4.89149665930078640742859755730491814051,3.90719784319444914002935306075103912333,5.7,3.25,1,1001,24,7653.14,74
114774385,GB / Leic 30th Jul,TO BE PLACED,30-07-2014 20:10,7566288,Shilla,0,3.250914174177889,2.98148837440603467655523079534613328494,3.16072276416302123562709645338690666787,3.25,2.78,3.35,3.35,178.66,11907.32,91.14
114774387,GB / Leic 30th Jul,TO BE PLACED,30-07-2014 20:45,8234425,No Refund,0,6.13804613071159,6.78995177948932265087925638424158558118,5.62572950355425057405242849378649698926,7.4,6.2,1,1001,34.5,3152.1,113.28
114774389,GB / Perth 30th Jul,TO BE PLACED,30-07-2014 14:15,8524057,Roll of Thunder,0,40,40.84715649382462248816951382283111881,20.3333039599634857014875742286537798107,50,22,55,36,51.92,799.5,127.04
114774397,GB / Perth 30th Jul,TO BE PLACED,30-07-2014 17:10,6918043,St Gregory,0,1.5685850621848931,1.43750711964512261382426140749623058692,1.32300058334414056419735286835745052231,1.5,1.35,1000,1.66,1046.58,27792.8,2951
114774403,GB / Sand 30th Jul,TO BE PLACED,30-07-2014 17:50,4736397,Byrd In Hand,0,3,2.74533015721218360555066993303204847964,2.82465975096945701437635205623634813337,3.25,2.88,1,1001,138,9015.18,178.06
114774403,GB / Sand 30th Jul,TO BE PLACED,30-07-2014 17:50,4844414,Appyjack,0,5.267883959448662,3.84276405437906578590352331032346709754,3.64260291469247934917589846141960458578,5.6,5.1,5,5,28,2660.2,211.2
114774403,GB / Sand 30th Jul,TO BE PLACED,30-07-2014 17:50,5603818,Polydamos,1,2.959847891741193,2.55462566349588557325559987333859345194,4.33767987164973347236288270445186759876,3.25,2.9,1,1001,70.96,7074.54,968.2
114774403,GB / Sand 30th Jul,TO BE PLACED,30-07-2014 17:50,6461389,Mitchell,0,3.2,3.08333500814748639655586168361466281248,3.89638464598406449270773954183493859056,3.95,3.2,1,1001,19.4,5351.34,84.1
114774409,GB / Sand 30th Jul,TO BE PLACED,30-07-2014 19:30,7578916,Zerfaal,0,2.22,2.35675094583915380853352171455205787506,2.24972039641114990593029484771252822285,2.6,2.22,760,2.3,39.04,9584.14,569.98
114774409,GB / Sand 30th Jul,TO BE PLACED,30-07-2014 19:30,8145912,Bowie Boy,1,3.6059734972026494,3.82569359391088818630107757705994214555,3.00578963455434753987090492024897054529,4.2,3.45,3.5,3.5,60.74,4999.12,923.52
114774407,GB / Sand 30th Jul,TO BE PLACED,30-07-2014 18:55,8642446,Tom Hark,1,1.323447754,1.36664191406350271154165771488419824997,1.52425623190716538532443784535204109596,1.47,1.31,1,1001,74.5,43039.78,1537.62
114774407,GB / Sand 30th Jul,TO BE PLACED,30-07-2014 18:55,8737126,Memories Galore,0,9.047212338378907,9.20415159112840175197655013117401934534,1,10,7.4,900,5.5,0,3333.84,119.2
114766286,GB / Good 30th Jul,TO BE PLACED,30-07-2014 13:55,6905098,Ray Ward,1,2.26,2.28412044635203158746404474111089217975,2.45996277549576657448680239560795648191,2.54,2.24,2.3,1.01,7750.66,40493.36,3658.8
114766288,GB / Good 30th Jul,TO BE PLACED,30-07-2014 14:30,7344940,Somewhat,1,1.917126405722097,1.88412826713833626611103757996911687795,1.78734402574052677612787516010875096783,1.99,1.76,1.7,1.01,7758.14,47783.82,5508.78
114766288,GB / Good 30th Jul,TO BE PLACED,30-07-2014 14:30,7648872,Scotland,0,3.2343304375352817,3.08378285074494538666996934339701994066,2.66249663894779075962087277585380543048,3.5,2.54,1,1001,2665.7,18313,922.96
114766294,GB / Good 30th Jul,TO BE PLACED,30-07-2014 16:15,8565280,Royal Razalma,1,3.176445129,3.16344788753777703287101777606181859908,4.06437410998047595768164856823509081882,3.4,2.9,2.16,2.16,276.88,15334.62,1031.82
114766298,GB / Good 30th Jul,TO BE PLACED,30-07-2014 17:25,6309089,Lulu The Zulu,1,2.258993746483757,2.41030596159619287050364333990143791272,2.53323072018733240818827989609195997282,2.62,2.3,1,1001,576.22,10318.72,852.74
114766298,GB / Good 30th Jul,TO BE PLACED,30-07-2014 17:25,6684102,Bluegrass Blues,0,5.282444852368019,4.34026663094524376238585483673001233694,3.35832360915730691520690384155958116672,5.3,3.85,1,1001,841.56,4201.46,70.56
114774375,GB / Redc 30th Jul,TO BE PLACED,30-07-2014 18:10,2188278,Jewelled Dagger,0,5.1,3.38843658413524748198163655569068673271,4.70275171061865907799761345812059486794,1,1001,1,1001,70.84,3513.22,1.2
114774375,GB / Redc 30th Jul,TO BE PLACED,30-07-2014 18:10,4820153,Al Furat,0,2.44,2.32493027236554509387238683685707902446,3.34764705603620715681622336230781363279,2.74,2.38,1,1001,26,6394.36,192.26
114774375,GB / Redc 30th Jul,TO BE PLACED,30-07-2014 18:10,5609923,The Blue Banana,0,2.1,2.05292989154458407162765467523396010749,2.77500174910860276033874537413926246356,2.2,2.02,2.08,2.08,140.4,8946.8,251.3
114774369,GB / Redc 30th Jul,TO BE PLACED,30-07-2014 16:25,7381439,Jacbequick,0,1.926767842,2.08708321989994781116546122922483405809,1.97883719592320070067987203592374582025,2.22,2,990,990,19.68,11058.12,229.28
114774371,GB / Redc 30th Jul,TO BE PLACED,30-07-2014 17:00,5595057,Sunny Side Up,0,2.3477821408137833,2.29622249307493026701923538923563533541,2.52797017495312172355758039994777818057,2.54,2,1.79,1.79,412.9,30505.92,1044.16
114774371,GB / Redc 30th Jul,TO BE PLACED,30-07-2014 17:00,5551875,Spoken Words,0,6.367778394815395,7.09639365510421569039965632039109278047,1,7.8,6.2,1,1001,0,2137.06,55.96
114774361,GB / Redc 30th Jul,TO BE PLACED,30-07-2014 14:05,8642567,Sovereign Bounty,1,3.55,3.43440710933950522903849874897779251942,4.90846052454870205810921309694772082802,4.05,3.16,3.85,3.85,6,5533.94,817.22
114774361,GB / Redc 30th Jul,TO BE PLACED,30-07-2014 14:05,8737112,Crikey,0,1.9978319423118478,2.02228240323661343736402056561886449551,1.73023837301983328714979695660881471347,2.28,1.69,1.76,1.76,109.44,23973,764.18
114774361,GB / Redc 30th Jul,TO BE PLACED,30-07-2014 14:05,8737117,Ventura Canyon,0,2.87835029876327,3.39783011348198130247081574622019268411,1,4.05,2.56,1,1001,0,3799.26,8.24
114774361,GB / Redc 30th Jul,TO BE PLACED,30-07-2014 14:05,8560720,Savannah Beau,1,12.14973642383935,15.4406115603674252661637035798525583434,11.8985808526731223061644174937420398653,18.63,13.83,1,1001,44,617.3,1255.44
114774363,GB / Redc 30th Jul,TO BE PLACED,30-07-2014 14:40,7596827,Abbotsfield,1,6.2,10.0422880975962118120144795957021264882,11.9269857220719898259332941138290245967,28,5.9,1.4,1.02,60,3045.36,2310.5
114774363,GB / Redc 30th Jul,TO BE PLACED,30-07-2014 14:40,7668060,Sweet Lily Pea,0,7.927425799848571,7.96406771079495150983769791317410305986,8.00521952547050124952448189123827076654,9,5.9,1,1001,152.42,4718.06,8.66
114774363,GB / Redc 30th Jul,TO BE PLACED,30-07-2014 14:40,8737122,Soviet Union,0,12.926645560839676,11.520626690156427910282714399023887953,1,13.5,6.8,1,1001,0,1161.76,.66
114774377,GB / Leic 30th Jul,TO BE PLACED,30-07-2014 18:00,8515499,Primrose Valley,1,2.878069741132494,3.15835932754948516066834370310294138592,4.02436472919838150208304488363687071757,4.1,2.86,1,1001,154.92,13633.7,1419.64
114774377,GB / Leic 30th Jul,TO BE PLACED,30-07-2014 18:00,8692846,Stroll Patrol,1,1.4598229863830783,1.44879207078387704808909954989191200248,1.42582166636941280443167221155220148076,1.53,1.35,1.42,1.42,135.24,38038.56,1274.78
114774377,GB / Leic 30th Jul,TO BE PLACED,30-07-2014 18:00,8698317,Some Show,1,12.580827291,12.4499743260390144301274395985446876198,13.9999343851892230196945378193674732241,46,10,1,1001,6.34,996.94,0
114774381,GB / Leic 30th Jul,TO BE PLACED,30-07-2014 19:05,8298630,Watersmeet,0,1.310057884790094,1.37474675650831799604041412363436662326,1.45498421051072661307964557321595830637,1.46,1.32,1,1001,327.42,26233.52,763.78
114774383,GB / Leic 30th Jul,TO BE PLACED,30-07-2014 19:40,8737111,Red Majesty,0,2.897643203335519,2.70318701510504875608632761406746856276,1,2.84,2.58,860,860,0,8828.02,20.6
114774385,GB / Leic 30th Jul,TO BE PLACED,30-07-2014 20:10,1500161,Divertimenti,0,8.401488250845576,8.19699062136562415827250406906327363449,4.70781145109593208126365305667065581562,9,7.4,7.8,7.8,21.22,2512.4,97.46
114774391,GB / Perth 30th Jul,TO BE PLACED,30-07-2014 14:50,2569763,Endeavor,0,3.1,2.79487711892658636936030797847314033581,2.94169424747568842193314084999178226027,3.1,2.54,2.7,2.26,458.02,7342.1,486.36
114774391,GB / Perth 30th Jul,TO BE PLACED,30-07-2014 14:50,6643183,Winter Music,0,7,6.40903633689481254142946012220247121301,3.17211862109722361727303037575458739443,7.4,6.4,7.2,7.2,163.18,1434.42,203.1
114774399,GB / Perth 30th Jul,TO BE PLACED,30-07-2014 17:45,4593483,Harrys Whim,1,1.354876096779953,1.37589767579028819641609936876743751689,1.35112307968909911002718162182160394633,1.41,1.33,1.3,1.02,160.24,15847.78,4718.94
114774397,GB / Perth 30th Jul,TO BE PLACED,30-07-2014 17:10,3544585,Knight Woodsman,0,2.2967163311262997,2.55940836829406899526130805350284207929,2.76999241078673028594695830005309893434,3,2.36,2.52,2.52,14.32,7447.48,679.5
114774405,GB / Sand 30th Jul,TO BE PLACED,30-07-2014 18:25,3893839,Ashkalara,1,4.97487502,3.97722045764809150946541507343511762332,3.67126466509227445941237265332637994012,5,4.3,5,5,84.12,5216.92,865.36
114774405,GB / Sand 30th Jul,TO BE PLACED,30-07-2014 18:25,7575276,Cataria Girl,0,2.38,2.23205970337320021000687088894532017377,2.25267762556733205094161391986440316128,2.5,2.22,2.12,2.12,14,11525.12,661.2
114774411,GB / Sand 30th Jul,TO BE PLACED,30-07-2014 20:00,298789,Petticoat Lane,0,2.008762569171049,1.8755061216087620153196802556447677206,1.73607986502938242956708291021464730797,2.04,1.73,2.14,1.12,134.88,28689.42,1427.82
114774411,GB / Sand 30th Jul,TO BE PLACED,30-07-2014 20:00,7734099,Song of Norway,0,2.499825906363258,2.40676698281141074194360879109789477065,2.67540375623193655510003290955293866092,2.52,2.36,1,1001,78.54,9705.6,148.88
114774413,GB / Sand 30th Jul,TO BE PLACED,30-07-2014 20:35,7437575,Cosette,1,2.00100963046899,2.00951536385768010944456963771371175374,1.78245696561036604872718085974178950481,2.12,1.95,2.32,1.66,98.86,13632.22,1182.64
114774413,GB / Sand 30th Jul,TO BE PLACED,30-07-2014 20:35,7455850,Frederic Chopin,0,2.8503656732327327,2.69089680260973854823161925899858098334,2.53068510580572957974669055533224407931,2.96,2.46,2.7,1.91,52,12035.44,1105.64
114774413,GB / Sand 30th Jul,TO BE PLACED,30-07-2014 20:35,7697038,Taws,1,2.16,2.00528825473021175634240403176883182411,1.74817361155342446408275864841362115069,2.2,1.94,2,1.62,228.26,18005.14,1274.56
114774413,GB / Sand 30th Jul,TO BE PLACED,30-07-2014 20:35,7712758,Ujagar,0,4.340871616129297,3.85473377705355291256033616404641290368,4.17893212979902879073531780096494939833,4.3,3.35,1,1001,4,5468.52,59.34
114774413,GB / Sand 30th Jul,TO BE PLACED,30-07-2014 20:35,7817199,Spectator,0,1.56,1.52702129037921509264391706203340403567,1.57567879983857161359963720599659790203,1.58,1.44,1.6,1.6,102.08,21922.62,1043.3
114774407,GB / Sand 30th Jul,TO BE PLACED,30-07-2014 18:55,8737125,Master Zephyr,0,7.2869725231784095,8.10840487131737784810758328634623244112,2.72915325536462746619342349586270067828,9.2,6.6,1,1001,25.16,2640.26,24.68
