EVENT_ID,MENU_HINT,EVENT_NAME,EVENT_DT,SELECTION_ID,SELECTION_NAME,WIN_LOSE,BSP,PPWAP,MORNINGWAP,PPMAX,PPMIN,IPMAX,IPMIN,MORNINGTRADEDVOL,PPTRADEDVOL,IPTRADEDVOL
208886616,USA / Aqueduct (US) 20th Jan,R6 7f Claim,20-01-2023 20:18,36326905,Simple Sugar,1,5.781546934206853,3.50334793962517295832374401673871542167,1,6.2,4.48,22,22,0,5239.64,3322.28
208886622,USA / Aqueduct (US) 20th Jan,R8 6f Mdn Claim,20-01-2023 21:16,1466873,Thats My Business,0,30,34.2908690011722899095640420729701684875,1,40,34,1,1001,0,212.8,23.87
208886601,USA / Aqueduct (US) 20th Jan,R1 7f Mdn Claim,20-01-2023 17:50,44868327,Wine Goddess,0,5.622829380590701,4.01840858714327326424531490709255541035,1,5.4,5,520,65,0,2356.36,528.1
208886607,USA / Aqueduct (US) 20th Jan,R3 6f Claim,20-01-2023 18:47,812067,Prairie Fire,0,10.39507993929377,7.22601246083427841254658867505429376535,1,9.2,8,1000,36,0,1051.68,146.73
208886607,USA / Aqueduct (US) 20th Jan,R3 6f Claim,20-01-2023 18:47,38612896,Greatest Love,0,5.433177971360273,3.90110781156140450974576324807087394031,1,4.6,4.6,350,30,0,1013.66,350.86
208886619,USA / Aqueduct (US) 20th Jan,R7 1m1f Allw Claim,20-01-2023 20:47,20646972,Locally Owned,0,4.1841928142347005,2.71276348070051465499828747721191153205,1,4.3,4,1000,1000,0,4603.96,527.54
208885920,USA / Gulfstream Park (US) 20th Jan,R2 1m Claim,20-01-2023 17:40,35459512,Invisible War,1,5.627446332667024,3.92070502736507295625284600695687867022,1,5.3,4.5,1.01,1.01,0,1562.14,5487
208885920,USA / Gulfstream Park (US) 20th Jan,R2 1m Claim,20-01-2023 17:40,42037734,Alexis N Niko,0,40,37.7502720547700916218361943502272152156,1,46,26,1,1001,0,215.54,163.6
208885929,USA / Gulfstream Park (US) 20th Jan,R5 7f Claim,20-01-2023 19:09,44401620,Pachanga Loca,0,10,9.53605069972700949194411766462127646876,1,12,10,1000,1000,0,1399.38,84.27
208885932,USA / Gulfstream Park (US) 20th Jan,R6 1m1f Claim,20-01-2023 19:38,20859538,Split The Wickets,0,54.19664473,21.3594741720903720329250208644789262269,1,42,28,910,910,0,364.7,44.52
208885932,USA / Gulfstream Park (US) 20th Jan,R6 1m1f Claim,20-01-2023 19:38,39946918,A Rose For Raven,0,12.693088509801306,9.32213276657915988001844518632509491174,1,13,11,1,1001,0,1445.66,66.02
208885926,USA / Gulfstream Park (US) 20th Jan,R4 1m Mdn,20-01-2023 18:39,9368896,Fidelio,0,86.8130591934547,57.1629200970711026064607297581629258719,1,65,50,1,1001,0,136.84,12.28
208885935,USA / Gulfstream Park (US) 20th Jan,R7 1m Allw Claim,20-01-2023 20:07,40388542,Causin Mayhem,0,21,14.4662893188773095972806829080273133815,1,22,16.5,1,1001,0,781.16,66.25
208885938,USA / Gulfstream Park (US) 20th Jan,R8 1m1f Claim,20-01-2023 20:36,39673067,French Franc,1,4.7762373804918035,3.29999428465568987926514506924151099456,1,4.5,3.55,1.1,1.01,0,4899.7,7965.48
208885941,USA / Gulfstream Park (US) 20th Jan,R9 6f Claim,20-01-2023 21:06,11595255,Malibu Secret,0,26,22.4516913991235708377053615844444680869,1,26,22,1,1001,0,209.92,38.1
208887466,USA / Penn National (US) 20th Jan,R2 1m Claim,20-01-2023 23:27,25378746,Rolling Palisades,0,44,46.5306536446581718600475679403428268873,1,70,48,150,30,0,166.88,28.6
208887465,USA / Penn National (US) 20th Jan,R1 6f Claim,20-01-2023 23:00,41388259,Pop Pop Susi,0,3.5653211841697345,2.39839232113956505091174317451889727205,1,3.95,3.6,1000,60,0,6117.74,271.48
208887465,USA / Penn National (US) 20th Jan,R1 6f Claim,20-01-2023 23:00,42403641,Knockdown Kid,0,85,59.3616771808131594318666710211633894617,1,150,70,150,150,0,185.78,19.41
208887670,USA / Santa Anita Park (US) 20th Jan,R1 1m Claim,20-01-2023 20:30,19976067,Neptunes Storm,0,23.620107280821536,25.843959125361156080031315571113389716,1,30,24,1,1001,0,342.9,61.02
208887679,USA / Santa Anita Park (US) 20th Jan,R4 6f Mdn,20-01-2023 22:03,42219963,Magnificent Ride,0,2.26,1.4646651180233507012064805089341545877,1,2.58,2.32,110,2,0,22375.2,3002.65
208887679,USA / Santa Anita Park (US) 20th Jan,R4 6f Mdn,20-01-2023 22:03,44665152,Carols Comic,0,9.748030659762591,10.6731012365092656267614574089445734257,1,13,10,38,30,0,2339,975.86
208887688,USA / Santa Anita Park (US) 20th Jan,R7 1m2f Allw,20-01-2023 23:36,41050197,Agatino,0,8.220633248741908,7.44886221955488756828738887427447304101,1,8.6,7,9.8,9.8,0,2391.5,421.98
208887688,USA / Santa Anita Park (US) 20th Jan,R7 1m2f Allw,20-01-2023 23:36,26830314,Dominant Soul,0,11.75088575919624,9.8867137381618784022122274594808419846,1,13,10,1,1001,0,977.5,162.48
208887676,USA / Santa Anita Park (US) 20th Jan,R3 6f Claim,20-01-2023 21:30,26452331,Trickle In,0,3.96183648411472,2.80475586796702062070130197767237439744,1,4.7,4,1,1001,0,6905.78,373.02
208887676,USA / Santa Anita Park (US) 20th Jan,R3 6f Claim,20-01-2023 21:30,36503322,Soaring Sky,0,7,4.5097342978218090650406902539904259363,1,6.6,5.3,1,1001,0,8447.88,455.95
208887676,USA / Santa Anita Park (US) 20th Jan,R3 6f Claim,20-01-2023 21:30,36518093,Keep Your Coil,0,13.705849506173426,10.6720920333582709123878486703291768679,1,14.5,12.5,13.5,13.5,0,1891.26,210.91
208887676,USA / Santa Anita Park (US) 20th Jan,R3 6f Claim,20-01-2023 21:30,41163836,Unwritten Code,1,3.505375240376088,2.56721788175937162525996743271406828333,1,4.2,3.95,2.02,1.01,0,7835.3,4200.22
208887685,USA / Santa Anita Park (US) 20th Jan,R6 6f Claim,20-01-2023 23:05,45950741,Lucy L,0,17.563790206220002,13.352194255648889903529556472172633257,1,18.5,14,1,1001,0,1265.62,36.51
208886282,USA / Tampa Bay Downs (US) 20th Jan,R8 6f Allw Claim,20-01-2023 21:03,40008601,Acaciahelpme,0,12.5,9.48605307221361084843441493604480975117,1,13,11.5,1,1001,0,1568.58,50.03
208886282,USA / Tampa Bay Downs (US) 20th Jan,R8 6f Allw Claim,20-01-2023 21:03,43818867,St. Pats Day,0,3.711812687326165,2.00450305790138581971796146713406956257,1,4,3.6,3,3,0,7822.92,727.12
208886261,USA / Tampa Bay Downs (US) 20th Jan,R1 7f Claim,20-01-2023 17:32,13040367,Simonela,0,173.124458632,78.6223920677959719251382421143356977424,1,190,110,1000,100,0,198.7,34.72
208886261,USA / Tampa Bay Downs (US) 20th Jan,R1 7f Claim,20-01-2023 17:32,26793297,Magicgirl,0,5.9,4.13139403219185758988814233305716511674,1,6,5.1,400,4.1,0,2698.38,1531.92
208886261,USA / Tampa Bay Downs (US) 20th Jan,R1 7f Claim,20-01-2023 17:32,35497911,Melancholy Blues,0,54.40767593283598,34.9189206750988668332205338118156405962,1,65,48,210,210,0,249.42,193.42
208886285,USA / Tampa Bay Downs (US) 20th Jan,R9 5f Allw Claim,20-01-2023 21:40,20086837,Tuff Attack,0,57.99995962369722,55.2780836176559515886478528550001119812,1,75,46,1,1001,0,209.66,12.96
208886285,USA / Tampa Bay Downs (US) 20th Jan,R9 5f Allw Claim,20-01-2023 21:40,18052222,Bam Bam Blu,0,49.185401206160876,57.0545525577498952055579775270863085579,1,75,55,1000,32,0,183.06,23.83
208871644,USA / Penn National (US) 19th Jan,R6 6f Claim,20-01-2023 01:16,44949114,On The Rim,0,7.8,8.4301840577458590663501937671412592443,9.78940815303139638703049131003779307983,11.5,8,1,1001,1635.22,1490.8,25.46
208871642,USA / Penn National (US) 19th Jan,R4 1m Claim,20-01-2023 00:22,26628621,Lord Winsalot,0,3.4746306001447373,2.63390796493901051120078776377284759622,3.80191249467118125823823127318342406617,3.6,3.3,1,1001,4081.58,3266.56,142.54
208871642,USA / Penn National (US) 19th Jan,R4 1m Claim,20-01-2023 00:22,40605818,Event Party,0,5.442930753412366,4.759636654483924935778993038602957073,5.44637267936375722821124797770267023339,7,5.8,1,1001,2497.16,2068.68,114.84
208871642,USA / Penn National (US) 19th Jan,R4 1m Claim,20-01-2023 00:22,12401302,Clubman,1,2.428769157820498,1.37283832430254875076055604196472953296,2.14659043352424885921966744104813178161,2.62,2.16,2.44,1.01,18035.9,13664.12,3379.8
208887148,USA / Delta Downs (US) 20th Jan,R3 5f Mdn Claim,20-01-2023 23:46,37694951,Valid Break,0,3.932436475,2.71012837235930258461937428233538759391,1,4.5,3.45,1,1001,0,10506.42,279.62
208887148,USA / Delta Downs (US) 20th Jan,R3 5f Mdn Claim,20-01-2023 23:46,47826027,Ellies Touch,0,79.564823098,51.4403083579856161786562258588422787834,1,70,46,1,1001,0,45.36,9.7
208887146,USA / Delta Downs (US) 20th Jan,R1 7f Mdn,20-01-2023 22:50,49102799,Brite Outlook,0,14.687399728,13.4880644130576436998510550867677430485,1,1,1001,1,1001,0,261.58,227
208887146,USA / Delta Downs (US) 20th Jan,R1 7f Mdn,20-01-2023 22:50,49102801,Awesome Cajun,0,13.372289092345161,8.9445610119245668726970999339150710661,1,13,11,1,1001,0,1032.14,24.8
208887659,USA / Sam Houston (US) 20th Jan,R8 6f Allw,20-01-2023 22:09,41492460,Tiffany Twist,0,4.090899258,3.59543326803191413889354272977364219211,1,5.2,4.2,1,1001,0,3752.1,184.81
208887652,USA / Sam Houston (US) 20th Jan,R1 6f Allw Claim,20-01-2023 19:00,41041503,Uptown Ringoffire,0,28.594790612,22.935645315337267892235614000235351952,1,25,25,150,120,0,70.62,23.11
208887654,USA / Sam Houston (US) 20th Jan,R3 1m Mdn Claim,20-01-2023 19:54,43338037,Nooge,0,10.5,9.22711755293271291509113395824122237236,1,10,10,390,6,0,160.2,437.98
208887654,USA / Sam Houston (US) 20th Jan,R3 1m Mdn Claim,20-01-2023 19:54,41682564,Northern Orbit,0,12.371713816449047,9.91151201184082118462932616563223658927,1,1,1001,1,1001,0,173.12,11.62
208887660,USA / Sam Houston (US) 20th Jan,R9 1m1f Allw Claim,20-01-2023 22:36,36518214,Cairo Warrior,0,9.405355543,10.109327099946810109597656338299023936,1,11,11,910,910,0,319.82,39.38
208887660,USA / Sam Houston (US) 20th Jan,R9 1m1f Allw Claim,20-01-2023 22:36,10154,Newscaster,0,7.342234202254328,6.32875824969023908136764659197668323596,1,7.4,7.4,1,1001,0,392.44,301.64
208887655,USA / Sam Houston (US) 20th Jan,R4 6f Claim,20-01-2023 20:21,45078149,Tapiture Jones,0,4.2,2.68063998654635435460613418895569617643,1,1,1001,1,1001,0,328.76,114.96
208887653,USA / Sam Houston (US) 20th Jan,R2 1m Claim,20-01-2023 19:27,42930580,Get Witt Gone,0,25,18.6744448416299167207020383247872976382,1,28,26,15,15,0,355.34,329.77
208871599,USA / Delta Downs (US) 19th Jan,R9 5f Claim,20-01-2023 02:52,39927590,Race Day Mae,0,104.46487012036145,72.4945464894739920768881415464629062653,37.2366627497062279670975323149236192715,65,65,1,1001,42.55,16.54,4.69
208871594,USA / Delta Downs (US) 19th Jan,R4 7f Claim,20-01-2023 00:18,21456481,Such,0,22.769559020638113,17.7789820945553969243965225836855705619,19.7624089330700619595560699938721318173,23,19.5,25,25,440.61,402.74,37.87
208871596,USA / Delta Downs (US) 19th Jan,R6 1m Claim,20-01-2023 01:20,38259905,Hot Le Roy,1,6.282667219192373,6.23983935365167539442772615629417356211,2.30558237138623755211743220426587643431,1,1001,1,1001,2902.1,498.44,2034.98
208871596,USA / Delta Downs (US) 19th Jan,R6 1m Claim,20-01-2023 01:20,12753897,Mias Moonbeam,0,4.859002574752087,3.03565203134528015778667296033205331026,3.8398548328288095783198934988510425411,4.5,3.7,1,1001,2358.66,1735.12,180.62
208871597,USA / Delta Downs (US) 19th Jan,R7 5f Allw,20-01-2023 01:50,26830284,Scarlett Ohara,1,5.883932522,4.37243474342319253333828831698750299092,1.98946856238041828857953420861648083394,1,1001,5,1.01,4850.24,911.32,3582.1
208871598,USA / Delta Downs (US) 19th Jan,R8 7f Allw,20-01-2023 02:20,45270308,Thundertakesdalead,0,270.080079178,85.378886681722941828968216221635233265,112.507267027643203191792533485323453975,110,110,1,1001,70.18,22.78,1.16
208871595,USA / Delta Downs (US) 19th Jan,R5 1m Mdn Claim,20-01-2023 00:50,50487969,Elijahs Move,0,188.7845481015607,77.8891699966109442855003586093837435667,57.3298204297909920518104209596702973212,1,1001,1,1001,33.97,3.06,11.81
208871595,USA / Delta Downs (US) 19th Jan,R5 1m Mdn Claim,20-01-2023 00:50,46907112,Bellas Gatsby,0,7.2,5.94019058541816056387475410886220219476,6.56805754316987230214329148930853234929,6.4,6.4,1,1001,1200.49,1021.8,40.83
208886409,USA / Laurel Park (US) 20th Jan,R6 6f Claim,20-01-2023 19:53,6234028,Kashan,0,7,6.46959439382328893433485882003761946061,1,7.4,7.4,30,30,0,1131.12,229.57
208886394,USA / Laurel Park (US) 20th Jan,R1 1m Claim,20-01-2023 17:25,41401517,Martharita,0,130.1577080514282,84.9426824802482723390660655088386078042,1,120,70,1000,400,0,102.72,8.97
208886412,USA / Laurel Park (US) 20th Jan,R7 6f Claim,20-01-2023 20:23,40450588,Bowie Two Step,0,103.03761648558078,55.9139410090284043413210278987294921775,1,100,85,1,1001,0,201.4,21.19
208886418,USA / Laurel Park (US) 20th Jan,R9 7f Claim,20-01-2023 21:21,36616073,Thruster,0,12,9.99893541231413714329987813791959045143,1,14,11,15,15,0,1020.39,167.9
208886418,USA / Laurel Park (US) 20th Jan,R9 7f Claim,20-01-2023 21:21,44767199,Never Silenced,0,50,23.0849263171672589801669536916619215435,1,75,38,330,29,0,247.82,65.88
208871718,USA / Charles Town (US) 19th Jan,R8 1m1f Mdn Claim,20-01-2023 03:17,40910804,Papa Charles,0,9.2,7.55225798993382623843393526904585291641,8.50947824044559272556454048250176156763,8,8,1,1001,596.06,537.5,12.02
208871718,USA / Charles Town (US) 19th Jan,R8 1m1f Mdn Claim,20-01-2023 03:17,45566929,Hardin,0,131.47471658038438,75.1857598490831231339943624455785637142,78.3056501987507098239636570130607609313,130,55,1,1001,70.44,55.44,1.04
208871715,USA / Charles Town (US) 19th Jan,R5 7f Allw,20-01-2023 01:53,21454293,Positive Phil,0,5.4744419637595,4.73950364965684636187031138151207191122,5.39906215650817288940892812821331064071,5.6,5.2,1,1001,2256.24,1991,31.82
208871717,USA / Charles Town (US) 19th Jan,R7 7f Allw,20-01-2023 02:49,27228574,How Is She,0,42,8.40881886987059163275961902648872312953,20.90286992172940737979873276183376817,1,1001,1,1001,134.15,127.22,4.99
208871717,USA / Charles Town (US) 19th Jan,R7 7f Allw,20-01-2023 02:49,41313661,Sarahs Warrior,0,26.728995077321635,9.63553452509432968645186797257437926308,17.2230957553187821109616909761732354057,16,16,1,1001,290.01,280.76,9.25
208871716,USA / Charles Town (US) 19th Jan,R6 7f Claim,20-01-2023 02:21,37245042,Like Segal,0,4.482782418,4.37024047535475533521164071585856061315,5.14317941608570701230826797856711272509,9.62,4.04,9,9,3260.41,2919.86,51.21
208871713,USA / Charles Town (US) 19th Jan,R3 1m1f Allw,20-01-2023 00:57,44597057,Midnight Brass,0,4.9,4.02422727584695524368186717170365133136,4.85189393939393939393939393939393939394,5.4,4.8,980,5.4,3336.96,2630.94,266.32
208886858,USA / Golden Gate Fields (US) 20th Jan,R6 6f Mdn Claim,20-01-2023 23:51,40547989,Hannah In A Hurry,0,6.440133124525039,6.62006309263249911885054516257477483417,1,8.8,7,1,1001,0,2358.82,572.41
208886855,USA / Golden Gate Fields (US) 20th Jan,R5 6f Claim,20-01-2023 23:20,41263169,Smilin Evie,0,15.675915857236827,10.3281621895049089773179044195020091531,1,13,11,1,1001,0,849.52,77.39
208886852,USA / Golden Gate Fields (US) 20th Jan,R4 1m Mdn Claim,20-01-2023 22:49,45024672,African Prince,0,60,34.3874906153015630344577085654952791133,1,85,60,1,1001,0,190.66,38.06
208886852,USA / Golden Gate Fields (US) 20th Jan,R4 1m Mdn Claim,20-01-2023 22:49,48125862,Many Ambitions,0,6.192610522,4.38017584412699184477932700575384620224,1,6.6,6,95,95,0,2118.94,214.63
208886604,USA / Aqueduct (US) 20th Jan,R2 1m Claim,20-01-2023 18:18,40043595,Sweet Sugar Baby,0,19.671981531,17.0790800078704061586732231943580260626,1,1,1001,1,1001,0,260.18,224.84
208886604,USA / Aqueduct (US) 20th Jan,R2 1m Claim,20-01-2023 18:18,41766870,Ice Cold Gold,0,2.769945775,1.91245107424255516755597026011767157277,2.1199684832989624412579344500858267305,3,2.84,220,2,7.96,3774.3,2521.93
208886613,USA / Aqueduct (US) 20th Jan,R5 6f Mdn Claim,20-01-2023 19:47,51825288,Strange Fruit,0,28.814068859796972,13.8402268514034006840545128739249356528,1,42,18,17.5,17.5,0,1445.48,168.89
208886613,USA / Aqueduct (US) 20th Jan,R5 6f Mdn Claim,20-01-2023 19:47,51479221,Betting On A Stone,0,20.81022021188459,11.3826225113539729831928809384628117739,1,10,10,1,1001,0,644.56,31.57
208886622,USA / Aqueduct (US) 20th Jan,R8 6f Mdn Claim,20-01-2023 21:16,46392623,Star Attitude,0,3.95,2.85022760726539511328836438683867046996,1,4.1,3.9,1,1001,0,1839.4,95.93
208886622,USA / Aqueduct (US) 20th Jan,R8 6f Mdn Claim,20-01-2023 21:16,51825289,Super Coach Fred,0,4.3,3.05620451747850408251926637530269566778,1,4.1,3.9,1,1001,0,3471.82,588.54
208886601,USA / Aqueduct (US) 20th Jan,R1 7f Mdn Claim,20-01-2023 17:50,51060203,Frannie Lew,0,5.544703563557707,4.38859109803055818298336667920271492604,1,5.6,5.4,1,1001,0,3790.8,455.82
208885929,USA / Gulfstream Park (US) 20th Jan,R5 7f Claim,20-01-2023 19:09,442396,Tribute,0,12.134844075714355,9.75946572683734566597868582329559379212,1,14.5,12.5,1,1001,0,839.7,306.68
208885929,USA / Gulfstream Park (US) 20th Jan,R5 7f Claim,20-01-2023 19:09,28468187,Olga,0,5.735816558814842,4.24114010120264535728140176237677154799,1,5.9,5.5,1,1001,0,1966.72,749.38
208885929,USA / Gulfstream Park (US) 20th Jan,R5 7f Claim,20-01-2023 19:09,48293237,Nucci,0,19.519583286247787,13.584704476799046306669970348606648547,1,24,19,910,910,0,595.74,40.07
208885926,USA / Gulfstream Park (US) 20th Jan,R4 1m Mdn,20-01-2023 18:39,2777318,Happy Runner,0,9.889897693806564,8.36230322515902906332246049895254156531,1,10.5,8.6,1,1001,0,1995.86,634.75
208885926,USA / Gulfstream Park (US) 20th Jan,R4 1m Mdn,20-01-2023 18:39,45835307,Guaranteed Speck,0,31.63230033831671,34.3029671250620127988427647795574001607,1,46,32,120,120,0,309.56,239
208887466,USA / Penn National (US) 20th Jan,R2 1m Claim,20-01-2023 23:27,1136990,Edict,0,3.981501924399636,3.10769127890147079105014834584144367804,1,4.2,3.75,1,1001,0,5781.86,359.59
208887466,USA / Penn National (US) 20th Jan,R2 1m Claim,20-01-2023 23:27,15773737,Vouch,1,2.098511991,.99872747996357857658321909217611682978,1,2.12,1.89,1.01,1.01,0,17257,3572.24
208887673,USA / Santa Anita Park (US) 20th Jan,R2 1m Allw Claim,20-01-2023 20:59,40616238,Big Switch,0,1.475889704639849,.496381966307528388620730612544557067427,1,1.63,1.46,1.53,1.51,0,12979.98,4105.54
208887679,USA / Santa Anita Park (US) 20th Jan,R4 6f Mdn,20-01-2023 22:03,45398035,Six Feet,0,5.672590673614687,5.09370041493084635122079983045169577841,1,7.8,5.5,1,1001,0,7062.02,204.53
208887679,USA / Santa Anita Park (US) 20th Jan,R4 6f Mdn,20-01-2023 22:03,50749197,Chief Council,0,7.7254154161510815,6.55647905648997538447866720914680699586,1,8,7,1,1001,0,4529.22,199.85
208887682,USA / Santa Anita Park (US) 20th Jan,R5 6f Mdn Claim,20-01-2023 22:34,8940062,Foolish,0,6.520468542645974,5.67352396702463074595910517718234798944,1,7.4,6,100,2,0,3668.54,3388.28
208887688,USA / Santa Anita Park (US) 20th Jan,R7 1m2f Allw,20-01-2023 23:36,25895900,Bee Catcher,0,12.666597448894757,10.5205793474035592101199510001108220851,1,13,10.5,250,11,0,1317.04,142.52
208886264,USA / Tampa Bay Downs (US) 20th Jan,R2 6f Claim,20-01-2023 18:02,622891,Isle Of Skye,1,2.365395824740408,1.2937033591662810248362583937786554767,1,2.34,2.3,1.72,1.01,0,5842.78,9702.76
208886264,USA / Tampa Bay Downs (US) 20th Jan,R2 6f Claim,20-01-2023 18:02,6181820,Shanghai Warrior,0,159.50115394689143,95.0907863308176232454434220726144061751,1,120,60,110,30,0,144.99,98.7
208886270,USA / Tampa Bay Downs (US) 20th Jan,R4 6f Mdn Claim,20-01-2023 19:03,47883579,Gem Cat,1,2.78,1.58140314379294448267709568805580009737,1,2.78,2.4,3,3,0,6105.32,4618.28
208886270,USA / Tampa Bay Downs (US) 20th Jan,R4 6f Mdn Claim,20-01-2023 19:03,45743650,Da Journeygirl,0,4.151300982846298,3.74777163105844503348123876811150970145,1,1,1001,70,60,0,1664.3,267.06
208886279,USA / Tampa Bay Downs (US) 20th Jan,R7 1m1f Claim,20-01-2023 20:33,46902377,Gambling Tzar,1,7.220162976,5.30696006184557373844416219941505113978,1,7,6.4,90,7.8,0,4255.94,684.12
208886279,USA / Tampa Bay Downs (US) 20th Jan,R7 1m1f Claim,20-01-2023 20:33,47546956,Black Seal,0,32.352617167,19.9697147819042479639749146722006696558,1,36,25,20,20,0,694.94,338.54
208886279,USA / Tampa Bay Downs (US) 20th Jan,R7 1m1f Claim,20-01-2023 20:33,810246,Carronade,0,12.214788913307713,8.14496319927449552999591161613852642167,1,1,1001,11.5,11.5,0,1232.22,170.88
208886273,USA / Tampa Bay Downs (US) 20th Jan,R5 1m Mdn Claim,20-01-2023 19:33,45197328,Kalinba,0,154.44941221512858,44.6184629350303109989499229046029364014,1,160,48,1,1001,0,99.88,24.95
208886267,USA / Tampa Bay Downs (US) 20th Jan,R3 1m Claim,20-01-2023 18:33,19105871,Cesar,0,7.776089597895999,6.53391606489683165502103945029508731032,1,7.4,7.4,1,1001,0,1541.86,381.88
208886285,USA / Tampa Bay Downs (US) 20th Jan,R9 5f Allw Claim,20-01-2023 21:40,37866630,Novgorod The Great,0,5.6,4.7484999804016374858575345157353146283,1,8.6,5.3,1,1001,0,8107.84,162.85
208871644,USA / Penn National (US) 19th Jan,R6 6f Claim,20-01-2023 01:16,41048306,Shardial,0,8.261440599146301,5.96844787921791165723853629553367960218,6.9983322467848041249333254311622118177,7.6,7.4,1,1001,1687.3,1404.22,57.46
208871645,USA / Penn National (US) 19th Jan,R7 1m Claim,20-01-2023 01:43,267037,Parable,0,121.465759313,22.997555104377556491031591839374944746,34.7703479576399394856278366111951588502,60,60,1,1001,132.2,130.28,1.92
208887147,USA / Delta Downs (US) 20th Jan,R2 7f Claim,20-01-2023 23:18,42495544,Mr. Wimbledon Bay,0,5.2,3.61252390741170419617749897025827965688,1,5.2,5,1,1001,0,2641.24,59.77
208887148,USA / Delta Downs (US) 20th Jan,R3 5f Mdn Claim,20-01-2023 23:46,44170031,Call Me Darlin,0,9.445177776128988,8.63106343005129574264705744595857156552,1,9.8,7.4,1,1001,0,714.24,14.37
208887146,USA / Delta Downs (US) 20th Jan,R1 7f Mdn,20-01-2023 22:50,13228221,Cool Spirit,0,70,50.1082021522726130237382648175644277915,1,55,55,1,1001,0,39.78,11.4
208887657,USA / Sam Houston (US) 20th Jan,R6 1m Claim,20-01-2023 21:15,42115950,Doc Irwin,0,10.5,10.5952954823117934054886936133223949572,1,1,1001,1,1001,0,318.04,96.45
208887652,USA / Sam Houston (US) 20th Jan,R1 6f Allw Claim,20-01-2023 19:00,19255734,Rb Texas Hold Em,1,5.494441139,4.7164254085829880553668281925897316234,1,1,1001,1.01,1.01,0,412.14,5866.66
208887653,USA / Sam Houston (US) 20th Jan,R2 1m Claim,20-01-2023 19:27,35840856,Rye Runner,0,7.931907819,4.45102874399482025730583092088185062643,1,1,1001,1,1001,0,464.4,481.74
208887658,USA / Sam Houston (US) 20th Jan,R7 7f Allw Claim,20-01-2023 21:42,35415761,Blings Bellwether,0,13.5,11.9449289735339614862428521414889716372,1,14,14,1000,90,0,738.86,122.59
208871599,USA / Delta Downs (US) 19th Jan,R9 5f Claim,20-01-2023 02:52,42416696,Yes Im A Lady,0,26.080782850487154,28.3565106706548187629164293908689216136,15.7891051385027288641746473071774276594,1,1001,1,1001,97.11,40,1.97
208871594,USA / Delta Downs (US) 19th Jan,R4 7f Claim,20-01-2023 00:18,5336782,Masterly,1,2.111911116642805,1.07349970501282466647840239580399404263,1.95360419203114418618420809171548364893,2.1,2,2.06,2.06,10809.08,7964.2,2844.88
208871594,USA / Delta Downs (US) 19th Jan,R4 7f Claim,20-01-2023 00:18,1341711,Lunar Light,0,36,21.5209541600317511113948500746911261676,27.7230273752012882447665056360708534622,42,24,980,980,186.3,176.44,9.86
208871596,USA / Delta Downs (US) 19th Jan,R6 1m Claim,20-01-2023 01:20,22588281,Southpine Gift,0,240.234993108,88.0027958013496545453420836142536385623,139.71331828442437923250564334085778781,1,1001,1,1001,26.58,2.88,1.56
208871595,USA / Delta Downs (US) 19th Jan,R5 1m Mdn Claim,20-01-2023 00:50,321705,Midnight Oil,0,5.33379008688018,4.13401289606942269401862371737151877827,5.083076249886604374669818620362118924,5.7,4.8,980,980,3747.94,3411.5,167.38
208886403,USA / Laurel Park (US) 20th Jan,R4 6f Claim,20-01-2023 18:54,49826068,Wyatt Ridgely,0,35.022505674806894,21.8127413594454300624259345256062999858,1,38,32,16,16,0,342.16,218.65
208886409,USA / Laurel Park (US) 20th Jan,R6 6f Claim,20-01-2023 19:53,36019290,My Boss Lady,0,55,44.6866237441760682087327536550660688561,1,55,44,1000,220,0,137.5,101.46
208886415,USA / Laurel Park (US) 20th Jan,R8 6f Allw Claim,20-01-2023 20:52,47251819,Coal Mine,0,7.929438297,5.05484108320308831648666300839173361988,1,7,7,1,1001,0,983.54,90.19
208886397,USA / Laurel Park (US) 20th Jan,R2 7f Claim,20-01-2023 17:56,162956,Its Over,1,2.96,1.80082340527473747037821907233849969034,1,2.76,2.6,6.2,1.01,0,3843.64,3874.42
208886412,USA / Laurel Park (US) 20th Jan,R7 6f Claim,20-01-2023 20:23,35615926,Quick Tempo,0,1.526864200280834,.396316670648438293525946072403590438293,1,1.53,1.5,1000,1.5,0,16630.8,2539.86
208886400,USA / Laurel Park (US) 20th Jan,R3 1m Claim,20-01-2023 18:25,50539894,Ruxton Rocks,0,29.13198031712323,20.8660403880559804356918842927000635135,1,27,18,1,1001,0,419.31,60.86
208886418,USA / Laurel Park (US) 20th Jan,R9 7f Claim,20-01-2023 21:21,41150870,Stronger Than Dex,1,3.462719217,2.2090543479986204526471950746377545209,1,4.2,3.05,2.56,1.11,0,3967.1,7616.9
208886406,USA / Laurel Park (US) 20th Jan,R5 6f Mdn Claim,20-01-2023 19:23,42564592,Moses Water,0,4.951214471782442,2.9210006662053929987504937311414693237,1,4.2,4,1,1001,0,3843.06,388.46
208886406,USA / Laurel Park (US) 20th Jan,R5 6f Mdn Claim,20-01-2023 19:23,51825300,Surf City Gold,0,186.45824998548096,40.4319016738988790829084867610490504668,1,300,100,1,1001,0,78.78,138.79
208871714,USA / Charles Town (US) 19th Jan,R4 1m1f Claim,20-01-2023 01:25,41341777,Citizens Fire,0,70,86.0185501141818664682058701368483952005,38.884352648075223016957325403841517319,220,150,1000,1000,124.43,21.02,6.71
208871711,USA / Charles Town (US) 19th Jan,R1 7f Allw,20-01-2023 00:00,36705598,Door Buster,0,12.603272562781347,8.59634873400625553035736110697434959916,9.10425999826204370291642435545216943737,10,8.8,150,150,1496.01,1070.02,37.35
208871715,USA / Charles Town (US) 19th Jan,R5 7f Allw,20-01-2023 01:53,36352633,Trustyourinstinct,0,14,11.3348265707923629268376814220749249116,11.5325120772946859903381642512077294686,1,1001,1,1001,621,459.14,11.84
208871717,USA / Charles Town (US) 19th Jan,R7 7f Allw,20-01-2023 02:49,45747822,New Age Bad Girl,0,23.12435350180604,12.9505094101202663368254533221534250166,18.0926806876982139876481388749791353697,23,23,1,1001,239.64,228.18,7.62
208871712,USA / Charles Town (US) 19th Jan,R2 5f Allw,20-01-2023 00:30,15341013,Reatas Castle,0,14.5,15.2565146362240402271294044686925771009,17.1080208303028539842318098507549530155,21,16,1,1001,1031.19,1018.58,12.61
208871716,USA / Charles Town (US) 19th Jan,R6 7f Claim,20-01-2023 02:21,38132383,Freedom Rider,0,3.7858379107227993,2.00245270052540235606212280510400147043,2.97262545514307510707452520207297613324,3.22,2.6,1,1001,9005.41,8625.62,61.85
208871716,USA / Charles Town (US) 19th Jan,R6 7f Claim,20-01-2023 02:21,38624181,Got Floffy,0,105.82,47.7156846025896734361985828223436569313,23.7874934356695617047061199757624722278,72.15,72.15,1,1001,198.04,60.5,82.4
208871716,USA / Charles Town (US) 19th Jan,R6 7f Claim,20-01-2023 02:21,41411057,Mark Did It,1,4.91746858845379,3.92849533357866289718912355042298602957,3.28196286876132746462784995202485569381,5.29,4.62,1,1001,3939.54,2190.18,1255.44
208871713,USA / Charles Town (US) 19th Jan,R3 1m1f Allw,20-01-2023 00:57,47223123,Codas Honor,0,18.5,16.3007517975006588819946826312773368117,13.6571326812964028382784033314155776554,18,18,1,1001,365.01,239.02,8.03
208886849,USA / Golden Gate Fields (US) 20th Jan,R3 5f Claim,20-01-2023 22:18,39481834,Thirsty Always,0,5.2,4.51912481239530107526129000008211678293,1,6.8,5,1000,1000,0,4715.94,405.14
208886855,USA / Golden Gate Fields (US) 20th Jan,R5 6f Claim,20-01-2023 23:20,28687417,Ill Do It For You,0,139.09816864133808,76.1608591878465390521319970606133531389,1,100,55,1000,150,0,96.16,17.86
208886852,USA / Golden Gate Fields (US) 20th Jan,R4 1m Mdn Claim,20-01-2023 22:49,44829228,Carsons Legacy,1,3.373054363,2.44848573509859925748540322417650925545,1,4.2,3.4,2.06,1.05,0,6195.24,3851.32
208886846,USA / Golden Gate Fields (US) 20th Jan,R2 5f Mdn Claim,20-01-2023 21:47,51825285,Cousin Richie,1,3.7281983463797954,3.45516400529414763720804760913033970387,1,4.5,4.4,1.01,1.01,0,3008.34,2998.04
208886846,USA / Golden Gate Fields (US) 20th Jan,R2 5f Mdn Claim,20-01-2023 21:47,2460864,Altitude,0,5.257099548393744,3.99954686045521220732007763959949283878,1,5.1,4.6,1,1001,0,2837.86,180.39
208886843,USA / Golden Gate Fields (US) 20th Jan,R1 6f Claim,20-01-2023 21:15,42459825,Next Journey,0,8.410769911184909,6.63727957456739479913314976653932055645,1,1,1001,330,8.4,0,790.3,181.44
208886604,USA / Aqueduct (US) 20th Jan,R2 1m Claim,20-01-2023 18:18,2247942,Wicked Lady,0,3.05,1.85607792297622876267776586690999310207,1,2.9,2.78,3.55,2.02,0,3841.9,2477.7
208886604,USA / Aqueduct (US) 20th Jan,R2 1m Claim,20-01-2023 18:18,34251720,Crystal Orb,0,24.5059001647681,22.2723807590419379749320762237505723263,1,28,23,680,110,0,149.32,110.4
208886613,USA / Aqueduct (US) 20th Jan,R5 6f Mdn Claim,20-01-2023 19:47,51060206,Joeybignose,0,11,8.37679697719084384889758941070251517413,1,11.5,11.5,60,60,0,1189.52,145.26
208886601,USA / Aqueduct (US) 20th Jan,R1 7f Mdn Claim,20-01-2023 17:50,41080295,Take Charge Lisa,0,4.807425852,5.03680218185344045767120361224380093328,1,12,5.3,5.7,5.7,0,5642.16,652.57
208886601,USA / Aqueduct (US) 20th Jan,R1 7f Mdn Claim,20-01-2023 17:50,48383239,Sarahs Pride,0,210,123.234936863917505885315198588502628706,1,180,38,660,30,0,86.5,117.56
208886607,USA / Aqueduct (US) 20th Jan,R3 6f Claim,20-01-2023 18:47,25858090,Baci,0,11,12.4894405601580957936281259568316347663,1,13.5,11.5,1000,13,0,773.6,427.04
208886610,USA / Aqueduct (US) 20th Jan,R4 7f Allw,20-01-2023 19:17,36601068,One Whirlwind Ride,0,2.8453785146923476,1.98467269845920965446331601097937502339,1,3.2,2.9,400,2.8,0,11189.18,719.7
208885932,USA / Gulfstream Park (US) 20th Jan,R6 1m1f Claim,20-01-2023 19:38,10227305,Yamato,0,22,19.6816040905420973642800728594388396066,1,40,40,44,44,0,528.28,203.56
208885923,USA / Gulfstream Park (US) 20th Jan,R3 5f Mdn Claim,20-01-2023 18:09,40860772,Wildcat Star,0,4.7052292646406695,4.17363282825792883765015285287912872089,1,5.5,5,1,1001,0,3354.8,210.99
208885926,USA / Gulfstream Park (US) 20th Jan,R4 1m Mdn,20-01-2023 18:39,5662,Piccadilly,0,4.1,3.65238690068938269166364650146152289997,1,4.8,4.2,75,75,0,2490.64,170.66
208885941,USA / Gulfstream Park (US) 20th Jan,R9 6f Claim,20-01-2023 21:06,18986515,Boldness,0,8.310483486,7.62858756745479192913170731880347763091,1,9.2,8.8,6,6,0,1442.42,268.43
208885941,USA / Gulfstream Park (US) 20th Jan,R9 6f Claim,20-01-2023 21:06,25300302,Uncork The Bottle,0,3.6184821827898848,2.61969631179910420397603927484151226395,1,4,3.4,4,3.5,0,4134.48,1641.62
208885941,USA / Gulfstream Park (US) 20th Jan,R9 6f Claim,20-01-2023 21:06,28642326,Caramel Chip,0,15.375914222337304,15.2659143047935920166479648000177268789,1,20,14.5,400,400,0,704.82,338.73
208885941,USA / Gulfstream Park (US) 20th Jan,R9 6f Claim,20-01-2023 21:06,25159272,Old Town Road,0,191.65410585947336,96.6950085788919208034791520030795033581,1,110,95,1,1001,0,53.98,6.39
208887467,USA / Penn National (US) 20th Jan,R3 6f Claim,20-01-2023 23:54,16214578,Calculated Thinkin,0,21,18.0543234802645340517608097708480943538,1,24,19,22,22,0,741.16,42.8
208887466,USA / Penn National (US) 20th Jan,R2 1m Claim,20-01-2023 23:27,28732732,Mondays With Mike,0,57.35961392611033,56.5954073637184106590921650405240756396,1,75,46,150,150,0,158.64,7.24
208887465,USA / Penn National (US) 20th Jan,R1 6f Claim,20-01-2023 23:00,49350318,Keeping It Country,1,9.305786461320238,4.97315513733277105374838086758401435794,1,7.4,7.4,1.01,1.01,0,1329.82,4547.3
208887670,USA / Santa Anita Park (US) 20th Jan,R1 1m Claim,20-01-2023 20:30,20732754,Vantastic,1,6.6,5.34278656120940459060937763461231310996,1,6.2,5.9,5.4,1.01,0,1571.68,3981.79
208887673,USA / Santa Anita Park (US) 20th Jan,R2 1m Allw Claim,20-01-2023 20:59,40312242,Shared Future,1,12.861930994178113,16.371048221613922960628959375233881494,1,23,14,2.02,2.02,0,943.6,3169
208887682,USA / Santa Anita Park (US) 20th Jan,R5 6f Mdn Claim,20-01-2023 22:34,50539891,Smart Kitten,0,5.971338098368216,6.33783909116638112212623545621091493063,1,10.5,6,1,1001,0,4684.9,175
208887682,USA / Santa Anita Park (US) 20th Jan,R5 6f Mdn Claim,20-01-2023 22:34,50749193,Itzel,1,3.1030648696058347,2.40520505176843345031020252182868892537,1,3.85,3.05,1.01,1.01,0,17417.2,9032.44
208887685,USA / Santa Anita Park (US) 20th Jan,R6 6f Claim,20-01-2023 23:05,40736553,Never Sway,0,6.403334199,5.13714825874522863552051003534910520394,1,7,6.6,1000,1000,0,3678.24,156.39
208887685,USA / Santa Anita Park (US) 20th Jan,R6 6f Claim,20-01-2023 23:05,7371758,Head Start,1,4.258427254306296,2.96219445019740281319452727618094039892,1,4.8,4,4.6,1.01,0,5231.36,3146.42
208886270,USA / Tampa Bay Downs (US) 20th Jan,R4 6f Mdn Claim,20-01-2023 19:03,48213175,High Donna,0,60.387329678796235,48.5322799048052099965883966185499733732,1,55,40,20,20,0,139.56,2142.6
208886276,USA / Tampa Bay Downs (US) 20th Jan,R6 6f Claim,20-01-2023 20:03,39914168,Bid Once,0,3.75,2.23216740337155242438597456389891278958,1,3.75,3.2,400,2.02,0,12388.34,2383.38
208886276,USA / Tampa Bay Downs (US) 20th Jan,R6 6f Claim,20-01-2023 20:03,40563099,Look Up To Heaven,0,7.2,4.73498633370211503744575024541431935956,1,6.6,6.4,1,1001,0,2712.72,565.72
208886276,USA / Tampa Bay Downs (US) 20th Jan,R6 6f Claim,20-01-2023 20:03,41401469,Hotline To Heaven,0,10.5,11.427182582802720905633505772080393782,1,27,12.5,910,910,0,1046.34,53.21
208886279,USA / Tampa Bay Downs (US) 20th Jan,R7 1m1f Claim,20-01-2023 20:33,820471,Moon Mischief,0,4.1893275265023115,3.16498823759629399007869281190657263848,1,7.2,3.95,3.4,2.02,0,6727.2,1439.22
208886279,USA / Tampa Bay Downs (US) 20th Jan,R7 1m1f Claim,20-01-2023 20:33,36062706,Magical Adventure,0,8.4,6.66492037903146922501757074474744040022,1,8.8,8.2,1,1001,0,3342.58,208.63
208886267,USA / Tampa Bay Downs (US) 20th Jan,R3 1m Claim,20-01-2023 18:33,46864021,Gods Glory,0,6.2,4.64192339277708273954948722097963111713,1,5.9,5.9,1000,1000,0,2153.88,338.44
208871644,USA / Penn National (US) 19th Jan,R6 6f Claim,20-01-2023 01:16,41682528,Risen Savior,0,8.850854806415736,6.816223005227090547525966494279110722,7.87821894424101849076764702049751762422,8.4,7.6,1,1001,1534.82,1286.18,59.4
208871644,USA / Penn National (US) 19th Jan,R6 6f Claim,20-01-2023 01:16,44016729,Rockin The Palace,0,8.454585472346878,6.60675963799622689033584702367335453416,7.66034642851113399625208920702986510898,7.8,7.2,1,1001,1184.66,1021.86,44.16
208871642,USA / Penn National (US) 19th Jan,R4 1m Claim,20-01-2023 00:22,14198482,Colonel Moorhead,0,14.018450369558836,12.7333279647658376359299811359708035546,11.9393616741593711386281778268528012199,19,11,1,1001,1521.48,1213.7,106.26
208871645,USA / Penn National (US) 19th Jan,R7 1m Claim,20-01-2023 01:43,42466417,Fueled Up,0,21,11.8277854387710482883204895594023029936,13.4090939904416500016947429075009321086,19.5,16.5,1,1001,590.06,525.62,64.44
208871643,USA / Penn National (US) 19th Jan,R5 6f Claim,20-01-2023 00:49,10255287,Torazo,0,57.24149420671165,39.9183590772875498037175914831829237119,29.226341037941561273440907108591365024,65,34,1,1001,229.3,134.04,3.8
208871643,USA / Penn National (US) 19th Jan,R5 6f Claim,20-01-2023 00:49,20793428,Town Jak,0,5,3.7818811966082402632248041699083921519,5.11844316921136855211384514697548945272,5.4,4.4,1,1001,2505.86,2288.3,29.6
208887148,USA / Delta Downs (US) 20th Jan,R3 5f Mdn Claim,20-01-2023 23:46,26830414,Old Time Girl,0,73.01328272049459,60.3989282096164295429859319369256308208,1,65,60,1000,930,0,40.14,11.4
208887146,USA / Delta Downs (US) 20th Jan,R1 7f Mdn,20-01-2023 22:50,45934255,Mo Moves,0,2.383274720743066,1.78763978141804751276709209375943676495,1,3.4,2.44,950,950,0,11573.06,189.17
208887659,USA / Sam Houston (US) 20th Jan,R8 6f Allw,20-01-2023 22:09,41041507,Feeling Happy,0,2.2106701627370793,1.25455800476969496789693045417223598105,1,2.42,2.1,400,400,0,11657.9,584.5
208887659,USA / Sam Houston (US) 20th Jan,R8 6f Allw,20-01-2023 22:09,45171081,Outlining,0,9.189188790467014,7.80405964524740914655186708566665390581,1,10.5,7.6,100,34,0,1911.2,1449.98
208887656,USA / Sam Houston (US) 20th Jan,R5 6f Mdn,20-01-2023 20:48,46538118,Lexington Diva,0,9.135529071769561,9.42197458788418877118363234695839524891,1,1,1001,1,1001,0,335.77,65.29
208887654,USA / Sam Houston (US) 20th Jan,R3 1m Mdn Claim,20-01-2023 19:54,38413205,Air Force Angel,1,3.3324869572705937,1.76262981328701443577610999576150753674,1,1,1001,1.01,1.01,0,645.46,4961.32
208887660,USA / Sam Houston (US) 20th Jan,R9 1m1f Allw Claim,20-01-2023 22:36,3586052,Shadrack,0,5.683357729,5.045192295367206026068150177440261,1,6.4,6.4,6.2,6.2,0,622.18,1176.44
208887660,USA / Sam Houston (US) 20th Jan,R9 1m1f Allw Claim,20-01-2023 22:36,18290888,Seductive U S A,0,58.45442224748433,54.1286777068159921019947671186659435886,1,48,48,1,1001,0,34.33,72.11
208887660,USA / Sam Houston (US) 20th Jan,R9 1m1f Allw Claim,20-01-2023 22:36,28922294,Gordon Anthony,0,36.00694757880642,31.3250477512377021605945946956911140373,1,34,34,110,110,0,48.19,16.54
208887655,USA / Sam Houston (US) 20th Jan,R4 6f Claim,20-01-2023 20:21,45554249,Perfect Prank,1,2.0942050172257938,1.57968990037362457214960702379667505654,1,2.34,2.34,1,1001,0,995.52,926.07
208887655,USA / Sam Houston (US) 20th Jan,R4 6f Claim,20-01-2023 20:21,47603763,Accrual,0,32.714620534,33.8796234484044577144097540507619607212,1,36,36,1,1001,0,38.6,7.58
208887655,USA / Sam Houston (US) 20th Jan,R4 6f Claim,20-01-2023 20:21,41462833,Lets Tie One On,0,22.02499674979095,15.881610504989187218661528209563446471,1,1,1001,5,5,0,41.54,196.28
208887653,USA / Sam Houston (US) 20th Jan,R2 1m Claim,20-01-2023 19:27,40726457,Gospel Buzz,0,139.939447512608,44.8536560851864168473778693178935947929,1,410,55,46,46,0,144.68,292.91
208871599,USA / Delta Downs (US) 19th Jan,R9 5f Claim,20-01-2023 02:52,38772037,Roaring Quinn,0,13.117808091189193,13.4411908611056480325416075101365026981,8.05229705727041428640007680860256348711,1,1001,1,1001,416.62,184.04,46.44
208871599,USA / Delta Downs (US) 19th Jan,R9 5f Claim,20-01-2023 02:52,35600680,My Little Guera,0,216.09497877552604,113.070927969429784525458839099632546114,67.5975674246430460074034902168164992068,280,110,1,1001,37.82,8.2,7.18
208871596,USA / Delta Downs (US) 19th Jan,R6 1m Claim,20-01-2023 01:20,21415411,Helluva Life,0,12.627170794613775,12.4185050723645488188574153337787055151,9.87627087016303280298566097033981536044,1,1001,1,1001,407.28,207.76,33.74
208871598,USA / Delta Downs (US) 19th Jan,R8 7f Allw,20-01-2023 02:20,41626086,Life Is A Banquet,0,3.555327721499489,3.66020245489040454260428410303010029062,4.59967272590418125023521884761582176057,4.9,4.1,560,560,2657.1,1958.82,216.02
208871598,USA / Delta Downs (US) 19th Jan,R8 7f Allw,20-01-2023 02:20,41506399,Matts Fire N Ice,0,14.155334434,13.1521790370783662897093332470829119335,10.0206614982338639387127849901371622552,14,13.5,1,1001,653.97,319.06,104.67
208871595,USA / Delta Downs (US) 19th Jan,R5 1m Mdn Claim,20-01-2023 00:50,41752746,Shoetrick,0,16.591061477800835,15.1269413007250222242153181197106837061,15.6486151088436546648511694444923214809,16.5,14.5,1,1001,580.19,479.28,6.55
208886409,USA / Laurel Park (US) 20th Jan,R6 6f Claim,20-01-2023 19:53,28568388,My Super Sally,0,34,33.9982905331139350451561436940180449421,1,40,34,910,910,0,245.64,195.8
208886409,USA / Laurel Park (US) 20th Jan,R6 6f Claim,20-01-2023 19:53,37459732,Little Ms Scarlet,0,13.804030828798712,13.348547214890596785744154563995976232,1,14,13.5,1,1001,0,488.64,99.01
208886415,USA / Laurel Park (US) 20th Jan,R8 6f Allw Claim,20-01-2023 20:52,46361499,Tribal Queen,0,10.52839855,5.68814467901328698795305662359878864232,1,1,1001,1,1001,0,1145,281.81
208886415,USA / Laurel Park (US) 20th Jan,R8 6f Allw Claim,20-01-2023 20:52,46611181,Naval Empire,0,55,22.9538267812572545871778753734179008096,1,55,38,200,70,0,359.28,112.97
208886415,USA / Laurel Park (US) 20th Jan,R8 6f Allw Claim,20-01-2023 20:52,47703930,Blowthruyelowlites,0,6.41200776227517,3.63214972250187471740690068726680918603,1,5.5,5.2,1,1001,0,1224.56,206.77
208886397,USA / Laurel Park (US) 20th Jan,R2 7f Claim,20-01-2023 17:56,35549042,Despite Odds,0,129.860305977,82.2993875594886901682770312282969209466,1,90,90,44,6,0,25.68,846.86
208886397,USA / Laurel Park (US) 20th Jan,R2 7f Claim,20-01-2023 17:56,41682580,Jebster,0,6.930041823431626,5.69917096177643293909020116373741706049,1,1,1001,1,1001,0,676.18,268.45
208886400,USA / Laurel Park (US) 20th Jan,R3 1m Claim,20-01-2023 18:25,48353639,Dunder Boss,1,4.49085714950459,3.05320631574755230796936749775525264517,1,4.2,3.65,1,1001,0,2412.74,2734.12
208886400,USA / Laurel Park (US) 20th Jan,R3 1m Claim,20-01-2023 18:25,49245464,Nowyouscantleave,0,140,104.31413593670730198951556951113926609,1,150,90,1000,34,0,65.28,321.46
208886418,USA / Laurel Park (US) 20th Jan,R9 7f Claim,20-01-2023 21:21,35916403,Pressing Concern,0,36.29127771982167,22.0764687870884737149916815457714115497,1,38,32,1,1001,0,372.82,186.06
208886418,USA / Laurel Park (US) 20th Jan,R9 7f Claim,20-01-2023 21:21,41667750,Total Effort,0,8.6,5.19493942771067491993037913677999046572,1,7.8,6.4,400,400,0,1801.72,102.92
208886406,USA / Laurel Park (US) 20th Jan,R5 6f Mdn Claim,20-01-2023 19:23,25146710,Lootah,0,27.552550072422022,15.61082730043433155190840130302859469,1,32,32,1,1001,0,382.04,178.28
208871718,USA / Charles Town (US) 19th Jan,R8 1m1f Mdn Claim,20-01-2023 03:17,41531059,Smoozer,0,4.3,3.73781165442809044160799830975396790449,4.11904807562153138113071335108062987863,5.3,4.4,1,1001,1773.04,1404.4,15.52
208871718,USA / Charles Town (US) 19th Jan,R8 1m1f Mdn Claim,20-01-2023 03:17,39459744,Playing Gold,0,41.022099932898506,24.6654421365416474187248822738609975325,26.5610506523844795168366474844738191556,48,15,30,30,175.51,112.38,18.15
208871714,USA / Charles Town (US) 19th Jan,R4 1m1f Claim,20-01-2023 01:25,41080288,Similar Taste,0,4.947353965658696,4.32989311024574403322639444057328325351,5.74032950708980418636056718433490884537,5.7,5.3,1,1001,1481,1245.68,51.52
208871714,USA / Charles Town (US) 19th Jan,R4 1m1f Claim,20-01-2023 01:25,6620388,Air Medal,0,9.808767519442931,8.09670661957950458898753106223074512729,8.50651324423741658810698903861439213294,9.4,9,1,1001,1081.98,934.76,33.14
208871717,USA / Charles Town (US) 19th Jan,R7 7f Allw,20-01-2023 02:49,36705597,Reveirs Minute,0,30.156257772818208,19.3107062995844313768510314437682895642,21.6678352263095439905068655704356670622,40,22,1,1001,294.95,260.2,31.33
208871712,USA / Charles Town (US) 19th Jan,R2 5f Allw,20-01-2023 00:30,39882772,River Warrior Rvf,0,4.681962543537374,3.02325809754640899065993526677788131751,4.82521503054672622629354589796048393377,4.7,4.1,510,510,2825.18,2733.98,91.2
208871716,USA / Charles Town (US) 19th Jan,R6 7f Claim,20-01-2023 02:21,7148924,Spritzer,0,14.670728032646746,19.1523330036101135902768472058206190616,17.8434217171717171717171717171717171717,26.94,13.47,1,1001,1425.6,1222.62,10.88
208871713,USA / Charles Town (US) 19th Jan,R3 1m1f Allw,20-01-2023 00:57,40056682,Bays Castle,0,20,19.2506673882499960455586923495777351505,18.5809275428053067241183807687946479193,22,17,110,110,440.95,330.02,16.71
208886852,USA / Golden Gate Fields (US) 20th Jan,R4 1m Mdn Claim,20-01-2023 22:49,41951582,King Rob,0,7,4.34065551071353010618588373707021430969,1,7,5.3,1,1001,0,3226.4,195.01
208886852,USA / Golden Gate Fields (US) 20th Jan,R4 1m Mdn Claim,20-01-2023 22:49,46538122,Viva Leon Jodido,0,32,19.3485672642066070777056018868675222998,1,36,30,1,1001,0,256.12,43.7
208886852,USA / Golden Gate Fields (US) 20th Jan,R4 1m Mdn Claim,20-01-2023 22:49,50047557,Shanagolden,0,8.606001638305607,6.48065349616866834559772627790511656597,1,9.6,8,1,1001,0,2801.14,324.79
208886846,USA / Golden Gate Fields (US) 20th Jan,R2 5f Mdn Claim,20-01-2023 21:47,46687504,Passion Of Joes,0,10.539275870127602,8.89610775753777244012003668401412680472,1,9.8,9.8,1,1001,0,1194.74,55.38
208886616,USA / Aqueduct (US) 20th Jan,R6 7f Claim,20-01-2023 20:18,9968939,Focus,0,11.692828669520095,7.30383756683346388348964448416842438281,1,11.5,8.97,400,400,0,1765.48,464.14
208886616,USA / Aqueduct (US) 20th Jan,R6 7f Claim,20-01-2023 20:18,41237271,Holiday Jazz,0,6.6,4.57907596428361937502974527481772976868,1,6.8,6.6,1000,5.2,0,2269.57,543.72
208886604,USA / Aqueduct (US) 20th Jan,R2 1m Claim,20-01-2023 18:18,36067,Sweet Sensation,0,8.27203025113791,7.00363298338755815792121668048241726122,1,8,8,100,50,0,781.62,1104.68
208886604,USA / Aqueduct (US) 20th Jan,R2 1m Claim,20-01-2023 18:18,40630089,R Girl Faith,1,13.020674895541744,9.96376967746619749840744661123189456956,1,10.5,10.5,1.02,1.01,0,813.42,6945.73
208886622,USA / Aqueduct (US) 20th Jan,R8 6f Mdn Claim,20-01-2023 21:16,45617030,Ee Yah,1,2.2464110291846815,1.2932070147671124845216747435641455207,1,2.24,2.2,1.01,1.01,0,3819.6,3229.82
208886619,USA / Aqueduct (US) 20th Jan,R7 1m1f Allw Claim,20-01-2023 20:47,40225981,No Burn,1,3.3,2.02132891159368428000142823875330354768,1,4.1,3.35,3.6,1.01,0,9314.08,7095.16
208885920,USA / Gulfstream Park (US) 20th Jan,R2 1m Claim,20-01-2023 17:40,42905206,Badbadbobby,0,14.712106727239444,13.040520955533567972156375051161733815,1,20,11,910,910,0,1854.39,47.7
208885929,USA / Gulfstream Park (US) 20th Jan,R5 7f Claim,20-01-2023 19:09,47317838,Carlotuk,0,7.8,5.52651282488237165090765048499616571888,1,8.4,6.2,1,1001,0,1673.9,208.83
208885923,USA / Gulfstream Park (US) 20th Jan,R3 5f Mdn Claim,20-01-2023 18:09,805557,Velocissima,0,20,20.7042714918468601765151729766011724091,1,23,20,20,20,0,295.02,94.24
208885923,USA / Gulfstream Park (US) 20th Jan,R3 5f Mdn Claim,20-01-2023 18:09,11333915,Temerity,1,5.059338596473681,4.3897688332405462631358300599962993396,1,5.4,5.1,38,1.01,0,2315.18,3759.14
208885923,USA / Gulfstream Park (US) 20th Jan,R3 5f Mdn Claim,20-01-2023 18:09,12271025,Nyssa,0,8.19062297481345,8.17801800696962991762936934280959733756,1,11.5,7.8,1,1001,0,1062.56,178.04
208885923,USA / Gulfstream Park (US) 20th Jan,R3 5f Mdn Claim,20-01-2023 18:09,41790605,Interesting Gem,0,75,96.8768777008756154996077932003901688427,1,170,55,950,950,0,119.12,9.06
208885926,USA / Gulfstream Park (US) 20th Jan,R4 1m Mdn,20-01-2023 18:39,40804298,Tiz Eternal,0,3.75,3.2209317860092508964037033899000165232,1,13,3.75,400,400,0,8305.56,1624.58
208885926,USA / Gulfstream Park (US) 20th Jan,R4 1m Mdn,20-01-2023 18:39,51825304,Memories R Magic,0,290.1969854466641,175.682369266451665581842805356052371915,1,350,150,1,1001,0,63.64,13.99
208885935,USA / Gulfstream Park (US) 20th Jan,R7 1m Allw Claim,20-01-2023 20:07,46328855,Petulante,2,5.024251879,3.80679688277513949436735328845622220285,1,5.9,5.2,4.6,4.6,0,2922.7,2779.96
208885935,USA / Gulfstream Park (US) 20th Jan,R7 1m Allw Claim,20-01-2023 20:07,41503449,Iconic Adventure,0,14,10.8184302277422425742911436132153593241,1,16,14,1000,1000,0,1121.3,118.46
208885935,USA / Gulfstream Park (US) 20th Jan,R7 1m Allw Claim,20-01-2023 20:07,42433731,Strong Quality,0,3.350941037114099,1.92264736884594661341306596473049401137,1,3.6,2.8,1000,2.02,0,8876.78,3496.11
208885935,USA / Gulfstream Park (US) 20th Jan,R7 1m Allw Claim,20-01-2023 20:07,58269,Troubleshooter,0,190,72.2873625657106033007401983877421166587,1,180,130,1000,120,0,105.16,27.01
208885938,USA / Gulfstream Park (US) 20th Jan,R8 1m1f Claim,20-01-2023 20:36,40525341,Cricket West,0,65,53.1853303233893580614807303483783527964,1,65,55,1,1001,0,64.1,164.87
208885938,USA / Gulfstream Park (US) 20th Jan,R8 1m1f Claim,20-01-2023 20:36,40832412,True Blue Pearl,0,7.4,6.85533698778813027922466473745226259484,1,8.4,6.8,1000,400,0,2403.58,297.44
208885917,USA / Gulfstream Park (US) 20th Jan,R1 1m1f Mdn Claim,20-01-2023 17:10,12151593,Reds Revenge,0,5.749544271406922,5.6389941160784921941235427460393736357,1,1,1001,6.8,5.6,0,341.86,2164.7
208885917,USA / Gulfstream Park (US) 20th Jan,R1 1m1f Mdn Claim,20-01-2023 17:10,26630598,Blue Maverick,0,12.5,9.93592852516846485696394855979494909567,1,1,1001,120,12,0,463.46,852.06
208885917,USA / Gulfstream Park (US) 20th Jan,R1 1m1f Mdn Claim,20-01-2023 17:10,49159595,Voice An Opinion,0,175.75929687687162,118.172258945539164625728149900887185188,1,130,100,240,120,0,44.34,191.4
208887467,USA / Penn National (US) 20th Jan,R3 6f Claim,20-01-2023 23:54,28749480,Berhanu,0,8.056271312,7.32259786033360674301545491307190527655,1,8.6,7.4,1,1001,0,1381.46,39.52
208887467,USA / Penn National (US) 20th Jan,R3 6f Claim,20-01-2023 23:54,10102986,Against The Odds,0,15.025721601,13.4405744994537189492449174504926540716,1,13,13,1,1001,0,478.46,21.6
208887670,USA / Santa Anita Park (US) 20th Jan,R1 1m Claim,20-01-2023 20:30,24157601,Moody Jim,0,2.6210256917477057,1.80466939776001446500073241859545781066,1,2.76,2.62,2.64,2.02,0,4688.94,1490.53
208887670,USA / Santa Anita Park (US) 20th Jan,R1 1m Claim,20-01-2023 20:30,26376151,Ready Soul,0,3.241578422,1.95205162386925266250415078933368916887,1,2.98,2.9,1,1001,0,3172.54,749.31
208887679,USA / Santa Anita Park (US) 20th Jan,R4 6f Mdn,20-01-2023 22:03,39271100,Irondale,0,27.96861745171016,30.3283778892661123528745140139534420199,1,40,28,190,32,0,880.42,34.2
208887679,USA / Santa Anita Park (US) 20th Jan,R4 6f Mdn,20-01-2023 22:03,39343015,Agador Spartacus,0,111.188850519597,76.6802740369922988780572747381446282485,1,130,55,330,75,0,342.44,25.31
208887688,USA / Santa Anita Park (US) 20th Jan,R7 1m2f Allw,20-01-2023 23:36,41200978,The Grey Wizard,1,1.852479163408514,.872512511403077845084279888567113289536,1,1.95,1.81,2.06,1.01,0,25079.94,5980.26
208887676,USA / Santa Anita Park (US) 20th Jan,R3 6f Claim,20-01-2023 21:30,11818410,Invincibella,0,7.106546415122139,5.89836656031010169669268896023986117214,1,8.4,6.2,1,1001,0,4589.58,310.24
208887676,USA / Santa Anita Park (US) 20th Jan,R3 6f Claim,20-01-2023 21:30,39331709,Miracle Of Hope,0,19.55980085484967,17.5904366923129084278529697807960532892,1,32,19.5,1000,920,0,993.52,79.77
208886264,USA / Tampa Bay Downs (US) 20th Jan,R2 6f Claim,20-01-2023 18:02,24832945,Don H,0,134.60104319632038,104.625124828999812282658041171052954789,1,130,55,1,1001,0,117.71,6.15
208886264,USA / Tampa Bay Downs (US) 20th Jan,R2 6f Claim,20-01-2023 18:02,46297520,Confident N Elite,0,37.86952932976186,30.4960132832412346259987906100126156378,1,38,29,910,20,0,303.06,175.23
208886270,USA / Tampa Bay Downs (US) 20th Jan,R4 6f Mdn Claim,20-01-2023 19:03,50941046,La Buffalita,0,46,41.8769323101333271250174810138398752335,1,54.81,38,1,1001,0,123.22,27.98
208886261,USA / Tampa Bay Downs (US) 20th Jan,R1 7f Claim,20-01-2023 17:32,36438975,Kerik,0,7.537683445,5.28004840097749441349043229151555546384,1,7.4,6,1000,1000,0,2777.72,347.47
208886261,USA / Tampa Bay Downs (US) 20th Jan,R1 7f Claim,20-01-2023 17:32,38793747,Thunder Buggy,1,2.08,.959470635393532803362057545187866580706,1.84989890900916458831253589083147748205,2.08,1.95,2.22,1.01,3.98,10876.62,21037.92
208886267,USA / Tampa Bay Downs (US) 20th Jan,R3 1m Claim,20-01-2023 18:33,48572179,Imagoodfella,0,6.304550790502109,5.44178883213408118414552000012746002083,1,6.6,5.8,1,1001,0,1807.88,992.26
208886285,USA / Tampa Bay Downs (US) 20th Jan,R9 5f Allw Claim,20-01-2023 21:40,13430929,Balistico,0,10.35578716914519,9.17298735288114982386868600373987022075,1,11,8.8,400,7.6,0,3366.66,753.64
208886285,USA / Tampa Bay Downs (US) 20th Jan,R9 5f Allw Claim,20-01-2023 21:40,19594678,Thatsafactjack,0,7.598175941501832,7.03482296612185388865719892257069987045,1,8,7.2,1,1001,0,2567.7,398.01
208871644,USA / Penn National (US) 19th Jan,R6 6f Claim,20-01-2023 01:16,45775435,Liltonytwophones,1,2.08,.995345810324824270567729822165927279953,1.73677952256791285198036947728178687421,2.1,1.89,1.01,1.01,18363.24,13047,4084.86
208871642,USA / Penn National (US) 19th Jan,R4 1m Claim,20-01-2023 00:22,42539417,Uncle Yudi,0,200,144.737148068396134496061166609673890818,75.2957872530844467173815764239595985425,270,130,1,1001,156.43,53.96,11.73
208871643,USA / Penn National (US) 19th Jan,R5 6f Claim,20-01-2023 00:49,35824584,Devious Mo,1,4.5,3.1772362842549113480717654995654449308,2.33921014950455715955631643178265106934,4.3,4.1,3,1.44,6997.78,2479.96,4304.8
208871643,USA / Penn National (US) 19th Jan,R5 6f Claim,20-01-2023 00:49,22752994,Keeping The Peace,0,5.549252346383874,4.5461823970979067466559352517214567858,4.98617253932910915686054271197415279714,5.7,5.3,1,1001,1513.51,1151.32,32.85
208887148,USA / Delta Downs (US) 20th Jan,R3 5f Mdn Claim,20-01-2023 23:46,40573079,Roadside Girl,1,4.9486808645696145,4.36090067565287236674858472373560887495,1,5.3,5.2,1.01,1.01,0,1604.8,2572.24
208887657,USA / Sam Houston (US) 20th Jan,R6 1m Claim,20-01-2023 21:15,15128594,Lethal Move,0,60,55.3882536036673720978729532161691736952,1,110,55,1,1001,0,64.58,276.98
208887656,USA / Sam Houston (US) 20th Jan,R5 6f Mdn,20-01-2023 20:48,47883582,Learning To Win,1,4.5,3.41415254056739291383027393220139726736,1,1,1001,30,1.01,0,466.5,3024.56
208887660,USA / Sam Houston (US) 20th Jan,R9 1m1f Allw Claim,20-01-2023 22:36,13346944,Dontask Donttell,0,3.1664449281473566,2.11926541559211112363506469249634042454,1,3.4,2.94,1,1001,0,2454.88,191.78
208887658,USA / Sam Houston (US) 20th Jan,R7 7f Allw Claim,20-01-2023 21:42,43382882,Mr. Nightblinger,0,64.62039181946776,48.9824946799556660386278479484520222186,1,110,40,130,130,0,147.24,24.99
208871599,USA / Delta Downs (US) 19th Jan,R9 5f Claim,20-01-2023 02:52,35405742,Our Clover Gal,0,8,5.58876068207205687121667506859177946531,4.95927069131628219810583337877878969661,1,1001,1,1001,1100.22,658.92,138.82
208871596,USA / Delta Downs (US) 19th Jan,R6 1m Claim,20-01-2023 01:20,39803345,Getcha,0,19.412253527,23.9300309075974398769635575234658453374,11.3743743199129488574537540805223068553,1,1001,1,1001,183.8,14.22,13.2
208871597,USA / Delta Downs (US) 19th Jan,R7 5f Allw,20-01-2023 01:50,26986539,Golden Smiles,0,7.234931657,6.60527836993841377169965402766132477443,7.50249691944712433971095339529463458434,7.4,7.4,110,100,1046.89,693.92,57.79
208886415,USA / Laurel Park (US) 20th Jan,R8 6f Allw Claim,20-01-2023 20:52,44640294,Tappin Josie,1,2.367826208739135,1.34951247516334712268395818012479086529,1,2.68,2.52,2.96,1.01,0,7617.56,12851.6
208886394,USA / Laurel Park (US) 20th Jan,R1 1m Claim,20-01-2023 17:25,1256292,Vodkatini,1,4.6081194663653156,4.19643748156974007688393217511935972331,1,5,5,1.01,1.01,0,1424.08,3975.04
208886394,USA / Laurel Park (US) 20th Jan,R1 1m Claim,20-01-2023 17:25,40736660,Oh Mrs. Maisel,0,5.061098698641872,4.38635556029266499034440592943962326873,1,6.4,5.4,1,1001,0,1490.56,676.78
208886394,USA / Laurel Park (US) 20th Jan,R1 1m Claim,20-01-2023 17:25,43234688,Red Wine Time,0,4.318525798,2.73427207113782813703404016651087394143,1,4.2,3.3,1000,75,0,3271.64,489.5
208886418,USA / Laurel Park (US) 20th Jan,R9 7f Claim,20-01-2023 21:21,40301018,Superstitieux,0,3.775525132,2.3828981396927854700468527650924308929,1,4.8,3.1,4,3,0,2913.24,701.68
208886406,USA / Laurel Park (US) 20th Jan,R5 6f Mdn Claim,20-01-2023 19:23,41667774,Bourbon On The Bay,1,7.131771878201105,4.72589848705818761610543292433237024352,1,6.6,6.2,1,1001,0,2605.34,4382.56
208871718,USA / Charles Town (US) 19th Jan,R8 1m1f Mdn Claim,20-01-2023 03:17,32708532,Gandhis Orion,0,4.760169913307764,4.09781276900933049760565832600135778748,5.0990438675022381378692927484333034915,5.3,4.9,1,1001,1117,800.38,81.24
208871718,USA / Charles Town (US) 19th Jan,R8 1m1f Mdn Claim,20-01-2023 03:17,40966088,Cherrys Cross,0,15,14.8828172174301146468229103767598471376,11.1831549709991013806061596274814149171,16,16,1,1001,244.82,151.94,4.12
208871711,USA / Charles Town (US) 19th Jan,R1 7f Allw,20-01-2023 00:00,40477042,Decisive Cause,0,153.1210816828796,133.817421843555321263325865268511955434,66.6633059166887768638896258954629875299,230,100,1,1001,113.07,43.92,1.65
208871717,USA / Charles Town (US) 19th Jan,R7 7f Allw,20-01-2023 02:49,45969956,Karpathian Dream,0,5.179494174407613,3.02069448805786495622492180215324574262,4.2037400290275761973875181422351233672,5,3.9,3.2,3.2,1722.5,1477.24,245.26
208871712,USA / Charles Town (US) 19th Jan,R2 5f Allw,20-01-2023 00:30,30514893,Hopping Henry,1,2.0751771626314444,.835529492059163655218107665565962944241,1.78935539722004768279891139718678613896,2.18,1.74,2,1.01,33672.52,30050.84,3621.68
208871712,USA / Charles Town (US) 19th Jan,R2 5f Allw,20-01-2023 00:30,38854229,Charitably Gifted,0,109.20228976375337,47.4466012153845201886247974218502578319,56.7527268507774425620793687630540728707,130,50,1,1001,172.36,169.66,2.7
208871713,USA / Charles Town (US) 19th Jan,R3 1m1f Allw,20-01-2023 00:57,39381761,Elianagrace,0,46.01641602130607,36.1276009659202909366752683784940652974,26.5349445621029027033761056434533449608,44,34,1,1001,240.81,105.98,35.35
208886858,USA / Golden Gate Fields (US) 20th Jan,R6 6f Mdn Claim,20-01-2023 23:51,40778587,Granola Girl,0,5.469559623827953,4.17434525479734579352680389965485263813,1,5.5,5.1,1,1001,0,1951.24,1416.34
208886849,USA / Golden Gate Fields (US) 20th Jan,R3 5f Claim,20-01-2023 22:18,26565960,Darksaber,0,5.7,4.56243781201499587458645002395864398546,1,7.8,4.6,1000,5.9,0,5683.74,1610.62
208886849,USA / Golden Gate Fields (US) 20th Jan,R3 5f Claim,20-01-2023 22:18,39833987,Excessive Cat,1,2.1951252066264724,1.22458098675928044196844809245932039698,1,2.3,2.2,2.34,2.34,0,20980.76,3396.24
208886855,USA / Golden Gate Fields (US) 20th Jan,R5 6f Claim,20-01-2023 23:20,40300881,Tamara Mine,0,5.388021112,4.68575860389701088625163045929406756659,1,6,5.4,1,1001,0,1857.58,110.42
208886855,USA / Golden Gate Fields (US) 20th Jan,R5 6f Claim,20-01-2023 23:20,40868989,Crystal Proof,1,1.9477968456888626,1.05883152112365601002860485045977550146,1,2.46,1.93,1.01,1.01,0,19334.56,6752.42
208886855,USA / Golden Gate Fields (US) 20th Jan,R5 6f Claim,20-01-2023 23:20,40984233,Cielo Diamante,0,21.547565768,21.273010471936574766133599916328634443,1,27,25,1,1001,0,371.16,180.54
208886843,USA / Golden Gate Fields (US) 20th Jan,R1 6f Claim,20-01-2023 21:15,36346544,Gator Shining,0,3.5097650611322018,3.27623415277194005293540319571374428011,1,4.4,4.1,1,1001,0,2024.16,692.78
208886616,USA / Aqueduct (US) 20th Jan,R6 7f Claim,20-01-2023 20:18,37065813,Ricelle,0,10.66497827751702,7.8118479984788886214451203239628391993,1,13,10,9.4,9.4,0,1456.66,194
208886613,USA / Aqueduct (US) 20th Jan,R5 6f Mdn Claim,20-01-2023 19:47,49983995,Britney Is Free,0,69.2885192901976,21.5199481002751021783620130390895497612,1,70,70,1000,40,0,159.54,33.03
208886601,USA / Aqueduct (US) 20th Jan,R1 7f Mdn Claim,20-01-2023 17:50,40966110,Rent Control,0,100,82.5763937267323310426712533164241407024,1,110,36,490,3.1,0,220.82,1787.21
208886607,USA / Aqueduct (US) 20th Jan,R3 6f Claim,20-01-2023 18:47,20666407,Olive Kat,0,6.323070224425755,5.96343057165239166129661247530067229163,1,1,1001,400,2.02,0,584.3,2457.98
208886607,USA / Aqueduct (US) 20th Jan,R3 6f Claim,20-01-2023 18:47,36457036,Chloe Rose,0,4.7,3.61802062721846022499742605270312565454,1,1,1001,1,1001,0,942.88,243.17
208886610,USA / Aqueduct (US) 20th Jan,R4 7f Allw,20-01-2023 19:17,16274,Doctor Love,0,4.362321259133935,2.80541870038124607951858228968818923275,1,4.1,3.65,11.5,11.5,0,3517.54,908.74
208886610,USA / Aqueduct (US) 20th Jan,R4 7f Allw,20-01-2023 19:17,8864025,Fenway,0,42.44807141788304,37.7218299254224585322596837635579399906,1,46,34,1,1001,0,308.98,369.94
208886610,USA / Aqueduct (US) 20th Jan,R4 7f Allw,20-01-2023 19:17,32909303,Big Venezuela,0,6.524318478384519,5.30930366000581739920799809659852201278,1,1,1001,1,1001,0,1488.4,710.88
208886610,USA / Aqueduct (US) 20th Jan,R4 7f Allw,20-01-2023 19:17,39991949,Labarde,0,7.892682396849853,6.68241232329682867908969811960118065176,1,8.2,7.2,1,1001,0,1438.32,396.18
208886619,USA / Aqueduct (US) 20th Jan,R7 1m1f Allw Claim,20-01-2023 20:47,11488733,Senior Investment,0,13.5,7.50496730099976899952543417149865358092,1,12,9.8,1000,9.4,0,1228.14,179.26
208886619,USA / Aqueduct (US) 20th Jan,R7 1m1f Allw Claim,20-01-2023 20:47,28743653,Little Demon,0,4.3523579623119435,2.64639716727576695441723915049797462608,1,4.2,3.6,170,170,0,7459.62,716.97
208885923,USA / Gulfstream Park (US) 20th Jan,R3 5f Mdn Claim,20-01-2023 18:09,41437026,Theodoropoulos,0,5.936490773,5.10163283852631927564170716666040197851,1,1,1001,1,1001,0,716.3,500.14
208885923,USA / Gulfstream Park (US) 20th Jan,R3 5f Mdn Claim,20-01-2023 18:09,41812994,Roseisalwaysrite,0,48,45.3754161997437510968325009772537578252,1,50,42,1,1001,0,164.1,42.47
208885935,USA / Gulfstream Park (US) 20th Jan,R7 1m Allw Claim,20-01-2023 20:07,35400420,Milliken,2,3.6,2.33245665780788824278072261057970602705,1,3.5,3.2,1,1001,0,6978.4,3642.02
208885935,USA / Gulfstream Park (US) 20th Jan,R7 1m Allw Claim,20-01-2023 20:07,40214371,Montauk Point,0,46,29.9451872010074983868180223442866238604,1,60,44,1,1001,0,257.56,42.81
208885938,USA / Gulfstream Park (US) 20th Jan,R8 1m1f Claim,20-01-2023 20:36,41968032,Sister Nell,0,4.929104554137805,4.11813875786041854285532803598188042128,1,5.4,4.7,110,2,0,4098.86,667.93
208885938,USA / Gulfstream Park (US) 20th Jan,R8 1m1f Claim,20-01-2023 20:36,46392630,Boston Princess,0,12.5,9.51261696749301521131757505876092066167,1,1,1001,110,110,0,786.32,343.25
208885938,USA / Gulfstream Park (US) 20th Jan,R8 1m1f Claim,20-01-2023 20:36,15068383,C Cs Freedom,0,250,101.119314757371880102185796567191511366,1,250,80,85,85,0,58.86,13.99
208885941,USA / Gulfstream Park (US) 20th Jan,R9 6f Claim,20-01-2023 21:06,5725403,Straight Shot,0,4.317922801647219,3.23590308125859522778991047393234321957,1,4.4,4,1,1001,0,3058.72,1141.86
208885917,USA / Gulfstream Park (US) 20th Jan,R1 1m1f Mdn Claim,20-01-2023 17:10,49318125,Lookinassah,0,3.2764651645289264,1.79134880082048761050264166427074372282,1,2.9,2.68,2.84,2.6,0,7296.84,6030.36
208887467,USA / Penn National (US) 20th Jan,R3 6f Claim,20-01-2023 23:54,6404219,High Heat,0,2.581141227500924,1.47134008986878418235471000035873586282,1,2.68,2.18,180,180,0,9998,294.27
208887467,USA / Penn National (US) 20th Jan,R3 6f Claim,20-01-2023 23:54,19812061,Bourbon Mission,0,16,14.9407766930488148757599777806262633544,1,19,16.5,1000,1000,0,381.16,19.6
208887466,USA / Penn National (US) 20th Jan,R2 1m Claim,20-01-2023 23:27,24713040,Relishment,0,15.5,14.6419973123712979128271982649945473728,1,19,14,1,1001,0,811.1,25.19
208887466,USA / Penn National (US) 20th Jan,R2 1m Claim,20-01-2023 23:27,38807639,Uncle Jerome,0,37.84234544571515,34.5632866148283874790300077916907271519,1,44,32,1,1001,0,308.74,6.26
208887465,USA / Penn National (US) 20th Jan,R1 6f Claim,20-01-2023 23:00,42389976,Lionesque,0,4.7,2.90364127570333030040894874651790062133,1,4.8,4.6,100,100,0,3766.8,97.97
208887673,USA / Santa Anita Park (US) 20th Jan,R2 1m Allw Claim,20-01-2023 20:59,484666,Trouville,0,13.00342351376894,13.9103791569492787839727673668938979138,1,14,13,40,40,0,908.2,219.93
208887679,USA / Santa Anita Park (US) 20th Jan,R4 6f Mdn,20-01-2023 22:03,50749195,Toms X S,1,5.987903750268524,4.79915815142573194324320679177933057409,1,7.2,4.9,1.01,1.01,0,12678.28,8943.68
208887682,USA / Santa Anita Park (US) 20th Jan,R5 6f Mdn Claim,20-01-2023 22:34,5766256,Princess Magic,0,24.442449939,34.8130720467936435935735035668310711496,1,95,21,1,1001,0,705.2,98.37
208887688,USA / Santa Anita Park (US) 20th Jan,R7 1m2f Allw,20-01-2023 23:36,7238095,Remote,0,9.8,9.0894719452540439539046261851355887654,1,11,8.8,1,1001,0,1325.1,496.1
208887676,USA / Santa Anita Park (US) 20th Jan,R3 6f Claim,20-01-2023 21:30,16624899,Piazzetta,0,9.6,7.1850168757021385574583417527560022037,1,10,8.4,1,1001,0,2604.76,116.13
208886264,USA / Tampa Bay Downs (US) 20th Jan,R2 6f Claim,20-01-2023 18:02,39899175,Risk Vs Reward,0,2.948644725466294,2.07466641738160633422055991948011930594,1,3.15,2.94,1000,390,0,4656.2,1180.54
208886264,USA / Tampa Bay Downs (US) 20th Jan,R2 6f Claim,20-01-2023 18:02,40618045,Winters Ghost,0,5.26694997385057,4.74603398819432098184932359947208202708,1,6,5.1,660,660,0,2350.06,110.46
208886276,USA / Tampa Bay Downs (US) 20th Jan,R6 6f Claim,20-01-2023 20:03,28755303,Garbo Speaks,0,6.2,4.40998945668792270569283905338332308213,1,6.2,5.2,190,190,0,3671.64,598.3
208886279,USA / Tampa Bay Downs (US) 20th Jan,R7 1m1f Claim,20-01-2023 20:33,16281100,Canyouhearmenow,0,188.355330797,131.467710130035667852677894605703819114,1,260,140,140,75,0,154.4,90
208886279,USA / Tampa Bay Downs (US) 20th Jan,R7 1m1f Claim,20-01-2023 20:33,40457867,Ronstadt,0,4.098599157833684,2.79479761344767822096414209748852862084,1,4.1,3.9,100,100,0,4950.08,698.11
208886279,USA / Tampa Bay Downs (US) 20th Jan,R7 1m1f Claim,20-01-2023 20:33,49983972,Smart As Me,0,16.120919228,10.1055388301530451279336077269124842305,1,16.5,13,1,1001,0,1346.2,2556.5
208886273,USA / Tampa Bay Downs (US) 20th Jan,R5 1m Mdn Claim,20-01-2023 19:33,38527864,Starship Mozart,0,12.226803889663524,10.1366555990554364235097434033550179851,1,14,12,980,18.5,0,589.88,84.3
208886273,USA / Tampa Bay Downs (US) 20th Jan,R5 1m Mdn Claim,20-01-2023 19:33,49102817,Joe Brains,1,6.2,3.89259679614731136982909515297554204286,1,1,1001,5.3,2.1,0,1119.2,5405.92
208886273,USA / Tampa Bay Downs (US) 20th Jan,R5 1m Mdn Claim,20-01-2023 19:33,48572183,J Js Justice,0,41.798764944,23.2259983960943294020572863187203739192,1,50,36,4,4,0,285.48,437.32
208886267,USA / Tampa Bay Downs (US) 20th Jan,R3 1m Claim,20-01-2023 18:33,48353568,King Sparrow,1,6.718648868843228,6.25764684927104371626039162379788998846,1,6.8,6.8,5,1.01,0,1494.88,6542.3
208886267,USA / Tampa Bay Downs (US) 20th Jan,R3 1m Claim,20-01-2023 18:33,46392309,Summer All Year,0,7,7.12947585296014500808423642086346101505,1,1,1001,120,120,0,1302.3,207.42
208886267,USA / Tampa Bay Downs (US) 20th Jan,R3 1m Claim,20-01-2023 18:33,47761852,Okletsgo,0,8.496361899867185,6.28175559871447401343893043944643843414,1,6.6,6.6,1000,3.6,0,1430.56,682.5
208886285,USA / Tampa Bay Downs (US) 20th Jan,R9 5f Allw Claim,20-01-2023 21:40,35638630,Savvy Layla,0,24,22.3097243224502227913896120909796114023,1,32,21,20,20,0,1070.1,74.62
208886285,USA / Tampa Bay Downs (US) 20th Jan,R9 5f Allw Claim,20-01-2023 21:40,40300942,Fluid Situation,1,3.0665624096753525,2.102625482049477934317136586565588692,1,3.3,3.05,2.7,1.01,0,13718.32,10821.42
208871642,USA / Penn National (US) 19th Jan,R4 1m Claim,20-01-2023 00:22,36857522,Hold The Irish,0,99.7842614963092,59.0351861084465455867199755027889781043,49.7995812714122573277502854967643700038,50,50,990,150,105.08,50.48,4.76
208871645,USA / Penn National (US) 19th Jan,R7 1m Claim,20-01-2023 01:43,15121703,Full Of Attitude,0,2.2318138253143376,1.23922113590666450164818577686939693037,2.46650404327303841811506149631995686177,2.52,2.12,1,1001,10681.94,10495.76,186.18
208871645,USA / Penn National (US) 19th Jan,R7 1m Claim,20-01-2023 01:43,40630075,Days Remembered,0,9.57322512418614,6.19165722525373136711405541353285780213,9.11896088384592415646461630337414153479,6.8,6.8,1,1001,1004.7,971.04,33.66
208871643,USA / Penn National (US) 19th Jan,R5 6f Claim,20-01-2023 00:49,12460879,Wolfinbarger,0,10.645667622127897,8.62198199345359529929283388045264632492,8.93816366757805048642462008011699624849,10.5,8,1,1001,1258.16,1092.18,23.84
208887147,USA / Delta Downs (US) 20th Jan,R2 7f Claim,20-01-2023 23:18,28400045,Serbian Sailor,1,34.5410009972006,24.0539073218908631783996665380869624094,1,38,30,1,1001,0,322.98,2589.22
208887147,USA / Delta Downs (US) 20th Jan,R2 7f Claim,20-01-2023 23:18,39692800,Dare To Fail,0,1.9944830648352943,.812364185674086268907853859008733630381,1,1.94,1.94,1.94,1.94,0,8115.68,2485.98
208887147,USA / Delta Downs (US) 20th Jan,R2 7f Claim,20-01-2023 23:18,46144831,Cabochon Treasure,0,12,8.93188354393536936866562901867075019209,1,12,10.5,10.5,10.5,0,1496.02,226.5
208887147,USA / Delta Downs (US) 20th Jan,R2 7f Claim,20-01-2023 23:18,46071668,Uncle Brad,0,65,32.8066280318480723155000526197343415852,1,85,46,1,1001,0,261.62,3.67
208887148,USA / Delta Downs (US) 20th Jan,R3 5f Mdn Claim,20-01-2023 23:46,26199208,Chatains Eagle,0,12.695002161,13.3433010811455401975491171494045968239,1,20,12.5,1,1001,0,779.18,8.62
208887148,USA / Delta Downs (US) 20th Jan,R3 5f Mdn Claim,20-01-2023 23:46,13100986,Rose Of Cimarron,0,27.55210639365017,25.3577092270551418356371247657062009794,1,27,27,920,920,0,109.58,13.91
208887146,USA / Delta Downs (US) 20th Jan,R1 7f Mdn,20-01-2023 22:50,48531366,Half Brother,1,3.398420423333009,2.1087631517999766108167937785311716927,1,3.55,2.76,2.02,2.02,0,4822.34,2590.24
208887659,USA / Sam Houston (US) 20th Jan,R8 6f Allw,20-01-2023 22:09,4582601,Lovey Dovey,0,25.286733007613464,23.9889407025284378121941979092473679689,1,28,22,1,1001,0,426.48,37.37
208887652,USA / Sam Houston (US) 20th Jan,R1 6f Allw Claim,20-01-2023 19:00,36649354,Vazs Dancing Hess,0,18.813961972855026,12.1595342822490090220030942850034508912,1,1,1001,790,790,0,81.92,303.24
208887652,USA / Sam Houston (US) 20th Jan,R1 6f Allw Claim,20-01-2023 19:00,40466054,Four Hundred Proof Aa,0,1.966318957130861,.921078338365717010695898362550474401222,1,2.14,2.14,1.87,1.87,0,2198.5,2261.9
208887656,USA / Sam Houston (US) 20th Jan,R5 6f Mdn,20-01-2023 20:48,39558007,Liams Nessy,0,4,3.59455083615932826054175758231924307171,1,1,1001,6,6,0,597.72,681.86
208887656,USA / Sam Houston (US) 20th Jan,R5 6f Mdn,20-01-2023 20:48,50216098,Gospel Flow,0,125.22466709323226,86.2449363809495896947723996150598668289,1,150,50,1,1001,0,81.98,2.88
208887654,USA / Sam Houston (US) 20th Jan,R3 1m Mdn Claim,20-01-2023 19:54,50009622,Searing,0,4.9,4.32249463620757417824064510617919217477,1,5.1,5.1,1,1001,0,334.72,73.04
208887654,USA / Sam Houston (US) 20th Jan,R3 1m Mdn Claim,20-01-2023 19:54,39833979,Pickingupstrangers,0,50,39.6102809689018523426135035282497813152,1,46,46,1,1001,0,20.78,12.63
208887655,USA / Sam Houston (US) 20th Jan,R4 6f Claim,20-01-2023 20:21,51479234,King Of Jersey,0,9.162547148,8.36828690148228234234185768437628114077,1,1,1001,1,1001,0,49.56,252.48
208887655,USA / Sam Houston (US) 20th Jan,R4 6f Claim,20-01-2023 20:21,48919898,Dominant Okie,0,14.5,13.9633739670948756942443025663472056226,1,1,1001,1,1001,0,59.2,16.22
208887653,USA / Sam Houston (US) 20th Jan,R2 1m Claim,20-01-2023 19:27,871895,Brazil Nut,0,4.7,3.00045500796696975673930208973431073798,1,4.7,4.7,1,1001,0,956.2,460.94
208871599,USA / Delta Downs (US) 19th Jan,R9 5f Claim,20-01-2023 02:52,41492486,Talty,0,12.5,13.1377172053379675972822352243181635022,10.6639208225388601036269430051813471503,14.5,14.5,910,910,494.08,223.94,50.14
208871597,USA / Delta Downs (US) 19th Jan,R7 5f Allw,20-01-2023 01:50,5842669,Tugboat,0,3.2,2.16870760578411111350818286500465434921,3.02978632855567805953693495038588754135,1,1001,3.1,3.1,1814,1060.48,138.74
208871597,USA / Delta Downs (US) 19th Jan,R7 5f Allw,20-01-2023 01:50,42214397,Fish N Chick,0,9.416708155,7.49202272077923694835577559426987508126,8.09443090606198284526317238720691696612,7.4,7.4,980,980,726.33,491.36,10.09
208871598,USA / Delta Downs (US) 19th Jan,R8 7f Allw,20-01-2023 02:20,38548401,Figureti,1,1.7705732114177952,.760515767767201855954072362573009462529,1.55529201570013423274939255433028052945,1.88,1.66,1.02,1.02,11770.6,7729.12,2219.96
208871598,USA / Delta Downs (US) 19th Jan,R8 7f Allw,20-01-2023 02:20,39069588,Cameo Dancer,0,46,47.759845063712081036633039778407307752,14.5395998448151637754253727207227179516,1,1001,1,1001,180.43,31.52,25.13
208886409,USA / Laurel Park (US) 20th Jan,R6 6f Claim,20-01-2023 19:53,6388463,Meraviglioso,0,3.8,2.54814155251895856534911549143036196857,1,3.6,3.6,1,1001,0,3282.44,180.09
208886409,USA / Laurel Park (US) 20th Jan,R6 6f Claim,20-01-2023 19:53,38279494,Gold Time Vixen,1,55,47.2668571730179247891575440924846182152,1,60,44,1.01,1.01,0,245.98,3267.38
208886412,USA / Laurel Park (US) 20th Jan,R7 6f Claim,20-01-2023 20:23,10124126,Semper Fi,1,4.994532721509457,4.39561429841487755352716607494108898024,1,6.4,5.6,1,1001,0,2526.42,2641.54
208886418,USA / Laurel Park (US) 20th Jan,R9 7f Claim,20-01-2023 21:21,19186440,Tenax,0,3.5096672834710256,2.3306610715503135322205009813067208019,1,3.75,3.45,1,1001,0,3433.32,337.3
208871718,USA / Charles Town (US) 19th Jan,R8 1m1f Mdn Claim,20-01-2023 03:17,25243914,Stavanger,1,3.343372769,1.81124098732900423560782983347907467369,1.8714574551007747005392679318518047182,2.88,2.54,1,1001,5029.04,1989.86,2186.18
208871718,USA / Charles Town (US) 19th Jan,R8 1m1f Mdn Claim,20-01-2023 03:17,46145091,Boubolino,0,150,117.945623755913968329777382839617247929,59.0572162540868752919196637085474077534,200,150,1,1001,85.64,23.33,1.11
208871718,USA / Charles Town (US) 19th Jan,R8 1m1f Mdn Claim,20-01-2023 03:17,49351332,Dr Will,0,35.93683017073263,27.3139267942649912579733376597985277807,28.7130261660978384527872582480091012514,1,1001,1,1001,70.32,20.4,1.84
208871714,USA / Charles Town (US) 19th Jan,R4 1m1f Claim,20-01-2023 01:25,40275962,Rickys Revenge,0,3.783462278776569,2.52815634164052154386282738575706141844,3.4284042533837869305777907145975840489,3.4,3.25,1,1001,2198.72,1750.9,29.6
208871714,USA / Charles Town (US) 19th Jan,R4 1m1f Claim,20-01-2023 01:25,40200987,Thatza Alpha,0,10,11.2908067215740951204312839659505789641,12.611208323480728304563726649326081816,1,1001,1,1001,549.77,410.93,16.58
208871711,USA / Charles Town (US) 19th Jan,R1 7f Allw,20-01-2023 00:00,20307374,Ocean Lilly,1,10.5,8.42791348718901472483470816319778898895,3.49669065280070972670593163951797727889,11,8,1.01,1.01,4057.9,1103.36,2792.98
208871715,USA / Charles Town (US) 19th Jan,R5 7f Allw,20-01-2023 01:53,20108821,Masai Man,0,27.805636384,24.2974348049286575891485452840541162989,23.711117843077855195395334747046349591,29,22,1,1001,495.15,404.86,2.17
208871715,USA / Charles Town (US) 19th Jan,R5 7f Allw,20-01-2023 01:53,25884115,Beverly Park,1,1.6,.536241040483811659267374092862315886209,1.43991616077951500732272362143620822667,1.6,1.43,1,1001,17602.74,13042.46,2984.94
208871715,USA / Charles Town (US) 19th Jan,R5 7f Allw,20-01-2023 01:53,23989108,No Fooling Dude,0,46,28.6121405244304671224188279762096021518,21.6618886654400753070044071712806469556,38,30,1,1001,233.71,94.98,5.31
208871717,USA / Charles Town (US) 19th Jan,R7 7f Allw,20-01-2023 02:49,32907667,Castle Of Caylee,0,50,6.06094250635417801438139944758368633181,32.0368395540475036354823073194377120698,1,1001,1,1001,61.89,57.4,3.77
208871713,USA / Charles Town (US) 19th Jan,R3 1m1f Allw,20-01-2023 00:57,31768459,Classic Colors,0,6.294740036198636,4.86151751540603430929617755179909521489,6.21870246180875452617144816060677479485,6.4,5.5,1,1001,1866.92,1611.84,40.8
208871713,USA / Charles Town (US) 19th Jan,R3 1m1f Allw,20-01-2023 00:57,37564972,Tizbit,0,130,72.1376873906504582759420071881287244316,51.5346875,100,55,1000,950,128,53.68,6.38
208886849,USA / Golden Gate Fields (US) 20th Jan,R3 5f Claim,20-01-2023 22:18,44111358,Uncle Wilbur,0,6.2,5.19439098225287985524775082292974622235,1,6.2,5.8,1,1001,0,3360.42,1022.9
208886855,USA / Golden Gate Fields (US) 20th Jan,R5 6f Claim,20-01-2023 23:20,42211353,City Glitter,0,35.615088428640725,32.8189273987763006280285170773292174387,1,44,32,150,15,0,355.02,486.63
208886855,USA / Golden Gate Fields (US) 20th Jan,R5 6f Claim,20-01-2023 23:20,56252,Magical Lady,0,7.553009333282243,4.55843164781065116135796768043411643288,1,7.2,5,36,6.8,0,1797.16,662.2
208886616,USA / Aqueduct (US) 20th Jan,R6 7f Claim,20-01-2023 20:18,26850943,New York Supreme,0,5,2.82449025423362353962528827416467262819,1,5,4.3,2.02,2.02,0,5652.5,3200.58
208886616,USA / Aqueduct (US) 20th Jan,R6 7f Claim,20-01-2023 20:18,39806990,Freudian,0,3.798997800473881,1.96658034571819621206081006470852126275,1,3.85,3.36,1000,3.85,0,7402.52,689.1
208886613,USA / Aqueduct (US) 20th Jan,R5 6f Mdn Claim,20-01-2023 19:47,49784758,Forever Amy,0,20.484985499,16.1573245277482215979415904106056639775,1,22,20,3,3,0,536.14,821.08
208886619,USA / Aqueduct (US) 20th Jan,R7 1m1f Allw Claim,20-01-2023 20:47,11707819,Two Thirty Five,0,10.5,7.63017271643264337890760496815463810417,1,10.5,10.5,1000,1000,0,1237.18,292.13
208885932,USA / Gulfstream Park (US) 20th Jan,R6 1m1f Claim,20-01-2023 19:38,18914478,Megacity,1,6.174022886,4.27824582894286033805615820701332789452,1,6,6,1.05,1.01,0,2500.68,6314.22
208885932,USA / Gulfstream Park (US) 20th Jan,R6 1m1f Claim,20-01-2023 19:38,36545290,Carrothers,0,21,13.3465844817429719542014906943463442116,1,21,19,1,1001,0,864.5,158.06
208885926,USA / Gulfstream Park (US) 20th Jan,R4 1m Mdn,20-01-2023 18:39,41951617,Chucka Moon,0,21.34469006869942,21.9648345833963890948359863507523186815,1,34,20,1,1001,0,555.24,31.12
208885926,USA / Gulfstream Park (US) 20th Jan,R4 1m Mdn,20-01-2023 18:39,43598067,Howe Street,1,3.771443587273243,2.31472311425108340704480783955899428325,1,3.45,3.25,1.01,1.01,0,15006.54,2692.94
208885935,USA / Gulfstream Park (US) 20th Jan,R7 1m Allw Claim,20-01-2023 20:07,25340550,Code Runner,0,213.2365390772373,77.773315217613551361452883310917182655,1,290,130,640,120,0,83.61,18.7
208885935,USA / Gulfstream Park (US) 20th Jan,R7 1m Allw Claim,20-01-2023 20:07,7242913,Desert Ruler,0,10.096683486872937,8.05127908446702160576341828947058377378,1,11.5,10,11,11,0,1532.06,215.15
208885941,USA / Gulfstream Park (US) 20th Jan,R9 6f Claim,20-01-2023 21:06,39806940,Concrete Glory,1,3.6,2.64561361321663597397104052472519099018,1,3.8,3.35,1,1001,0,3263.02,3125.16
208885917,USA / Gulfstream Park (US) 20th Jan,R1 1m1f Mdn Claim,20-01-2023 17:10,47469559,The Khozan One,1,4.812680155,4.28941326252616050521500423199058488508,1,1,1001,5.4,1.01,0,848.28,3373.94
208887467,USA / Penn National (US) 20th Jan,R3 6f Claim,20-01-2023 23:54,36368176,I See The Stars,0,7.4,8.70836574041024150972296943196443203516,1,11.5,8.4,1,1001,0,462.16,23.54
208887467,USA / Penn National (US) 20th Jan,R3 6f Claim,20-01-2023 23:54,28514569,Shadow Boat,0,151.51441414937142,104.622103352895049273034897446533581984,1,350,100,820,200,0,34.11,6.3
208887465,USA / Penn National (US) 20th Jan,R1 6f Claim,20-01-2023 23:00,42851704,Bumble Monster,0,13.5,9.88979727886109619921112750587535994157,1,14,11,30,30,0,1029.94,65.12
208887465,USA / Penn National (US) 20th Jan,R1 6f Claim,20-01-2023 23:00,4309030,Abhar,0,22,17.2618456235389895493775971003387968174,1,30,24,14,14,0,601.32,121.36
208887670,USA / Santa Anita Park (US) 20th Jan,R1 1m Claim,20-01-2023 20:30,40485584,Baladi,0,22,20.9955051404105566879123582625816226294,1,26,21,1000,400,0,390.92,298.82
208887673,USA / Santa Anita Park (US) 20th Jan,R2 1m Allw Claim,20-01-2023 20:59,25996059,Aloha Kitten,0,55,54.0277806655737079367940161675231010326,1,80,44,1,1001,0,167.14,61.71
208887673,USA / Santa Anita Park (US) 20th Jan,R2 1m Allw Claim,20-01-2023 20:59,39704406,Glory Of Chrome,0,152.7360675687504,117.421538200553375273670946096502365055,1,180,75,990,320,0,136.75,9.52
208887673,USA / Santa Anita Park (US) 20th Jan,R2 1m Allw Claim,20-01-2023 20:59,41781512,Micro Share,0,5.455096431552956,4.18850090280700777813724291837200831363,1,5.7,5.2,11,11,0,2384.5,349.17
208887682,USA / Santa Anita Park (US) 20th Jan,R5 6f Mdn Claim,20-01-2023 22:34,46687580,Rylan Jayne,0,7.637766854,5.0118034607900067183197517415334555989,1,6.6,5.2,1,1001,0,4029.82,45.7
208887682,USA / Santa Anita Park (US) 20th Jan,R5 6f Mdn Claim,20-01-2023 22:34,49820032,California Bling,0,23,15.4531647727040579576489376045891699465,1,23,19.5,1,1001,0,684.3,29.69
208887688,USA / Santa Anita Park (US) 20th Jan,R7 1m2f Allw,20-01-2023 23:36,39023044,Bender,0,110,93.7804228490362708089574889898047570791,1,110,75,200,48,0,88.4,63.82
208887685,USA / Santa Anita Park (US) 20th Jan,R6 6f Claim,20-01-2023 23:05,2121483,Silent Beauty,0,6,5.39904266671657864550003230833705370887,1,10.5,7,7,2.02,0,2737.58,1929.66
208886270,USA / Tampa Bay Downs (US) 20th Jan,R4 6f Mdn Claim,20-01-2023 19:03,49983979,Vimisofa,0,4.419403065629305,4.21799769287565602745761646509729589521,1,5.3,5.1,1,1001,0,2397.5,501.9
208886270,USA / Tampa Bay Downs (US) 20th Jan,R4 6f Mdn Claim,20-01-2023 19:03,44767185,Sara Kali,0,22.564450184,17.3522475071992231810684220914253505995,1,26.31,26.31,1,1001,0,232.6,138.78
208886282,USA / Tampa Bay Downs (US) 20th Jan,R8 6f Allw Claim,20-01-2023 21:03,27413975,Above Par,1,6.723945533300867,5.54436945875787853176151990318935838249,1,7.4,6.8,6,1.01,0,2350.36,4164.98
208886282,USA / Tampa Bay Downs (US) 20th Jan,R8 6f Allw Claim,20-01-2023 21:03,39013324,Bode By You,0,8.629971328293905,6.85125824138910001815277734943521993648,1,9.2,7.2,1,1001,0,2979.48,117.38
208886273,USA / Tampa Bay Downs (US) 20th Jan,R5 1m Mdn Claim,20-01-2023 19:33,72457,Ambushed,0,7.030995618,4.85078859931328802697037633949914364127,1,7.4,7.4,5.2,5.2,0,1285.16,784.82
208886273,USA / Tampa Bay Downs (US) 20th Jan,R5 1m Mdn Claim,20-01-2023 19:33,39911583,Stronger Together,0,3.3474906843739163,2.13870184385950612505419519496929959613,1,3.45,3.25,1,1001,0,3651.86,628.27
208871643,USA / Penn National (US) 19th Jan,R5 6f Claim,20-01-2023 00:49,20073077,Drosselmoon,0,9.228884133,9.07678017284231001728045106164954520058,9.03488442090055381651817962918372261016,11,9.6,1,1001,1162.84,913.3,20.7
208871643,USA / Penn National (US) 19th Jan,R5 6f Claim,20-01-2023 00:49,22237826,Youshouldbesolucky,0,44,39.6461329855667298759300389571998188382,33.2430441898527004909983633387888707038,42,38,940,940,195.52,107.08,10.5
208871643,USA / Penn National (US) 19th Jan,R5 6f Claim,20-01-2023 00:49,26219056,My Devils Child,0,7.606204585107044,6.60063301786391105484615065848455197909,7.20583634923855210371659871335920576436,9.6,7,1,1001,1528.01,1359,7.03
208887147,USA / Delta Downs (US) 20th Jan,R2 7f Claim,20-01-2023 23:18,27761577,Song Spectacular,0,90,46.6933583520124243508009322046938080047,1,100,42,1,1001,0,396.48,1.85
208887148,USA / Delta Downs (US) 20th Jan,R3 5f Mdn Claim,20-01-2023 23:46,35644344,Dont Blink Twice,0,36,37.9699875224427781591674637484640839218,1,50,34,1,1001,0,199.18,28.45
208887659,USA / Sam Houston (US) 20th Jan,R8 6f Allw,20-01-2023 22:09,1259132,Baby Blue Eyes,0,8.4,7.8039918330072683550792683778379286846,1,9.6,7.8,190,190,0,1498.56,1091.65
208887657,USA / Sam Houston (US) 20th Jan,R6 1m Claim,20-01-2023 21:15,17581160,Englander,0,3.5120822258162656,3.20048355002881946141987122908276300226,1,1,1001,390,390,0,1258.54,1243.94
208887655,USA / Sam Houston (US) 20th Jan,R4 6f Claim,20-01-2023 20:21,45197300,Weldon G,0,11.5,10.8093527078049027902019098554499073815,1,1,1001,1,1001,0,71.2,83.91
208887658,USA / Sam Houston (US) 20th Jan,R7 7f Allw Claim,20-01-2023 21:42,27406642,Quarterback Dak,0,47.372089420184494,40.0791743147887132219834596148753405886,1,110,38,1000,60,0,260.82,51.25
208887658,USA / Sam Houston (US) 20th Jan,R7 7f Allw Claim,20-01-2023 21:42,27604610,Caddo Fox,0,16.7293590291898,16.0426574309340041697049550776053018742,1,20,17.5,910,910,0,577.22,44.24
208871599,USA / Delta Downs (US) 19th Jan,R9 5f Claim,20-01-2023 02:52,44253918,Chaos Magic,0,2.267509432287416,1.48495504087770444408688994548030740509,1.99509270981438560271117776522602886469,1,1001,1,1001,2053.72,1217.4,18.4
208871599,USA / Delta Downs (US) 19th Jan,R9 5f Claim,20-01-2023 02:52,38513241,La La Latte,0,78.55336050542071,32.8533872914558927504189436760012656201,32.4908919597989949748743718592964824121,1,1001,1,1001,63.68,19.48,2.1
208871594,USA / Delta Downs (US) 19th Jan,R4 7f Claim,20-01-2023 00:18,6713252,Optimistic,0,23,21.3158888410986946433013547801010599106,24.0544113554133036459782911216253826886,32,24,980,980,467.09,450.98,16.11
208871594,USA / Delta Downs (US) 19th Jan,R4 7f Claim,20-01-2023 00:18,7978467,Gold Bear,0,38,17.4909212275884364746400858222018726748,25.3638733705772811918063314711359404097,1,1001,980,910,161.1,155.64,5.46
208871594,USA / Delta Downs (US) 19th Jan,R4 7f Claim,20-01-2023 00:18,35519353,Morricone,0,4,2.69884843657075699503963170822407818043,3.80360323222652181043691794878614202825,4.4,4.1,1,1001,2256.03,2083.62,172.41
208871597,USA / Delta Downs (US) 19th Jan,R7 5f Allw,20-01-2023 01:50,37074650,Jus My Imagination,0,5.412337348,4.70144669826884395944542891159156752054,4.58054228960062318362944542649129640171,5.5,5.5,1,1001,1335.08,729.3,177.34
208871597,USA / Delta Downs (US) 19th Jan,R7 5f Allw,20-01-2023 01:50,42495556,Diamond Indy Skies,0,137.07740908667145,98.6878458521984864101156061301527645537,114.593415989739204788371098760153911928,170,170,1000,970,46.78,8.32,4.88
208871598,USA / Delta Downs (US) 19th Jan,R8 7f Allw,20-01-2023 02:20,41246207,Un Ojo,0,15.829526006259254,11.7401768571048573992598203289339484079,10.8719438400870274680446015773728583084,14,14,1,1001,588.32,392.04,20.38
208871595,USA / Delta Downs (US) 19th Jan,R5 1m Mdn Claim,20-01-2023 00:50,42285197,Presumptive Closer,1,1.916866903,.979164049142708357488885535641883070059,1.85069537868891988928617393787066719726,2.06,1.88,1,1001,13519.54,10423.88,2538.78
208871595,USA / Delta Downs (US) 19th Jan,R5 1m Mdn Claim,20-01-2023 00:50,43067270,T D Z Hi Court,0,53.353174396336556,85.1630443363605674127862608333452377641,23.1522161940833248029481011362473129287,1,1001,980,980,195.38,4.32,5.18
208886403,USA / Laurel Park (US) 20th Jan,R4 6f Claim,20-01-2023 18:54,48129410,Blame The Bourbon,0,3.995866592727544,2.63697395575143972574526573946551148862,1,4.1,3.55,3,2.52,0,5691.34,3976.34
208886409,USA / Laurel Park (US) 20th Jan,R6 6f Claim,20-01-2023 19:53,40201034,No More Mask,0,8.50817626119446,8.4770552502802284801234583903695204686,1,9.8,8,1,1001,0,1154.84,530.58
208886415,USA / Laurel Park (US) 20th Jan,R8 6f Allw Claim,20-01-2023 20:52,49318146,Divisibility,0,6.894657657516653,4.65089992290692267821312465836970282119,1,7.4,5.7,400,400,0,2347.62,225.01
208886394,USA / Laurel Park (US) 20th Jan,R1 1m Claim,20-01-2023 17:25,39266504,Clara Belle,0,34,39.8827946860815604319129443451781714066,1,46,40,1,1001,0,231.06,26.74
208886397,USA / Laurel Park (US) 20th Jan,R2 7f Claim,20-01-2023 17:56,36019279,Dejohn,0,106.64925392063337,94.4471021041575616443088755083959913638,1,120,95,1,1001,0,39.06,6.57
208886397,USA / Laurel Park (US) 20th Jan,R2 7f Claim,20-01-2023 17:56,42416712,The Last Scip,0,4.1,3.4170463856430695654982970098791356616,1,5.2,4.2,4,2,0,2176.18,2139.2
208886412,USA / Laurel Park (US) 20th Jan,R7 6f Claim,20-01-2023 20:23,28599955,Top Boss,0,26.243577103186396,19.1697414928049860504023282599362168311,1,26,25,10.5,10.5,0,472.4,249.67
208886406,USA / Laurel Park (US) 20th Jan,R5 6f Mdn Claim,20-01-2023 19:23,12586916,Swift Dancer,0,7.700745871267281,6.32274986320384603813324631249786030874,1,8,8,1,1001,0,1109.44,172.56
208871714,USA / Charles Town (US) 19th Jan,R4 1m1f Claim,20-01-2023 01:25,28188838,Book Of Delancey,1,15.254081850242038,15.178979681103231886446214314123702678,2.66002227907778991548324038406255390099,1,1001,1.01,1.01,2782.88,224.84,2483.36
208871714,USA / Charles Town (US) 19th Jan,R4 1m1f Claim,20-01-2023 01:25,38842837,Lil Toughman,0,4.228458632789553,3.36051102343217253911689196857093466578,3.89046203696635027270953677549600902529,4.5,4.3,1,1001,2357.82,1766,196.96
208871711,USA / Charles Town (US) 19th Jan,R1 7f Allw,20-01-2023 00:00,39876072,Lace Revolution,0,7.613046085284223,7.00424886062050923194766286185518745894,7.650916407389887872509110775032145879,8,7.4,1,1001,1500.97,1227.08,53.41
208871715,USA / Charles Town (US) 19th Jan,R5 7f Allw,20-01-2023 01:53,25285132,Inside Risk,0,85,100.477718534024868343967549773841517805,64.4930466515435447282769503895847716737,120,70,1,1001,101.39,49.17,1.82
208871712,USA / Charles Town (US) 19th Jan,R2 5f Allw,20-01-2023 00:30,41864261,Remys Gunsmoke,0,20.76607564548031,12.696613644643110770965142591788004225,13.3595135150135982683021590719875672976,22,17.5,17,17,720.68,619.34,101.34
208871712,USA / Charles Town (US) 19th Jan,R2 5f Allw,20-01-2023 00:30,43513473,Royal Pain,0,8.2,6.32941504197191514678823183574854395832,8.24750559422767038745327270473568497485,10.5,8.4,1,1001,1532.83,1512.6,20.23
208871712,USA / Charles Town (US) 19th Jan,R2 5f Allw,20-01-2023 00:30,40116252,Jaxjaxxorjacks,0,33.229253445379435,20.7236600061382528881673430381481073772,27.3499054233364388357189238022641935575,40,26,930,930,354.21,339.82,14.39
208871713,USA / Charles Town (US) 19th Jan,R3 1m1f Allw,20-01-2023 00:57,38863808,Someday Is Today,1,2.04,1.11218523685945211379387514984565141592,1.88432791862759981782298466676787611963,2.26,2.02,1.01,1.01,21737.1,16556.32,3959.94
208871713,USA / Charles Town (US) 19th Jan,R3 1m1f Allw,20-01-2023 00:57,40312238,Tout Ensemble,0,92.25807090271263,90.3366423157619859582626097051131728871,59.0462203802144337327687179025137399766,90,80,1,1001,110.99,46.96,2.67
208886858,USA / Golden Gate Fields (US) 20th Jan,R6 6f Mdn Claim,20-01-2023 23:51,51221556,Rhondas Cookin,0,4.351232922,3.34315575936513447448318108963799159202,1,4.4,4.2,3.6,3.6,0,2749.66,948.06
208886852,USA / Golden Gate Fields (US) 20th Jan,R4 1m Mdn Claim,20-01-2023 22:49,45646345,Pick Bymy Friend,0,6,5.34404523080304568076712349268495049936,1,7.6,6,1,1001,0,2958.24,238.48
208886846,USA / Golden Gate Fields (US) 20th Jan,R2 5f Mdn Claim,20-01-2023 21:47,46902329,Looksgoodonyoutho,0,3.95,2.51791177188247886292596113526687667082,1,3.95,3.1,100,100,0,7895.18,2102.02
208886613,USA / Aqueduct (US) 20th Jan,R5 6f Mdn Claim,20-01-2023 19:47,48087816,Pretty Miss Keens,1,3.848578817515663,2.50611367916356368775977314382940156633,1,4,3.65,2,1.01,0,5389.7,4840.7
208886622,USA / Aqueduct (US) 20th Jan,R8 6f Mdn Claim,20-01-2023 21:16,51641115,Swaysinmydna,0,28.7165694516498,25.2857959609762707880566354340521941329,1,29,26,1,1001,0,132.42,38.07
208886601,USA / Aqueduct (US) 20th Jan,R1 7f Mdn Claim,20-01-2023 17:50,36869972,Bonana Fanna Foe,1,2.324110908191365,1.34386249627907907230879854037282336938,1,2.38,2.26,2.58,1.03,0,7087.86,16836.52
208885920,USA / Gulfstream Park (US) 20th Jan,R2 1m Claim,20-01-2023 17:40,28359609,Chasing Rainbows,0,3.40164703,2.50158375669204408422359712055289945432,1,3.8,3.3,400,2.2,0,3815.62,1569.97
208885920,USA / Gulfstream Park (US) 20th Jan,R2 1m Claim,20-01-2023 17:40,41411058,Agarramesipuedes,0,28.896825720295304,24.708095772170278984196707148563443468,1,25,24,120,48,0,171.16,45.35
208885929,USA / Gulfstream Park (US) 20th Jan,R5 7f Claim,20-01-2023 19:09,46863900,Kikilove,1,4.613411129192972,3.28103454087995949987171400914631697424,1,4.9,4.3,1.01,1.01,0,2468.98,4969.58
208885929,USA / Gulfstream Park (US) 20th Jan,R5 7f Claim,20-01-2023 19:09,47469558,Miss Ucrania,0,5.001864822175121,2.25369697964585511737121989295174268045,1,6,3.75,1,1001,0,4285.54,260.52
208885932,USA / Gulfstream Park (US) 20th Jan,R6 1m1f Claim,20-01-2023 19:38,10231364,Olympic Runner,0,6.0775472462746265,4.596961520357052181657488639214616048,1,6.8,6,390,390,0,4362.18,446.99
208885923,USA / Gulfstream Park (US) 20th Jan,R3 5f Mdn Claim,20-01-2023 18:09,42486897,Grace Candy,0,37.945480686,38.4405149977731943275879735056979345129,1,46,44,2.02,2.02,0,109.34,4796.06
208885923,USA / Gulfstream Park (US) 20th Jan,R3 5f Mdn Claim,20-01-2023 18:09,40832413,Songteller,0,23.85053543625399,23.9114395497066221262510402294132884914,1,1,1001,910,290,0,100.72,34.76
208885926,USA / Gulfstream Park (US) 20th Jan,R4 1m Mdn,20-01-2023 18:39,2701172,Fredo,0,25,23.4861873044690813422872539084285971812,1,25,22,1,1001,0,344.24,266.8
208885938,USA / Gulfstream Park (US) 20th Jan,R8 1m1f Claim,20-01-2023 20:36,42716819,Andie One,0,7.733132052219009,5.93712068936406316131404880680133712211,1,7,7,1,1001,0,2050.96,453.82
208887467,USA / Penn National (US) 20th Jan,R3 6f Claim,20-01-2023 23:54,33149200,Scary Larry,0,16.5,12.0845113296573757485641860694982454555,1,14.5,14,1,1001,0,659.04,24.42
208887466,USA / Penn National (US) 20th Jan,R2 1m Claim,20-01-2023 23:27,2422859,Political,0,7.2,6.72551307444575905920960315659523757,1,8.6,6.6,1,1001,0,2880.78,235.78
208887670,USA / Santa Anita Park (US) 20th Jan,R1 1m Claim,20-01-2023 20:30,36716082,Its My House,0,13,10.9252600162144103198413972174005417602,1,13,11,4,4,0,852.24,757.42
208887682,USA / Santa Anita Park (US) 20th Jan,R5 6f Mdn Claim,20-01-2023 22:34,51825295,Casino Annie,0,10.636022013,9.52386342704827054471231962048820858746,1,13,11,1,1001,0,1478.9,50.84
208887685,USA / Santa Anita Park (US) 20th Jan,R6 6f Claim,20-01-2023 23:05,12259264,Galarina,0,17.80259485016112,14.9901635517814912285736211684513921649,1,25,16,1,1001,0,840.22,47.53
208887685,USA / Santa Anita Park (US) 20th Jan,R6 6f Claim,20-01-2023 23:05,22391304,Spanish Channel,0,6.2893063375599745,4.6626645987609561626082778361588861406,1,7.4,6.6,1,1001,0,2131.28,47.85
208887685,USA / Santa Anita Park (US) 20th Jan,R6 6f Claim,20-01-2023 23:05,25271117,Twentyseventrouts,0,4.126549984335288,2.80330588841265039552344527620499771084,1,4.5,3.85,1000,1000,0,7540.6,148.76
208886264,USA / Tampa Bay Downs (US) 20th Jan,R2 6f Claim,20-01-2023 18:02,37606515,Papa Jimmy,0,105.61011369831861,106.675949556281629440207978898887767896,1,170,70,1,1001,0,185.16,7.6
208886270,USA / Tampa Bay Downs (US) 20th Jan,R4 6f Mdn Claim,20-01-2023 19:03,51825301,Wifey Material,0,20.46,18.9933410267089601643952422395254937586,1,1,1001,120,21,0,205.96,81.44
208886270,USA / Tampa Bay Downs (US) 20th Jan,R4 6f Mdn Claim,20-01-2023 19:03,45350807,Annas Image,0,35.03880962230456,22.0927909699049050181831712433811861329,1,24,24,1,1001,0,204.54,62.73
208886282,USA / Tampa Bay Downs (US) 20th Jan,R8 6f Allw Claim,20-01-2023 21:03,48798837,Dont Tapthebrakes,0,65,33.8625697371715756892693147677957290582,1,65,40,30,30,0,305.6,80.63
208886282,USA / Tampa Bay Downs (US) 20th Jan,R8 6f Allw Claim,20-01-2023 21:03,6284805,Send For Me,0,2.874124814123788,1.57693246010467039983225823173269891292,1,3.1,2.86,400,3,0,14771.42,1106.35
208886279,USA / Tampa Bay Downs (US) 20th Jan,R7 1m1f Claim,20-01-2023 20:33,45849126,Anvil,0,16.5,14.0101807733042512702397980383360412294,1,20,16,12,12,0,1044.88,610.64
208886273,USA / Tampa Bay Downs (US) 20th Jan,R5 1m Mdn Claim,20-01-2023 19:33,46461327,Magna Ruler,0,12.657853140104567,12.7774025527940879605365528981826334312,1,24,12,1,1001,0,831.78,102.5
208886273,USA / Tampa Bay Downs (US) 20th Jan,R5 1m Mdn Claim,20-01-2023 19:33,51210565,Sky Traveler,0,24,15.85438234481954386824061818402301508,1,23,23,1,1001,0,366.16,46.68
208886285,USA / Tampa Bay Downs (US) 20th Jan,R9 5f Allw Claim,20-01-2023 21:40,42239731,Alogon,0,4.307601252,3.65153515601671340475751747708118875277,1,5.4,4.2,400,400,0,4709.44,822.89
208871642,USA / Penn National (US) 19th Jan,R4 1m Claim,20-01-2023 00:22,26376148,A T M Awesome,0,21.550129033606506,20.5434239691658763979982021549037414568,13.7361126554051990102941625683477410881,27,21,1,1001,654.74,355.6,201.9
208871645,USA / Penn National (US) 19th Jan,R7 1m Claim,20-01-2023 01:43,5028325,Hidden Springs,1,5,3.8014951972959441816159083043706205362,2.85588744457267812670837635910830346838,6.6,4.8,1.75,1.75,3951.12,1766.52,2184.6
208871645,USA / Penn National (US) 19th Jan,R7 1m Claim,20-01-2023 01:43,37730328,Bohemia Babe,0,15.191803613677619,10.0723664414097608281750229607252091131,10.0335811701090025496671743185201663273,18,10,1,1001,1168.78,930.78,238
208887147,USA / Delta Downs (US) 20th Jan,R2 7f Claim,20-01-2023 23:18,39322727,Twirling Chief,0,5.899567230486284,4.16233086164779295844323994067175990999,1,7.4,5.9,50,50,0,2144.08,104.85
208887148,USA / Delta Downs (US) 20th Jan,R3 5f Mdn Claim,20-01-2023 23:46,38084524,A. P. Style,0,8,6.28316419472142792661329346597003391547,1,7,7,1,1001,0,778.78,305.22
208887146,USA / Delta Downs (US) 20th Jan,R1 7f Mdn,20-01-2023 22:50,41299477,Uxmal,0,12,11.7158162945019855119278161602043865415,1,1,1001,30,30,0,659.92,54.44
208887146,USA / Delta Downs (US) 20th Jan,R1 7f Mdn,20-01-2023 22:50,50336884,Triple Red Aces,0,28.5571145736426,23.4745250068532701974027965920790503972,1,1,1001,950,190,0,51.42,30.96
208887659,USA / Sam Houston (US) 20th Jan,R8 6f Allw,20-01-2023 22:09,42286395,Fast And Feminine,1,24.61641959842295,16.7008361539863913287077794940883163576,1,22,18,1,1001,0,726.04,3896.72
208887657,USA / Sam Houston (US) 20th Jan,R6 1m Claim,20-01-2023 21:15,7866909,Exeter,0,15.484226450189016,15.9735866521182658008423429010733314772,1,18,18,1,1001,0,232.04,487.92
208887657,USA / Sam Houston (US) 20th Jan,R6 1m Claim,20-01-2023 21:15,26243582,Colloquist,0,17.50996051,18.8596736717715588394663356649058853989,1,21,21,400,38,0,183.2,108.04
208887652,USA / Sam Houston (US) 20th Jan,R1 6f Allw Claim,20-01-2023 19:00,40466051,Rb Munchie,0,9.176822390463204,5.02656505210354541658010096133549599618,1,1,1001,1,1001,0,203.42,446.27
208887656,USA / Sam Houston (US) 20th Jan,R5 6f Mdn,20-01-2023 20:48,51825296,Mizz All American,0,60.69219700364055,52.477062775696511302485480120638526287,1,55,50,190,190,0,60.48,9.21
208887654,USA / Sam Houston (US) 20th Jan,R3 1m Mdn Claim,20-01-2023 19:54,38341297,Forthcoming,0,11.5,10.4006620272041212888065434497717926703,1,1,1001,7.2,7.2,0,89.64,143.97
208887653,USA / Sam Houston (US) 20th Jan,R2 1m Claim,20-01-2023 19:27,35344301,Full Dinner Jacket,1,1.7110714556260789,.633567985161719093471280782675315244633,1,1.79,1.74,1.01,1.01,0,4668.18,5433.76
208871594,USA / Delta Downs (US) 19th Jan,R4 7f Claim,20-01-2023 00:18,26553656,Liken It,0,6.520849344414892,5.2681179242320694901047871787626084729,7.00226283724978241949521322889469103568,7.2,6.2,980,980,1585.62,1520.02,65.6
208871594,USA / Delta Downs (US) 19th Jan,R4 7f Claim,20-01-2023 00:18,21456480,Shaes Day,0,172.6122382177667,37.8336664016597448836097014779123528007,54.6571328915242413672828740844087896756,160,85,1000,980,114.68,112.28,2.4
208871596,USA / Delta Downs (US) 19th Jan,R6 1m Claim,20-01-2023 01:20,12506753,Temprano,0,22,18.5028600370327553187773322867826255419,18.1063158521340555985475325912256681945,22,19,1000,980,167.99,64.1,16.37
208871597,USA / Delta Downs (US) 19th Jan,R7 5f Allw,20-01-2023 01:50,6377130,Olivian,0,14.7683553687617,14.713636375618438022858926005461950301,11.8036995331300530131457418677328339891,15,15,14.5,14.5,790.37,480.78,31.59
208871597,USA / Delta Downs (US) 19th Jan,R7 5f Allw,20-01-2023 01:50,39673052,Bind On Earth,0,110,94.2404377656176217327296463987111469126,47.0514455782312925170068027210884353742,120,120,1,1001,47.04,4.76,1.96
208871598,USA / Delta Downs (US) 19th Jan,R8 7f Allw,20-01-2023 02:20,41414977,Drewmazing,0,22,20.0864844233625150131088537847775075784,18.2738007797050680829425391265043222781,22,20,1000,910,530.97,277.14,27.97
208871595,USA / Delta Downs (US) 19th Jan,R5 1m Mdn Claim,20-01-2023 00:50,42865881,R Ts Iron Man,0,13,10.20070778350708664339920463531941266,11.2571830763563647845077093090564647687,9.8,9.8,980,980,760.12,653.04,4.78
208871595,USA / Delta Downs (US) 19th Jan,R5 1m Mdn Claim,20-01-2023 00:50,50587011,Nephi,0,187.240290007,80.7555351166801552255666156244213792834,74.6475644699140401146131805157593123209,1,1001,1,1001,24.43,2.64,2.71
208886403,USA / Laurel Park (US) 20th Jan,R4 6f Claim,20-01-2023 18:54,50178149,Great Days Ahead,0,79.8599789185077,48.6483199110209831593017569287784115021,1,85,60,1000,19,0,234.1,351.4
208886409,USA / Laurel Park (US) 20th Jan,R6 6f Claim,20-01-2023 19:53,6623489,Lady Jean,0,8.4,8.09470080038243576084426892385183467785,1,9.6,8.4,2.02,2.02,0,1465.54,631.8
208886409,USA / Laurel Park (US) 20th Jan,R6 6f Claim,20-01-2023 19:53,24468363,Stay Out,0,4.4,3.07738124167319370484663561694876924792,1,4.3,3.25,1,1001,0,3305.18,203.73
208886397,USA / Laurel Park (US) 20th Jan,R2 7f Claim,20-01-2023 17:56,36140554,Triple Titos,0,17.423328813,14.8883347592601393866437490595896887887,1,19,14,910,910,0,1244.4,68.26
208886400,USA / Laurel Park (US) 20th Jan,R3 1m Claim,20-01-2023 18:25,44640296,Cocktail Dreaming,0,2.28,1.22547518958879893282968873616798106015,1,2.34,1.97,2.9,2.28,0,8521.52,4999.62
208886400,USA / Laurel Park (US) 20th Jan,R3 1m Claim,20-01-2023 18:25,46532744,Pharibe,0,13.5,12.183320502173405945388184411387504502,1,14.5,12.5,1,1001,0,949.42,180.11
208886406,USA / Laurel Park (US) 20th Jan,R5 6f Mdn Claim,20-01-2023 19:23,51825298,Chasing Storms,0,5.9567676642366845,4.25058930327782937026536957538299183524,1,6.4,6.4,1000,400,0,1769.04,94.92
208871711,USA / Charles Town (US) 19th Jan,R1 7f Allw,20-01-2023 00:00,14817512,Graces Secret,0,2.1283539604718844,1.37868562771189936593504135387047267455,2.2633343044522565566712632962365904662,2.84,2.12,1,1001,12356.88,9818.42,554.92
208871715,USA / Charles Town (US) 19th Jan,R5 7f Allw,20-01-2023 01:53,12579499,Aarons Tap,0,40,32.8556871739083919247012598084055871638,25.216992474506835285211737988155140936,36,34,1,1001,224.57,126.4,2.91
208871717,USA / Charles Town (US) 19th Jan,R7 7f Allw,20-01-2023 02:49,51039571,Chromatic Lass,1,1.7312364162943417,.786048335689232906232433359709798011538,1.69787558885043585422790748008454268986,2.22,1.72,1.01,1.01,18111.56,15594.38,2472.92
208871716,USA / Charles Town (US) 19th Jan,R6 7f Claim,20-01-2023 02:21,36418130,Doesnt Make Cents,0,137.9091965513177,140.369555337469560016845754299417257411,29.9830589881091163441361622755887153183,1,1001,1,1001,85.78,5.24,21.44
208886846,USA / Golden Gate Fields (US) 20th Jan,R2 5f Mdn Claim,20-01-2023 21:47,48988072,Hot Rod Jimmy,0,7.643895631,6.80024637139609806387247700460345803412,1,8.2,7,5.7,5.7,0,3152.2,151.47
208886843,USA / Golden Gate Fields (US) 20th Jan,R1 6f Claim,20-01-2023 21:15,45024676,Thunder Of Zion,1,5.8,4.88475734786401774141220791978817807509,1,6.8,5.6,2.5,2.5,0,1087.84,4572.18
208886843,USA / Golden Gate Fields (US) 20th Jan,R1 6f Claim,20-01-2023 21:15,21786567,Big Story,0,7.034488325,4.99258900773069127874426701292646564253,1,5.6,5.6,1,1001,0,1049.4,92.25
208886613,USA / Aqueduct (US) 20th Jan,R5 6f Mdn Claim,20-01-2023 19:47,51825287,Magnolia Wind,0,3.2755436732386443,2.37216691079249265199748032748171058192,1,4,3.4,46,46,0,10277.3,438.85
208886613,USA / Aqueduct (US) 20th Jan,R5 6f Mdn Claim,20-01-2023 19:47,50422812,K D Kakes,0,4.566122652,2.68600245453923234654816016518167243521,1,5,4.1,190,190,0,3209.06,399.02
208886607,USA / Aqueduct (US) 20th Jan,R3 6f Claim,20-01-2023 18:47,36488749,Confirmed Genius,1,3.787642193692445,3.00247749946781796197351851273730662241,1,3.65,3.65,1.01,1.01,0,1407.52,4341.58
208886610,USA / Aqueduct (US) 20th Jan,R4 7f Allw,20-01-2023 19:17,40301019,Russian To Win,1,10,9.05632530625154176786579146192131961974,1,9.8,9.8,3.15,1.01,0,744.92,4920.06
208886619,USA / Aqueduct (US) 20th Jan,R7 1m1f Allw Claim,20-01-2023 20:47,22419118,Be Better,0,13.781601843233222,10.5592582231172467733696895200013527354,1,16,10,1000,1000,0,1202.96,65.1
208885920,USA / Gulfstream Park (US) 20th Jan,R2 1m Claim,20-01-2023 17:40,39461266,Just Call Ray,0,5.017414187449031,4.42189353133669368383017166633532787998,1,5.5,5.5,1,1001,0,1153.96,204.74
208885920,USA / Gulfstream Park (US) 20th Jan,R2 1m Claim,20-01-2023 17:40,40736634,Rod Two Rod,0,4.161740180709168,3.76617120253447489965114073709308716962,1,5,4.6,2.86,2.86,0,2327.68,1524.57
208885932,USA / Gulfstream Park (US) 20th Jan,R6 1m1f Claim,20-01-2023 19:38,25071195,Border Town,0,26.680582986548536,12.4020960950962541093136768786441022059,1,1,1001,1,1001,0,597.34,140.83
208885932,USA / Gulfstream Park (US) 20th Jan,R6 1m1f Claim,20-01-2023 19:38,28258438,Light Fury,0,7.044053239200586,4.90586702348904653468137507685523524677,1,7.4,7.4,1,1001,0,2004.9,600.24
208885932,USA / Gulfstream Park (US) 20th Jan,R6 1m1f Claim,20-01-2023 19:38,13409311,Therapist,0,2.951659590736308,2.09324367412824263956924515646029988231,1,3.5,2.98,1000,1000,0,21226.14,1104.32
208885923,USA / Gulfstream Park (US) 20th Jan,R3 5f Mdn Claim,20-01-2023 18:09,44235032,Katz That Gal,0,7.8,4.10649212525016117636098670757430396864,1,6,4.8,1000,21,0,2197.38,264.1
208885938,USA / Gulfstream Park (US) 20th Jan,R8 1m1f Claim,20-01-2023 20:36,40869112,Queen Cashmere,0,53.414883100632466,45.7998464761700517895267729346000881383,1,55,42,1,1001,0,105.8,32
208885938,USA / Gulfstream Park (US) 20th Jan,R8 1m1f Claim,20-01-2023 20:36,40980926,Demogorgon,0,6.34431279173994,5.11862317708745225960316671182341813472,1,6.2,5.8,9,9,0,2157.48,1361.89
208885938,USA / Gulfstream Park (US) 20th Jan,R8 1m1f Claim,20-01-2023 20:36,42305952,Oaxaca,0,80,63.2088192278924397595831154230645570608,1,70,60,1,1001,0,56.16,34.18
208885917,USA / Gulfstream Park (US) 20th Jan,R1 1m1f Mdn Claim,20-01-2023 17:10,10902021,Phobia,0,10.527478567107243,12.6131102519106211502457260105230231316,1,1,1001,11.5,11.5,0,390.94,845.12
208885917,USA / Gulfstream Park (US) 20th Jan,R1 1m1f Mdn Claim,20-01-2023 17:10,47940348,O Gangster,0,6.320914053535088,7.26203108259557938191704767697696297404,1,1,1001,110,110,0,852.66,1060.08
208887467,USA / Penn National (US) 20th Jan,R3 6f Claim,20-01-2023 23:54,13189859,Mr. Pete,1,9.2,7.91202659779349892475613443750653738186,1,9.4,8,1,1001,0,1184.26,1611.72
208887465,USA / Penn National (US) 20th Jan,R1 6f Claim,20-01-2023 23:00,35415754,Communication Fail,0,13.408915199,9.52493740454833588168336637519632086598,1,13,10.5,1,1001,0,1461.38,26.72
208887465,USA / Penn National (US) 20th Jan,R1 6f Claim,20-01-2023 23:00,40230262,Summer Ash,0,4.712200542,4.06014929803029299973327990187067272603,1,6.2,4.8,200,8,0,5200.1,144.92
208887682,USA / Santa Anita Park (US) 20th Jan,R5 6f Mdn Claim,20-01-2023 22:34,51825294,Always California,0,14.167653141361665,10.8529635414123024476310737581807859098,1,12.5,11,1,1001,0,1905.96,47.32
208887688,USA / Santa Anita Park (US) 20th Jan,R7 1m2f Allw,20-01-2023 23:36,25426861,Ajaaweed,0,14.5,15.7488511646825626685209866353305196605,1,20,14,15.5,15.5,0,1116.14,348.12
208886276,USA / Tampa Bay Downs (US) 20th Jan,R6 6f Claim,20-01-2023 20:03,40369826,Sassy Like Julia,1,3.45,2.12178311590105458153509267459087837431,1,3.65,3.35,3.25,1.01,0,9074.94,4720.24
208886276,USA / Tampa Bay Downs (US) 20th Jan,R6 6f Claim,20-01-2023 20:03,38571253,Royal Gold Digger,0,150.69013985175638,89.7308918862865424798320410692477250517,1,170,100,160,160,0,229.6,4.52
208886276,USA / Tampa Bay Downs (US) 20th Jan,R6 6f Claim,20-01-2023 20:03,20121758,Oil On Canvas,0,31.310498073771598,26.4836576332362977813061799089356980559,1,40,30,1,1001,0,790.28,37.37
208886282,USA / Tampa Bay Downs (US) 20th Jan,R8 6f Allw Claim,20-01-2023 21:03,10108302,Woods Hole,0,14.779202757645397,14.04228754431245794556248012847630014,1,21,13,1,1001,0,1927.06,46.53
208886273,USA / Tampa Bay Downs (US) 20th Jan,R5 1m Mdn Claim,20-01-2023 19:33,41603529,Delta Ridge,0,6.224871899590498,4.36062834652260399903018151366873725082,1,1,1001,1,1001,0,1110.16,205.64
208886273,USA / Tampa Bay Downs (US) 20th Jan,R5 1m Mdn Claim,20-01-2023 19:33,51825302,The Point Road,0,55,35.1509776809504207450434183781789382999,1,60,55,1,1001,0,167.84,24.13
208886261,USA / Tampa Bay Downs (US) 20th Jan,R1 7f Claim,20-01-2023 17:32,186769,Auburn,0,9.964266287,12.1770529784738405998847662277231936627,1,29,12,910,400,0,2242.8,113.97
208886261,USA / Tampa Bay Downs (US) 20th Jan,R1 7f Claim,20-01-2023 17:32,21344607,Whiskarita,0,15,12.2828242854114701098315518582197266596,1,17.5,17,110,70,0,1094.98,101.51
208886267,USA / Tampa Bay Downs (US) 20th Jan,R3 1m Claim,20-01-2023 18:33,47164589,Coco Shell,0,6.891795326,6.11329486297508908490949579406042669329,1,7.2,7.2,1,1001,0,2288.5,129.37
208871645,USA / Penn National (US) 19th Jan,R7 1m Claim,20-01-2023 01:43,38480330,Meemoo,0,11,8.68125405737361160995450317656430838417,10.9186596502470946353967686676607963718,13,11.5,1,1001,811.43,794,17.43
208887148,USA / Delta Downs (US) 20th Jan,R3 5f Mdn Claim,20-01-2023 23:46,44234995,Umatilla,0,6.969535679,5.77829746022201335473692110209364622378,1,6.8,6.6,1,1001,0,2169.32,27.5
208887659,USA / Sam Houston (US) 20th Jan,R8 6f Allw,20-01-2023 22:09,38854248,Kittys Queen,0,42.53572529159487,32.2260052042302776095481897361494438659,1,38,30,1,1001,0,441.16,19.47
208887657,USA / Sam Houston (US) 20th Jan,R6 1m Claim,20-01-2023 21:15,12685211,Devamani,1,1.863366365,.753194541765983307987370086037532734046,1,1.99,1.45,2.02,2.02,0,6542.16,5722.44
208887652,USA / Sam Houston (US) 20th Jan,R1 6f Allw Claim,20-01-2023 19:00,20449772,Fleet De Sand,0,16.862861740645027,12.7499638025801124758986934291833577454,1,1,1001,1,1001,0,119.16,106.52
208887656,USA / Sam Houston (US) 20th Jan,R5 6f Mdn,20-01-2023 20:48,40943422,Im All Shook Up,0,9.162319549,9.64366956443975169153965982694080067089,1,11,11,1,1001,0,217.14,199.17
208887656,USA / Sam Houston (US) 20th Jan,R5 6f Mdn,20-01-2023 20:48,42038654,Senseofexcellence,0,3.7099976436502757,1.93111803936377842948437019987109116372,1,2.74,2.66,1.03,1.03,0,1784.4,4227.92
208887654,USA / Sam Houston (US) 20th Jan,R3 1m Mdn Claim,20-01-2023 19:54,40726456,Wilbert,0,6.737945709141204,5.74275250598600470878296791945686040127,1,1,1001,1,1001,0,151.36,46.59
208887654,USA / Sam Houston (US) 20th Jan,R3 1m Mdn Claim,20-01-2023 19:54,2475538,Sweet Present,0,43.397767094261944,29.347856545779388650476087675437926509,1,1,1001,1,1001,0,38.54,5.8
208887660,USA / Sam Houston (US) 20th Jan,R9 1m1f Allw Claim,20-01-2023 22:36,1337961,Oliver,0,4.0819443942565705,4.08552227572726001980347140431561640929,1,5.6,5.1,1,1001,0,1170.78,96.67
208887660,USA / Sam Houston (US) 20th Jan,R9 1m1f Allw Claim,20-01-2023 22:36,27970263,Carleas Dream,1,19.5,18.6401476349415940084954169461211714733,1,1,1001,1.05,1.05,0,145.57,4039.32
208887653,USA / Sam Houston (US) 20th Jan,R2 1m Claim,20-01-2023 19:27,5495138,Gamma Ray,0,18.544088731677917,7.95079259760375507737282151618454403582,1,1,1001,85,85,0,230.74,89.33
208887658,USA / Sam Houston (US) 20th Jan,R7 7f Allw Claim,20-01-2023 21:42,11995053,Algebra,0,1.9138897961108048,1.07978776618813993770106564150554020455,1,2.28,1.91,1000,1.64,0,11894.1,2376.94
208887658,USA / Sam Houston (US) 20th Jan,R7 7f Allw Claim,20-01-2023 21:42,24378805,Gold Pilot,1,3.1380258432283155,2.30412525068195079546666530161336001947,1,3.95,2.84,1.01,1.01,0,3817.36,3798.3
208887658,USA / Sam Houston (US) 20th Jan,R7 7f Allw Claim,20-01-2023 21:42,36140568,My Golden M,0,20.65194738955237,22.6614990622170116886537868004924632546,1,27,21,4,4,0,338.66,658.44
208871599,USA / Delta Downs (US) 19th Jan,R9 5f Claim,20-01-2023 02:52,36082886,Maggies Return,1,4.3278184527752455,3.63897621965776878168107635947947600598,3.06791138135959070826941977202377125222,4.3,4.3,1,1001,2177.42,1184.88,522.8
208871596,USA / Delta Downs (US) 19th Jan,R6 1m Claim,20-01-2023 01:20,27633694,Holy Emperor,0,2.349804202733284,1.45990462589808853193045901299936744429,2.3948049521646213267327591064949476997,2.5,2.44,980,980,4613.74,3157.58,445.12
208871596,USA / Delta Downs (US) 19th Jan,R6 1m Claim,20-01-2023 01:20,10097218,Always A Catch,0,32.63231260485948,26.7004117238895241361099758682354799277,20.3469343224961815404756709578878463888,1,1001,980,980,91.66,17.64,10.76
208871597,USA / Delta Downs (US) 19th Jan,R7 5f Allw,20-01-2023 01:50,40841434,Savannahs Here,0,110,73.5553349289889998051220478635267312142,75.4862858986769925782510487253952888028,1,1001,980,920,30.99,4.86,2.51
208886403,USA / Laurel Park (US) 20th Jan,R4 6f Claim,20-01-2023 18:54,38036721,Grand Escape,1,4.113948840305677,2.63206049378885482593978675416658582321,1,4.7,4.5,13,1.15,0,2208,4814.84
208886403,USA / Laurel Park (US) 20th Jan,R4 6f Claim,20-01-2023 18:54,47002955,The Colora Kid,0,4.833193951,2.50645715575541563629099734364878458004,1,4.6,4.4,1,1001,0,2463.48,133.19
208886403,USA / Laurel Park (US) 20th Jan,R4 6f Claim,20-01-2023 18:54,50596740,El Tolu,0,4.210729267,3.25397870826372215791577320577741290765,1,5.2,5.2,1,1001,0,1779.22,144.79
208886415,USA / Laurel Park (US) 20th Jan,R8 6f Allw Claim,20-01-2023 20:52,46505317,Majestys Freedom,0,36,14.5257213831643744600166666788692871451,1,32,30,400,400,0,214.8,132.43
208886394,USA / Laurel Park (US) 20th Jan,R1 1m Claim,20-01-2023 17:25,44767196,Flimsy,0,2.9899346767161488,2.19886829763717493378046768787419275367,1,3.4,3.3,1,1001,0,2957.52,3073.6
208886397,USA / Laurel Park (US) 20th Jan,R2 7f Claim,20-01-2023 17:56,38955035,Mosler Safe,0,5.3,4.51200293933066064981460760123620429279,1,5.7,5.7,60,3,0,759.88,479.42
208886412,USA / Laurel Park (US) 20th Jan,R7 6f Claim,20-01-2023 20:23,10200107,Aristocratic,0,12.289421519632452,10.065421304975398821916785878185613247,1,12,11,1,1001,0,944.72,1952.64
208886400,USA / Laurel Park (US) 20th Jan,R3 1m Claim,20-01-2023 18:25,45350812,Dropkick Queen,0,13.5,11.9731967678711734819959825163807023471,1,13,13,1000,100,0,580.9,81.7
208886400,USA / Laurel Park (US) 20th Jan,R3 1m Claim,20-01-2023 18:25,47703929,One Las Olas,0,7.2,9.21580410873595864263633945240548384608,1,22,20,1,1001,0,903.4,379.86
208886406,USA / Laurel Park (US) 20th Jan,R5 6f Mdn Claim,20-01-2023 19:23,51825299,Divided Union,0,2.946938939683169,2.00705892454022505256995577963987481818,1,3.35,2.96,1000,1000,0,7925,498.75
208871714,USA / Charles Town (US) 19th Jan,R4 1m1f Claim,20-01-2023 01:25,42988404,Front Porch,0,15.412992968,13.5612186425521475584328974159199354142,11.1448894101876675603217158176943699732,15.5,15.5,1,1001,417.76,262.26,32.92
208871711,USA / Charles Town (US) 19th Jan,R1 7f Allw,20-01-2023 00:00,25902820,Navy Sword,0,3.9901938674654227,2.88725476407866988258184622346174600002,3.69510229074972550418078247731303784758,4.2,4,1,1001,4262.36,3680.96,66.98
208871715,USA / Charles Town (US) 19th Jan,R5 7f Allw,20-01-2023 01:53,13193044,Subject To Change,0,90,66.127757211289354945754159996354705806,37.6344890510948905109489051094890510949,75,75,1,1001,109.6,30.69,14.05
208871717,USA / Charles Town (US) 19th Jan,R7 7f Allw,20-01-2023 02:49,39899136,Global Empress,0,17,3.72890180324062673692949561326363335749,7.52915827770124686517607996891667549716,28,28,1,1001,283.11,264.22,12.75
208871716,USA / Charles Town (US) 19th Jan,R6 7f Claim,20-01-2023 02:21,18565285,Potential Grizzly,0,14,9.6663276638348096799175808836052905103,8.95625345338182974579134617295728738099,9.62,9.62,1,1001,1006.26,793.53,8.13
208871716,USA / Charles Town (US) 19th Jan,R6 7f Claim,20-01-2023 02:21,40548046,Addys Laddy T N T,0,10.344847330227493,8.81827338308390111456490290314869542369,8.62255232184891932377487695270704044511,9.62,9.43,1,1001,934.6,757.78,4.96
208886858,USA / Golden Gate Fields (US) 20th Jan,R6 6f Mdn Claim,20-01-2023 23:51,40200979,Heavens Ghost,0,31.99068738,33.9315092086674446356735718193287767266,1,50,28,1,1001,0,275.66,103.11
208886858,USA / Golden Gate Fields (US) 20th Jan,R6 6f Mdn Claim,20-01-2023 23:51,7277944,Natalia,0,5,4.15717009025319564988064403345559826154,1,5.6,4.9,1,1001,0,1896.48,687.23
208886858,USA / Golden Gate Fields (US) 20th Jan,R6 6f Mdn Claim,20-01-2023 23:51,38886276,Flaps Up,0,85.78554193386108,85.9887294490747900187650172070360736106,1,110,65,1,1001,0,68.32,76.46
208886858,USA / Golden Gate Fields (US) 20th Jan,R6 6f Mdn Claim,20-01-2023 23:51,45580939,Dizzy Dazmura,1,4.6465458535266215,3.49793922164864868527784167263720987361,1,4.8,4.5,1,1001,0,3630.72,2100.5
208886849,USA / Golden Gate Fields (US) 20th Jan,R3 5f Claim,20-01-2023 22:18,15485613,Minoso,0,44.894048430435355,29.3366058162620849243673698268896054243,1,42,26,60,4,0,570,961.1
208886852,USA / Golden Gate Fields (US) 20th Jan,R4 1m Mdn Claim,20-01-2023 22:49,40290797,Tigers Arrow,0,10,7.105096551984681523122324072396824197,1,11,10.5,17,17,0,951.12,366.22
208886846,USA / Golden Gate Fields (US) 20th Jan,R2 5f Mdn Claim,20-01-2023 21:47,44828623,Wolfs Life,0,21,20.2793571091847522525014114842944758569,1,28,20,1,1001,0,260.6,110.2
208886843,USA / Golden Gate Fields (US) 20th Jan,R1 6f Claim,20-01-2023 21:15,44429536,Union Gig,0,3.4310424673555096,2.46981656081674590228361254262197953294,1,3.55,3.1,400,400,0,3014.34,387.34
208886843,USA / Golden Gate Fields (US) 20th Jan,R1 6f Claim,20-01-2023 21:15,36818649,Just Watch Me Now,0,32.75757589756975,34.3801346307018837753257291100295690472,1,42,32,1,1001,0,277.88,229.84
