EVENT_ID,MENU_HINT,EVENT_NAME,EVENT_DT,SELECTION_ID,SELECTION_NAME,WIN_LOSE,BSP,PPWAP,MORNINGWAP,PPMAX,PPMIN,IPMAX,IPMIN,MORNINGTRADEDVOL,PPTRADEDVOL,IPTRADEDVOL
129551814,Televised Cards / Harl 7th Feb,TO BE PLACED,07/02/2017 21:32,3504917,3. Incidental,1,1.77,1,1,1,1001,1,1001,0,0,0
129551843,BAGS Cards / PBarr 7th Feb,TO BE PLACED,07/02/2017 13:58,8533003,4. Seathwaite Kado,0,5.55,1,1,1,1001,1,1001,0,0,0
129550082,AUS / Wgul (AUS) 7th Feb,TO BE PLACED,07/02/2017 09:05,8967621,6. Tiger Whelan,0,,1,4.2,1,1001,1,1001,5.74,0,0
129549979,AUS / Bend (AUS) 7th Feb,TO BE PLACED,07/02/2017 08:15,9031761,6. Noonbarra Joe,0,,1,3.65,1,1001,1,1001,19.54,0,0
129551419,BAGS Cards / Nott 7th Feb,TO BE PLACED,07/02/2017 11:48,9156302,3. Express Sienna,0,3.75,1,1,1,1001,1,1001,0,0,0
129551486,BAGS Cards / Newc 7th Feb,TO BE PLACED,07/02/2017 21:07,9393814,2. High Hill Beauty,1,2.45,1,1,1,1001,1,1001,0,0,0
129551772,Televised Cards / Towc 7th Feb,TO BE PLACED,07/02/2017 19:14,9454391,2. Poison Ivy,1,2.261254179,1,1,1,1001,1,1001,0,0,0
129550550,AUS / Devn (AUS) 7th Feb,TO BE PLACED,07/02/2017 02:52,10113379,6. Honcho Bound,0,,1,3.277160494,1,1001,1,1001,38.88,0,0
129551427,BAGS Cards / Nott 7th Feb,TO BE PLACED,07/02/2017 12:47,10427057,4. Ksara Sara,0,3.1,1,1,1,1001,1,1001,0,0,0
129551857,BAGS Cards / Crayfd 7th Feb,TO BE PLACED,07/02/2017 16:08,10448578,4. Black Selection,1,2.49,1,1,1,1001,1,1001,0,0,0
129550389,AUS / Mand (AUS) 7th Feb,TO BE PLACED,07/02/2017 13:27,10433574,3. Laytown,0,,1,1,1,1001,1,1001,0,0,0
129551784,Televised Cards / Towc 7th Feb,TO BE PLACED,07/02/2017 20:50,10495747,5. Swift Clare,0,2.19,1,1,1,1001,1,1001,0,0,0
129551865,BAGS Cards / Crayfd 7th Feb,TO BE PLACED,07/02/2017 17:22,10688010,5. Dans Aunt,0,5.9,1,1,1,1001,1,1001,0,0,0
129550101,AUS / Wgul (AUS) 7th Feb,TO BE PLACED,07/02/2017 10:25,10786649,8. Stolen,1,,1,1.711965403,1,1001,1,1001,54.34,0,0
129551831,BAGS Cards / PBarr 7th Feb,TO BE PLACED,07/02/2017 12:27,10989866,1. Aero Shadow,1,2.610535824,1,1,1,1001,1,1001,0,0,0
129551881,BAGS Cards / Kinsl 7th Feb,TO BE PLACED,07/02/2017 19:37,10965264,4. Swifty Pat,0,8.588140737,1,1,1,1001,1,1001,0,0,0
129551881,BAGS Cards / Kinsl 7th Feb,TO BE PLACED,07/02/2017 19:37,11065320,6. Rockburst Avril,0,2.096797476,1,1,1,1001,1,1001,0,0,0
129550130,AUS / Gosf (AUS) 7th Feb,TO BE PLACED,07/02/2017 10:38,11105934,3. Foreseeable,0,,1,3.225596708,1,1001,1,1001,24.3,0,0
129551827,BAGS Cards / PBarr 7th Feb,TO BE PLACED,07/02/2017 11:57,11285170,5. Kildallon Rae,1,4.8,1,1,1,1001,1,1001,0,0,0
129551881,BAGS Cards / Kinsl 7th Feb,TO BE PLACED,07/02/2017 19:37,11211747,1. Clydeside Cougar,1,2.18,1,1,1,1001,1,1001,0,0,0
129550351,AUS / Lism (AUS) 7th Feb,TO BE PLACED,07/02/2017 08:08,11607917,2. Jimary Bond,0,,1,2.98,1,1001,1,1001,4,0,0
129551865,BAGS Cards / Crayfd 7th Feb,TO BE PLACED,07/02/2017 17:22,11783819,4. Iroko Forari,0,4.3,1,1,1,1001,1,1001,0,0,0
129550939,AUS / AnPk (AUS) 7th Feb,TO BE PLACED,07/02/2017 02:44,12008170,4. Raven Sky,1,,1,1.621338129,1,1001,1,1001,27.8,0,0
129550361,AUS / Mand (AUS) 7th Feb,TO BE PLACED,07/02/2017 10:32,12157870,1. Ginos Me Boy,0,,1,4.5,1,1001,1,1001,13.58,0,0
129550120,AUS / Gosf (AUS) 7th Feb,TO BE PLACED,07/02/2017 08:58,12286253,4. Palais De Louvre,0,,1,1.39978003,1,1001,1,1001,92.74,0,0
129550101,AUS / Wgul (AUS) 7th Feb,TO BE PLACED,07/02/2017 10:25,12278597,4. Banjo Shark,0,,1,1.7198749,1,1001,1,1001,326.14,0,0
129551798,Televised Cards / Towc 7th Feb,TO BE PLACED,07/02/2017 22:40,12251728,3. Barricane Jack,0,1.62,1,1,1,1001,1,1001,0,0,0
129551904,BAGS Cards / Sheff 7th Feb,TO BE PLACED,07/02/2017 19:43,12482441,5. Headleys Road,1,3.7,1,1,1,1001,1,1001,0,0,0
129551431,BAGS Cards / Nott 7th Feb,TO BE PLACED,07/02/2017 13:19,12482047,1. Salacres Product,0,2.88,1,1,1,1001,1,1001,0,0,0
129551457,BAGS Cards / Sund 7th Feb,TO BE PLACED,07/02/2017 17:33,12444218,1. Geneva Lily,0,3.4,1,1,1,1001,1,1001,0,0,0
129550076,AUS / Wgul (AUS) 7th Feb,TO BE PLACED,07/02/2017 08:45,12485275,8. Little Black Joe,1,,1,1.24939528,1,1001,1,1001,81.36,0,0
129549975,AUS / Bend (AUS) 7th Feb,TO BE PLACED,07/02/2017 07:25,12485297,10. Dani Bale,0,,1,8.358570268,1,1001,1,1001,24.62,0,0
129550523,AUS / Ipsw (AUS) 7th Feb,TO BE PLACED,07/02/2017 05:54,12485517,2. Little Lucy,1,,1,1.45872428,1,1001,1,1001,48.6,0,0
129551474,BAGS Cards / Newc 7th Feb,TO BE PLACED,07/02/2017 19:32,12482174,6. Beatties Cushy,1,3.375,1,1,1,1001,1,1001,0,0,0
129551786,Televised Cards / Towc 7th Feb,TO BE PLACED,07/02/2017 21:06,12482782,4. Mountaylor Law,1,2.204973669,1,1,1,1001,1,1001,0,0,0
129551875,BAGS Cards / Kinsl 7th Feb,TO BE PLACED,07/02/2017 18:49,8557355,3. Springfield Hen,1,2.18,1,1,1,1001,1,1001,0,0,0
129550947,AUS / AnPk (AUS) 7th Feb,TO BE PLACED,07/02/2017 04:07,9609335,8. Sunny Aura,1,,1,3.4,1,1001,1,1001,16.04,0,0
129551891,BAGS Cards / Kinsl 7th Feb,TO BE PLACED,07/02/2017 20:57,10400500,3. Ivenewsforyou,1,2.68,1,1,1,1001,1,1001,0,0,0
129551845,BAGS Cards / Crayfd 7th Feb,TO BE PLACED,07/02/2017 14:08,10418139,1. Newlawn Emma,0,2.663713108,1,1,1,1001,1,1001,0,0,0
129551421,BAGS Cards / Nott 7th Feb,TO BE PLACED,07/02/2017 12:04,10524923,6. Banana Sanchez,0,5.05,1,1,1,1001,1,1001,0,0,0
129550124,AUS / Gosf (AUS) 7th Feb,TO BE PLACED,07/02/2017 09:38,10710162,7. Pine Tree,0,,1,2.91988921,1,1001,1,1001,41.52,0,0
129551821,BAGS Cards / PBarr 7th Feb,TO BE PLACED,07/02/2017 11:11,10697519,1. Rocky Jazz,0,3.05,1,1,1,1001,1,1001,0,0,0
129551435,BAGS Cards / Nott 7th Feb,TO BE PLACED,07/02/2017 13:51,10843320,3. Graystoke Lady,0,5.9,1,1,1,1001,1,1001,0,0,0
129551843,BAGS Cards / PBarr 7th Feb,TO BE PLACED,07/02/2017 13:58,10868101,3. Aero Nomad,1,2.94,1,1,1,1001,1,1001,0,0,0
129550539,AUS / Ipsw (AUS) 7th Feb,TO BE PLACED,07/02/2017 07:54,11077697,4. Gotta Be Black,0,,1,3.541810205,1,1001,1,1001,61.54,0,0
129551889,BAGS Cards / Kinsl 7th Feb,TO BE PLACED,07/02/2017 20:41,11108834,1. Aulton Pee Jay,0,2.52,1,1,1,1001,1,1001,0,0,0
129550552,AUS / Devn (AUS) 7th Feb,TO BE PLACED,07/02/2017 03:17,11224680,8. Hello Freckles,1,,1,2.64,1,1001,1,1001,6.14,0,0
129551825,BAGS Cards / PBarr 7th Feb,TO BE PLACED,07/02/2017 11:42,11202437,2. Ferndale Ella,0,2.94,1,1,1,1001,1,1001,0,0,0
129550537,AUS / Ipsw (AUS) 7th Feb,TO BE PLACED,07/02/2017 07:37,11372294,5. On The Wall,0,,1,11.49728261,1,1001,1,1001,7.36,0,0
129551476,BAGS Cards / Newc 7th Feb,TO BE PLACED,07/02/2017 19:48,11429182,4. Spyinthesky,1,2.181085589,1,1,1,1001,1,1001,0,0,0
129551806,Televised Cards / Harl 7th Feb,TO BE PLACED,07/02/2017 20:26,11585717,3. Lulus Diamond,1,5.8,1,1,1,1001,1,1001,0,0,0
129549975,AUS / Bend (AUS) 7th Feb,TO BE PLACED,07/02/2017 07:25,11602827,1. Seabrook Indi,1,,1,3.290934844,1,1001,1,1001,14.12,0,0
129550357,AUS / Mand (AUS) 7th Feb,TO BE PLACED,07/02/2017 10:12,11693730,7. Quackas Girl,1,,1,2.738001768,1,1001,1,1001,67.86,0,0
129551459,BAGS Cards / Sund 7th Feb,TO BE PLACED,07/02/2017 17:47,12056509,2. Silverhill Park,0,2.7,1,1,1,1001,1,1001,0,0,0
129551912,BAGS Cards / Sheff 7th Feb,TO BE PLACED,07/02/2017 20:47,12090809,6. Geelo Senator,1,1.89,1,1,1,1001,1,1001,0,0,0
129551451,BAGS Cards / Sund 7th Feb,TO BE PLACED,07/02/2017 16:37,12154916,5. Piercestown Away,0,2.82,1,1,1,1001,1,1001,0,0,0
129551896,BAGS Cards / Sheff 7th Feb,TO BE PLACED,07/02/2017 18:39,12201226,6. Fruitful Mover,0,2.126884996,1,1,1,1001,1,1001,0,0,0
129550389,AUS / Mand (AUS) 7th Feb,TO BE PLACED,07/02/2017 13:27,12239061,1. Iridium Flare,1,,1,1,1,1001,1,1001,0,0,0
129549981,AUS / Bend (AUS) 7th Feb,TO BE PLACED,07/02/2017 08:35,12199305,1. Right Now,1,,1,1.906404602,1,1001,1,1001,20.86,0,0
129551463,BAGS Cards / Sund 7th Feb,TO BE PLACED,07/02/2017 18:18,12284322,4. Scruffs Sue,1,2.704248248,1,1,1,1001,1,1001,0,0,0
129551784,Televised Cards / Towc 7th Feb,TO BE PLACED,07/02/2017 20:50,12295651,1. Leighlin Ted,0,6.4,1,1,1,1001,1,1001,0,0,0
129549969,AUS / Bend (AUS) 7th Feb,TO BE PLACED,07/02/2017 06:27,12396252,9. Southwood Max,0,,1,3.189911874,1,1001,1,1001,43.12,0,0
129550387,AUS / Mand (AUS) 7th Feb,TO BE PLACED,07/02/2017 13:12,12409410,4. Sworn Testimony,0,,1,1,1,1001,1,1001,0,0,0
129550003,AUS / Geel (AUS) 7th Feb,TO BE PLACED,07/02/2017 07:33,12324190,8. Paints A Story,0,,1,4.602396054,1,1001,1,1001,56.76,0,0
129550935,AUS / AnPk (AUS) 7th Feb,TO BE PLACED,07/02/2017 02:04,12484921,1. Black Orlov,1,,1,2.84,1,1001,1,1001,1.04,0,0
129551445,BAGS Cards / Sund 7th Feb,TO BE PLACED,07/02/2017 15:38,12482353,5. Allowdale Katie,0,4.7,1,1,1,1001,1,1001,0,0,0
129549997,AUS / Geel (AUS) 7th Feb,TO BE PLACED,07/02/2017 06:34,12485205,7. Zipping Maisy,1,,1,1.399385674,1,1001,1,1001,84.32,0,0
129550003,AUS / Geel (AUS) 7th Feb,TO BE PLACED,07/02/2017 07:33,12485216,2. Norah Bale,1,,1,2.22,1,1001,1,1001,0.1,0,0
129550066,AUS / Wgul (AUS) 7th Feb,TO BE PLACED,07/02/2017 08:25,12485261,5. Labuan Starfish,0,,1,4.415055668,1,1001,1,1001,39.52,0,0
129551855,BAGS Cards / Crayfd 7th Feb,TO BE PLACED,07/02/2017 15:48,12483001,5. Markstreet Dixie,0,2.42,1,1,1,1001,1,1001,0,0,0
129551821,BAGS Cards / PBarr 7th Feb,TO BE PLACED,07/02/2017 11:11,5179430,4. Jetson,0,6.4,1,1,1,1001,1,1001,0,0,0
129551845,BAGS Cards / Crayfd 7th Feb,TO BE PLACED,07/02/2017 14:08,8407625,2. Ashburn Pink,1,2.38,1,1,1,1001,1,1001,0,0,0
129551468,BAGS Cards / Newc 7th Feb,TO BE PLACED,07/02/2017 18:44,8940260,2. Forge Heather,1,5,1,1,1,1001,1,1001,0,0,0
129549971,AUS / Bend (AUS) 7th Feb,TO BE PLACED,07/02/2017 06:49,9007791,1. Pretty Boy Grigg,0,,1,6.196992481,1,1001,1,1001,5.32,0,0
129550134,AUS / Gosf (AUS) 7th Feb,TO BE PLACED,07/02/2017 11:22,9230390,7. Hillbilly Jo,0,,1,1,1,1001,1,1001,0,0,0
129549981,AUS / Bend (AUS) 7th Feb,TO BE PLACED,07/02/2017 08:35,9664043,2. Barked Off,0,,1,2.887457338,1,1001,1,1001,23.44,0,0
129550455,AUS / Town (AUS) 7th Feb,TO BE PLACED,07/02/2017 11:57,10181387,5. Metro Man,1,,1,1,1,1001,1,1001,0,0,0
129551435,BAGS Cards / Nott 7th Feb,TO BE PLACED,07/02/2017 13:51,10400888,4. Confey Patch,1,4.110504026,1,1,1,1001,1,1001,0,0,0
129551461,BAGS Cards / Sund 7th Feb,TO BE PLACED,07/02/2017 18:04,10492362,4. Lisnakill Paudie,0,3.4,1,1,1,1001,1,1001,0,0,0
129551427,BAGS Cards / Nott 7th Feb,TO BE PLACED,07/02/2017 12:47,10569956,3. Tellhimjohn,1,2.404051214,1,1,1,1001,1,1001,0,0,0
129551865,BAGS Cards / Crayfd 7th Feb,TO BE PLACED,07/02/2017 17:22,10687993,6. Cash And Go,1,2.68,1,1,1,1001,1,1001,0,0,0
129551885,BAGS Cards / Kinsl 7th Feb,TO BE PLACED,07/02/2017 20:09,11064819,6. Almoradi Mai,0,3.325,1,1,1,1001,1,1001,0,0,0
129550941,AUS / AnPk (AUS) 7th Feb,TO BE PLACED,07/02/2017 03:04,11155756,7. Rattle em,0,,1,1.818487362,1,1001,1,1001,50.64,0,0
129551833,BAGS Cards / PBarr 7th Feb,TO BE PLACED,07/02/2017 12:42,11283118,5. Karlow Brandy,1,5.5,1,1,1,1001,1,1001,0,0,0
129551480,BAGS Cards / Newc 7th Feb,TO BE PLACED,07/02/2017 20:19,11268086,4. El Sheik,1,4.15,1,1,1,1001,1,1001,0,0,0
129551423,BAGS Cards / Nott 7th Feb,TO BE PLACED,07/02/2017 12:18,11221856,3. Droopys Gypsy,0,5.05,1,1,1,1001,1,1001,0,0,0
129551904,BAGS Cards / Sheff 7th Feb,TO BE PLACED,07/02/2017 19:43,11384470,6. Troydale Alex,0,7,1,1,1,1001,1,1001,0,0,0
129551871,BAGS Cards / Crayfd 7th Feb,TO BE PLACED,07/02/2017 18:11,11448611,2. Cronody Susie,0,1.81,1,1,1,1001,1,1001,0,0,0
129550084,AUS / Wgul (AUS) 7th Feb,TO BE PLACED,07/02/2017 09:25,11703894,8. Reckoning,1,,1,1.226837566,1,1001,1,1001,83.48,0,0
129550556,AUS / Devn (AUS) 7th Feb,TO BE PLACED,07/02/2017 03:58,11826341,6. Swift Zorro,1,,1,1.58,1,1001,1,1001,0.36,0,0
129549981,AUS / Bend (AUS) 7th Feb,TO BE PLACED,07/02/2017 08:35,11903493,7. Ziggy Punter,1,,1,1.437528587,1,1001,1,1001,162.66,0,0
129551461,BAGS Cards / Sund 7th Feb,TO BE PLACED,07/02/2017 18:04,12012064,2. Errill Ginger,0,2.81217344,1,1,1,1001,1,1001,0,0,0
129551829,BAGS Cards / PBarr 7th Feb,TO BE PLACED,07/02/2017 12:12,12012612,5. Wilbrook Sunny,1,2.4,1,1,1,1001,1,1001,0,0,0
129551468,BAGS Cards / Newc 7th Feb,TO BE PLACED,07/02/2017 18:44,11986637,5. Geordie Fred,0,2.42,1,1,1,1001,1,1001,0,0,0
129551910,BAGS Cards / Sheff 7th Feb,TO BE PLACED,07/02/2017 20:31,12142923,3. Logee Eliza,1,2.309475287,1,1,1,1001,1,1001,0,0,0
129551484,BAGS Cards / Newc 7th Feb,TO BE PLACED,07/02/2017 20:52,12097333,2. Romeo Valentino,0,2,1,1,1,1001,1,1001,0,0,0
129551784,Televised Cards / Towc 7th Feb,TO BE PLACED,07/02/2017 20:50,12186347,3. Barricane Dione,1,2.04,1,1,1,1001,1,1001,0,0,0
129550377,AUS / Lism (AUS) 7th Feb,TO BE PLACED,07/02/2017 10:48,12351241,4. Two Jay,1,,1,1.371365007,1,1001,1,1001,331.72,0,0
129550387,AUS / Mand (AUS) 7th Feb,TO BE PLACED,07/02/2017 13:12,12413668,5. Rhianna Keeping,1,,1,1,1,1001,1,1001,0,0,0
129550383,AUS / Mand (AUS) 7th Feb,TO BE PLACED,07/02/2017 12:32,12485579,6. Groomer Mcgrath,1,,1,1,1,1001,1,1001,0,0,0
129551900,BAGS Cards / Sheff 7th Feb,TO BE PLACED,07/02/2017 19:11,12482427,3. Brazen Emperor,0,2.22,1,1,1,1001,1,1001,0,0,0
129551439,BAGS Cards / Sund 7th Feb,TO BE PLACED,07/02/2017 14:37,12444244,3. Cairns Natalie,1,2.473696268,1,1,1,1001,1,1001,0,0,0
129550066,AUS / Wgul (AUS) 7th Feb,TO BE PLACED,07/02/2017 08:25,12485262,7. Sparky Neveelk,1,,1,2.201517656,1,1001,1,1001,159.72,0,0
129550355,AUS / Lism (AUS) 7th Feb,TO BE PLACED,07/02/2017 08:48,12485311,4. Terra Torra,1,,1,1.548159393,1,1001,1,1001,21.08,0,0
129551863,BAGS Cards / Crayfd 7th Feb,TO BE PLACED,07/02/2017 17:07,12483026,6. Supa Kaz,1,5.5,1,1,1,1001,1,1001,0,0,0
129551455,BAGS Cards / Sund 7th Feb,TO BE PLACED,07/02/2017 17:17,8623166,5. Allowdale Mary,0,5,1,1,1,1001,1,1001,0,0,0
129551472,BAGS Cards / Newc 7th Feb,TO BE PLACED,07/02/2017 19:16,8864669,1. Mollys Bonnie,0,3.775,1,1,1,1001,1,1001,0,0,0
129551788,Televised Cards / Towc 7th Feb,TO BE PLACED,07/02/2017 21:24,9108342,2. Onyergorusty,0,6.6,1,1,1,1001,1,1001,0,0,0
129551867,BAGS Cards / Crayfd 7th Feb,TO BE PLACED,07/02/2017 17:38,9273546,6. Lemming Dyl,1,2.225201832,1,1,1,1001,1,1001,0,0,0
129550435,AUS / Mand (AUS) 7th Feb,TO BE PLACED,07/02/2017 13:47,9234785,8. Zoo Ringo,0,,1,1,1,1001,1,1001,0,0,0
129551914,BAGS Cards / Sheff 7th Feb,TO BE PLACED,07/02/2017 21:02,9483505,4. Romeo Super Hero,0,4.4,1,1,1,1001,1,1001,0,0,0
129551472,BAGS Cards / Newc 7th Feb,TO BE PLACED,07/02/2017 19:16,9967103,6. Target Carla,0,2.46,1,1,1,1001,1,1001,0,0,0
129551782,Televised Cards / Towc 7th Feb,TO BE PLACED,07/02/2017 20:34,10187790,1. Head Iton Sandy,1,1.765717723,1,1,1,1001,1,1001,0,0,0
129551855,BAGS Cards / Crayfd 7th Feb,TO BE PLACED,07/02/2017 15:48,10500255,2. Never So Sure,0,13,1,1,1,1001,1,1001,0,0,0
129550443,AUS / Town (AUS) 7th Feb,TO BE PLACED,07/02/2017 09:55,10631018,8. Miss Lardie Da,1,,1,3.1,1,1001,1,1001,5.62,0,0
129551855,BAGS Cards / Crayfd 7th Feb,TO BE PLACED,07/02/2017 15:48,10765870,1. Organised Chaos,1,1.64,1,1,1,1001,1,1001,0,0,0
129550535,AUS / Ipsw (AUS) 7th Feb,TO BE PLACED,07/02/2017 07:17,10692918,5. Wildash Wildboy,0,,1,3.118606557,1,1001,1,1001,97.6,0,0
129551900,BAGS Cards / Sheff 7th Feb,TO BE PLACED,07/02/2017 19:11,11020262,1. Geelo Power,0,2.610011787,1,1,1,1001,1,1001,0,0,0
129550933,AUS / AnPk (AUS) 7th Feb,TO BE PLACED,07/02/2017 01:46,11274047,7. Ruthless Lawler,0,,1,1.69,1,1001,1,1001,26.96,0,0
129551778,Televised Cards / Towc 7th Feb,TO BE PLACED,07/02/2017 20:02,11283883,4. Chantilly Dream,1,2.52,1,1,1,1001,1,1001,0,0,0
129551804,Televised Cards / Harl 7th Feb,TO BE PLACED,07/02/2017 20:10,11391392,1. Coolykereen Rake,1,1.237282981,1,1,1,1001,1,1001,0,0,0
129551889,BAGS Cards / Kinsl 7th Feb,TO BE PLACED,07/02/2017 20:41,11417609,4. Battyford Turbo,0,2.57,1,1,1,1001,1,1001,0,0,0
129550443,AUS / Town (AUS) 7th Feb,TO BE PLACED,07/02/2017 09:55,11649069,3. Miss Beast,0,,1,2.8,1,1001,1,1001,6.22,0,0
129550556,AUS / Devn (AUS) 7th Feb,TO BE PLACED,07/02/2017 03:58,11663557,5. Yappin Blue,0,,1,1.563,1,1001,1,1001,0.2,0,0
129550445,AUS / Town (AUS) 7th Feb,TO BE PLACED,07/02/2017 10:15,11755063,4. Berisha,1,,1,1.477015218,1,1001,1,1001,254.96,0,0
129550355,AUS / Lism (AUS) 7th Feb,TO BE PLACED,07/02/2017 08:48,11891065,2. Hippie Trend,0,,1,1.94,1,1001,1,1001,14.74,0,0
129550134,AUS / Gosf (AUS) 7th Feb,TO BE PLACED,07/02/2017 11:22,12065566,5. Mister Purple,1,,1,1,1,1001,1,1001,0,0,0
129551877,BAGS Cards / Kinsl 7th Feb,TO BE PLACED,07/02/2017 19:06,12182698,6. Rubys Clover,0,2.4,1,1,1,1001,1,1001,0,0,0
129550560,AUS / Devn (AUS) 7th Feb,TO BE PLACED,07/02/2017 04:39,12144381,2. Ooaar,0,,1,1.841614436,1,1001,1,1001,783.06,0,0
129550435,AUS / Mand (AUS) 7th Feb,TO BE PLACED,07/02/2017 13:47,12084796,6. Dash Of Black,0,,1,1,1,1001,1,1001,0,0,0
129549965,AUS / Bend (AUS) 7th Feb,TO BE PLACED,07/02/2017 05:47,12280217,6. Corleone King,1,,1,1.48,1,1001,1,1001,20,0,0
129551447,BAGS Cards / Sund 7th Feb,TO BE PLACED,07/02/2017 15:58,12281707,1. Roman Recruit,1,1.83,1,1,1,1001,1,1001,0,0,0
129551437,BAGS Cards / Sund 7th Feb,TO BE PLACED,07/02/2017 14:18,12251653,4. Athlacca Parish,0,4.6,1,1,1,1001,1,1001,0,0,0
129549967,AUS / Bend (AUS) 7th Feb,TO BE PLACED,07/02/2017 06:09,12267925,5. Kiwi Collision,0,,1,4.1,1,1001,1,1001,12.02,0,0
129551851,BAGS Cards / Crayfd 7th Feb,TO BE PLACED,07/02/2017 15:07,12266785,2. Blackhall Six,0,3.1,1,1,1,1001,1,1001,0,0,0
129550375,AUS / Mand (AUS) 7th Feb,TO BE PLACED,07/02/2017 11:33,12357184,3. On The Trowel,0,,1,1,1,1001,1,1001,0,0,0
129551859,BAGS Cards / Crayfd 7th Feb,TO BE PLACED,07/02/2017 16:27,12372382,6. Ridgedale Bengy,0,1.72,1,1,1,1001,1,1001,0,0,0
129550375,AUS / Mand (AUS) 7th Feb,TO BE PLACED,07/02/2017 11:33,12485575,5. Weedle Monelli,1,,1,1,1,1001,1,1001,0,0,0
129550387,AUS / Mand (AUS) 7th Feb,TO BE PLACED,07/02/2017 13:12,12485581,1. Cosmic Evolution,1,,1,1,1,1001,1,1001,0,0,0
129551812,Televised Cards / Harl 7th Feb,TO BE PLACED,07/02/2017 21:15,12482538,1. Benro Lilypops,0,2.258939235,1,1,1,1001,1,1001,0,0,0
129550104,AUS / Wgul (AUS) 7th Feb,TO BE PLACED,07/02/2017 10:45,12446274,9. Freedom Fire,0,,1,8.38183242,1,1001,1,1001,25.54,0,0
129550542,AUS / Devn (AUS) 7th Feb,TO BE PLACED,07/02/2017 01:39,12484976,4. Scully Gregg,1,,1,1.966119403,1,1001,1,1001,26.8,0,0
129550001,AUS / Geel (AUS) 7th Feb,TO BE PLACED,07/02/2017 07:14,12485210,1. Fran Allen,1,,1,1.63,1,1001,1,1001,2,0,0
129550118,AUS / Gosf (AUS) 7th Feb,TO BE PLACED,07/02/2017 08:38,12485331,5. Allonsy Johnny,0,,1,1.89,1,1001,1,1001,6.44,0,0
129550132,AUS / Gosf (AUS) 7th Feb,TO BE PLACED,07/02/2017 10:58,12485347,9. Greysynd Force,0,,1,2.52,1,1001,1,1001,6.16,0,0
129550523,AUS / Ipsw (AUS) 7th Feb,TO BE PLACED,07/02/2017 05:54,12485516,1. Dahomey Windfire,1,,1,1.164186341,1,1001,1,1001,142.32,0,0
129551482,BAGS Cards / Newc 7th Feb,TO BE PLACED,07/02/2017 20:36,12482195,3. Rileys Stan,0,5.7,1,1,1,1001,1,1001,0,0,0
129551879,BAGS Cards / Kinsl 7th Feb,TO BE PLACED,07/02/2017 19:22,3881130,5. Eskimo Queen,0,1.87322136,1,1,1,1001,1,1001,0,0,0
129551413,BAGS Cards / Nott 7th Feb,TO BE PLACED,07/02/2017 11:03,8513036,1. Liosgarbh Colleg,0,3.85,1,4.637836474,1,1001,1,1001,101.54,0,0
129551788,Televised Cards / Towc 7th Feb,TO BE PLACED,07/02/2017 21:24,8821714,5. Rockmount Pluto,0,4.3,1,1,1,1001,1,1001,0,0,0
129550104,AUS / Wgul (AUS) 7th Feb,TO BE PLACED,07/02/2017 10:45,9049869,6. Muzzle Jump,0,,1,7.419001218,1,1001,1,1001,16.42,0,0
129550101,AUS / Wgul (AUS) 7th Feb,TO BE PLACED,07/02/2017 10:25,10225802,7. Bella Rico,0,,1,2.880797721,1,1001,1,1001,14.04,0,0
129551800,Televised Cards / Harl 7th Feb,TO BE PLACED,07/02/2017 19:39,10491996,2. Rock Of Kinloch,0,7.4,1,1,1,1001,1,1001,0,0,0
129550451,AUS / Town (AUS) 7th Feb,TO BE PLACED,07/02/2017 11:15,10534301,3. Velocity Lavinia,0,,1,1,1,1001,1,1001,0,0,0
129551798,Televised Cards / Towc 7th Feb,TO BE PLACED,07/02/2017 22:40,10619163,2. Calco Swift,0,2.006703422,1,1,1,1001,1,1001,0,0,0
129550377,AUS / Lism (AUS) 7th Feb,TO BE PLACED,07/02/2017 10:48,10580800,1. Dont Knocka Tom,0,,1,2.900990099,1,1001,1,1001,10.1,0,0
129551837,BAGS Cards / PBarr 7th Feb,TO BE PLACED,07/02/2017 13:12,10778129,6. Pretty Diva,0,4.9,1,1,1,1001,1,1001,0,0,0
129551808,Televised Cards / Harl 7th Feb,TO BE PLACED,07/02/2017 20:42,10875922,2. Stonepark Mo,1,1.32,1,1,1,1001,1,1001,0,0,0
129550373,AUS / Lism (AUS) 7th Feb,TO BE PLACED,07/02/2017 10:28,10923557,7. Tranquil Manu,0,,1,1.866715547,1,1001,1,1001,240.04,0,0
129551780,Televised Cards / Towc 7th Feb,TO BE PLACED,07/02/2017 20:18,11123042,2. Duck Egg Dave,0,4.8,1,1,1,1001,1,1001,0,0,0
129549979,AUS / Bend (AUS) 7th Feb,TO BE PLACED,07/02/2017 08:15,11155801,2. Just Tooie,1,,1,3.496196581,1,1001,1,1001,23.4,0,0
129550116,AUS / Gosf (AUS) 7th Feb,TO BE PLACED,07/02/2017 08:18,11335820,3. Indianna Keroma,0,,1,1.752366958,1,1001,1,1001,75.54,0,0
129551873,BAGS Cards / Kinsl 7th Feb,TO BE PLACED,07/02/2017 18:33,11352535,5. Cnoc Eske,1,4.5,1,1,1,1001,1,1001,0,0,0
129551841,BAGS Cards / PBarr 7th Feb,TO BE PLACED,07/02/2017 13:44,11911027,1. Rafas Wee Frisky,0,2.5,1,1,1,1001,1,1001,0,0,0
129550389,AUS / Mand (AUS) 7th Feb,TO BE PLACED,07/02/2017 13:27,12019956,8. West On Beth,1,,1,1,1,1001,1,1001,0,0,0
129550546,AUS / Devn (AUS) 7th Feb,TO BE PLACED,07/02/2017 02:17,12054547,8. Fesco Lass,1,,1,1.646158631,1,1001,1,1001,12.86,0,0
129551433,BAGS Cards / Nott 7th Feb,TO BE PLACED,07/02/2017 13:33,12056175,5. Diceys Act,0,2.22,1,1,1,1001,1,1001,0,0,0
129551829,BAGS Cards / PBarr 7th Feb,TO BE PLACED,07/02/2017 12:12,12129795,2. Heathview Prince,0,2.01,1,1,1,1001,1,1001,0,0,0
129551853,BAGS Cards / Crayfd 7th Feb,TO BE PLACED,07/02/2017 15:28,12187005,2. Shacas Beauty,1,7.910766229,1,1,1,1001,1,1001,0,0,0
129551413,BAGS Cards / Nott 7th Feb,TO BE PLACED,07/02/2017 11:03,12094629,5. Adriknock Amy,1,3.25,1,1,1,1001,1,1001,0,0,0
129551859,BAGS Cards / Crayfd 7th Feb,TO BE PLACED,07/02/2017 16:27,12289021,3. Oakvale Ruby,0,2.04,1,1,1,1001,1,1001,0,0,0
129549993,AUS / Geel (AUS) 7th Feb,TO BE PLACED,07/02/2017 05:51,12412906,6. Harriet Bale,0,,1,3.29380501,1,1001,1,1001,29.54,0,0
129551853,BAGS Cards / Crayfd 7th Feb,TO BE PLACED,07/02/2017 15:28,12443723,6. Jaxxon A Solo,0,2.6,1,1,1,1001,1,1001,0,0,0
129551443,BAGS Cards / Sund 7th Feb,TO BE PLACED,07/02/2017 15:17,12482347,5. Nonos Girl,1,2.03,1,1,1,1001,1,1001,0,0,0
129551451,BAGS Cards / Sund 7th Feb,TO BE PLACED,07/02/2017 16:37,12482367,1. Dream Maker,0,2.930774164,1,1,1,1001,1,1001,0,0,0
129550064,AUS / Wgul (AUS) 7th Feb,TO BE PLACED,07/02/2017 08:05,12446268,6. Aston Zeppo,0,,1,2.12,1,1001,1,1001,14.5,0,0
129549989,AUS / Geel (AUS) 7th Feb,TO BE PLACED,07/02/2017 05:11,12485181,1. Why Not Will,0,,1,1.851900299,1,1001,1,1001,100.3,0,0
129550064,AUS / Wgul (AUS) 7th Feb,TO BE PLACED,07/02/2017 08:05,12485256,4. Tobacco Leaf,1,,1,1.664559812,1,1001,1,1001,59.52,0,0
129550527,AUS / Ipsw (AUS) 7th Feb,TO BE PLACED,07/02/2017 06:42,12485526,1. Chilled Heat,1,,1,1.221030371,1,1001,1,1001,462.94,0,0
129550533,AUS / Ipsw (AUS) 7th Feb,TO BE PLACED,07/02/2017 06:59,12485528,3. Hombre Montana,1,,1,1.686089699,1,1001,1,1001,228.32,0,0
129550546,AUS / Devn (AUS) 7th Feb,TO BE PLACED,07/02/2017 02:17,12446163,4. Buckle Up Boston,1,,1,2.96,1,1001,1,1001,10.98,0,0
129551468,BAGS Cards / Newc 7th Feb,TO BE PLACED,07/02/2017 18:44,12482153,3. Vics Bennmolly,0,1.721313367,1,1,1,1001,1,1001,0,0,0
129551470,BAGS Cards / Newc 7th Feb,TO BE PLACED,07/02/2017 19:01,12482159,3. Ulster Hawk,0,7,1,1,1,1001,1,1001,0,0,0
129551818,Televised Cards / Harl 7th Feb,TO BE PLACED,07/02/2017 22:03,8481105,4. Lisnadara Lad,0,2.7,1,1,1,1001,1,1001,0,0,0
129551417,BAGS Cards / Nott 7th Feb,TO BE PLACED,07/02/2017 11:34,8508597,6. Salacres Jimmy,1,2.135582982,1,1,1,1001,1,1001,0,0,0
129550937,AUS / AnPk (AUS) 7th Feb,TO BE PLACED,07/02/2017 02:24,9157850,2. Opal Bale,1,,1,1.98,1,1001,1,1001,9.8,0,0
129550441,AUS / Town (AUS) 7th Feb,TO BE PLACED,07/02/2017 09:35,9381868,5. Spring Clover,1,,1,2.251410049,1,1001,1,1001,12.34,0,0
129551898,BAGS Cards / Sheff 7th Feb,TO BE PLACED,07/02/2017 18:56,9378325,1. Tin Soldier,0,1.867940518,1,1,1,1001,1,1001,0,0,0
129550554,AUS / Devn (AUS) 7th Feb,TO BE PLACED,07/02/2017 03:39,9367128,8. Some Tricks,0,,1,2.62459279,1,1001,1,1001,14.98,0,0
129551786,Televised Cards / Towc 7th Feb,TO BE PLACED,07/02/2017 21:06,9375826,3. Dinner Jackpot,0,6.8,1,1,1,1001,1,1001,0,0,0
129550385,AUS / Mand (AUS) 7th Feb,TO BE PLACED,07/02/2017 12:47,9457559,6. Stoker Up,0,,1,1,1,1001,1,1001,0,0,0
129550941,AUS / AnPk (AUS) 7th Feb,TO BE PLACED,07/02/2017 03:04,9459813,3. Wonder Lace,0,,1,3.249646393,1,1001,1,1001,14.14,0,0
129551893,BAGS Cards / Kinsl 7th Feb,TO BE PLACED,07/02/2017 21:12,9508799,2. Knockmant Hunter,0,3.1,1,1,1,1001,1,1001,0,0,0
129551788,Televised Cards / Towc 7th Feb,TO BE PLACED,07/02/2017 21:24,9592520,6. Notyourdogray,1,1.98,1,1,1,1001,1,1001,0,0,0
129550095,AUS / Wgul (AUS) 7th Feb,TO BE PLACED,07/02/2017 10:05,9663835,3. Flywheel Alfie,0,,1,9.799514563,1,1001,1,1001,24.72,0,0
129550945,AUS / AnPk (AUS) 7th Feb,TO BE PLACED,07/02/2017 03:47,9621678,1. No Thru Road,1,,1,1.323859718,1,1001,1,1001,357.28,0,0
129551879,BAGS Cards / Kinsl 7th Feb,TO BE PLACED,07/02/2017 19:22,10369023,3. Sarahs Wee Dee,0,5.1,1,1,1,1001,1,1001,0,0,0
129550104,AUS / Wgul (AUS) 7th Feb,TO BE PLACED,07/02/2017 10:45,10588007,7. Halo Express,1,,1,1.99002022,1,1001,1,1001,69.24,0,0
129551869,BAGS Cards / Crayfd 7th Feb,TO BE PLACED,07/02/2017 17:56,10641965,3. Pesky Squirrel,0,3.85,1,1,1,1001,1,1001,0,0,0
129551851,BAGS Cards / Crayfd 7th Feb,TO BE PLACED,07/02/2017 15:07,10571661,3. Mullrook Danaher,1,4.8,1,1,1,1001,1,1001,0,0,0
129551482,BAGS Cards / Newc 7th Feb,TO BE PLACED,07/02/2017 20:36,10621157,4. Woodys Azelia,0,4,1,1,1,1001,1,1001,0,0,0
129550941,AUS / AnPk (AUS) 7th Feb,TO BE PLACED,07/02/2017 03:04,10782707,8. Elishas Delight,0,,1,1.463485435,1,1001,1,1001,98.18,0,0
129551790,Televised Cards / Towc 7th Feb,TO BE PLACED,07/02/2017 21:40,10985914,2. Mustang Fernando,1,12.5,1,1,1,1001,1,1001,0,0,0
129551435,BAGS Cards / Nott 7th Feb,TO BE PLACED,07/02/2017 13:51,11019668,6. Salacres Silvia,0,1.757862827,1,1,1,1001,1,1001,0,0,0
129550365,AUS / Lism (AUS) 7th Feb,TO BE PLACED,07/02/2017 09:48,11072583,8. Kingsbrae Missy,1,,1,1.310804545,1,1001,1,1001,132,0,0
129550114,AUS / Gosf (AUS) 7th Feb,TO BE PLACED,07/02/2017 07:57,11246872,1. Fortune Calls,0,,1,5.3,1,1001,1,1001,5.6,0,0
129551906,BAGS Cards / Sheff 7th Feb,TO BE PLACED,07/02/2017 19:58,11400367,6. Adamant Jim,0,2.08,1,1,1,1001,1,1001,0,0,0
129550090,AUS / Wgul (AUS) 7th Feb,TO BE PLACED,07/02/2017 09:45,11342771,4. Chief Bale,0,,1,2.32,1,1001,1,1001,6.46,0,0
129550365,AUS / Lism (AUS) 7th Feb,TO BE PLACED,07/02/2017 09:48,11545900,1. Kirkham Zoey,0,,1,7.8,1,1001,1,1001,3.7,0,0
129550550,AUS / Devn (AUS) 7th Feb,TO BE PLACED,07/02/2017 02:52,11503955,8. Pure Presence,0,,1,2.262582671,1,1001,1,1001,95.56,0,0
129551873,BAGS Cards / Kinsl 7th Feb,TO BE PLACED,07/02/2017 18:33,11671130,6. Bantam Faye,0,2.26,1,1,1,1001,1,1001,0,0,0
129551841,BAGS Cards / PBarr 7th Feb,TO BE PLACED,07/02/2017 13:44,11834840,5. Sarasota Violet,0,2.666553611,1,1,1,1001,1,1001,0,0,0
129551437,BAGS Cards / Sund 7th Feb,TO BE PLACED,07/02/2017 14:18,12116025,5. Slaneyside Leona,0,3.1,1,1,1,1001,1,1001,0,0,0
129551453,BAGS Cards / Sund 7th Feb,TO BE PLACED,07/02/2017 16:57,12081800,1. Bit View Imelda,0,2.899671658,1,1,1,1001,1,1001,0,0,0
129551833,BAGS Cards / PBarr 7th Feb,TO BE PLACED,07/02/2017 12:42,12094510,6. Delightful Baby,0,2.42,1,1,1,1001,1,1001,0,0,0
129551437,BAGS Cards / Sund 7th Feb,TO BE PLACED,07/02/2017 14:18,12175125,1. Abu,0,2.62,1,1,1,1001,1,1001,0,0,0
129549981,AUS / Bend (AUS) 7th Feb,TO BE PLACED,07/02/2017 08:35,12093618,5. Red Tone,0,,1,2.55817738,1,1001,1,1001,24.58,0,0
129551772,Televised Cards / Towc 7th Feb,TO BE PLACED,07/02/2017 19:14,12178821,6. Be Right Back,0,2.263648019,1,1,1,1001,1,1001,0,0,0
129551835,BAGS Cards / PBarr 7th Feb,TO BE PLACED,07/02/2017 12:58,12313780,3. Tornaroy Tycoon,1,2.44,1,1,1,1001,1,1001,0,0,0
129551816,Televised Cards / Harl 7th Feb,TO BE PLACED,07/02/2017 21:48,12399288,4. Tyson Jack,0,2.88,1,1,1,1001,1,1001,0,0,0
129551451,BAGS Cards / Sund 7th Feb,TO BE PLACED,07/02/2017 16:37,12418996,6. Riverside Bolt,0,2.61,1,1,1,1001,1,1001,0,0,0
129551849,BAGS Cards / Crayfd 7th Feb,TO BE PLACED,07/02/2017 14:47,12400548,4. Fastfawn,1,2.27,1,1,1,1001,1,1001,0,0,0
129550371,AUS / Mand (AUS) 7th Feb,TO BE PLACED,07/02/2017 11:08,12485568,1. Moment To Rumba,0,,1,1,1,1001,1,1001,0,0,0
129551914,BAGS Cards / Sheff 7th Feb,TO BE PLACED,07/02/2017 21:02,12444436,5. Magna Disco,1,4.4,1,1,1,1001,1,1001,0,0,0
129551902,BAGS Cards / Sheff 7th Feb,TO BE PLACED,07/02/2017 19:27,12482433,3. Droopys Cymbals,1,2.261716411,1,1,1,1001,1,1001,0,0,0
129550560,AUS / Devn (AUS) 7th Feb,TO BE PLACED,07/02/2017 04:39,12485003,5. Chief Hiawatha,0,,1,2.303753046,1,1001,1,1001,24.62,0,0
129550001,AUS / Geel (AUS) 7th Feb,TO BE PLACED,07/02/2017 07:14,12485214,8. Bonna Bale,1,,1,1.409918478,1,1001,1,1001,44.16,0,0
129550066,AUS / Wgul (AUS) 7th Feb,TO BE PLACED,07/02/2017 08:25,12485263,8. Surfonic Gold,0,,1,4.445913819,1,1001,1,1001,13.46,0,0
129550116,AUS / Gosf (AUS) 7th Feb,TO BE PLACED,07/02/2017 08:18,12485328,6. Mrs Browns Girl,1,,1,1.855218069,1,1001,1,1001,25.68,0,0
129550132,AUS / Gosf (AUS) 7th Feb,TO BE PLACED,07/02/2017 10:58,12485346,8. Spring Inferno,1,,1,1.29,1,1001,1,1001,24.4,0,0
129550521,AUS / Ipsw (AUS) 7th Feb,TO BE PLACED,07/02/2017 05:39,12485514,5. Wildash Diva,0,,1,3.551933216,1,1001,1,1001,22.76,0,0
129550523,AUS / Ipsw (AUS) 7th Feb,TO BE PLACED,07/02/2017 05:54,12485518,3. Quick Foot,0,,1,10.199,1,1001,1,1001,8,0,0
129551833,BAGS Cards / PBarr 7th Feb,TO BE PLACED,07/02/2017 12:42,12482701,1. Connorpass Simon,0,4.2,1,1,1,1001,1,1001,0,0,0
129550112,AUS / Wgul (AUS) 7th Feb,TO BE PLACED,07/02/2017 11:30,7663622,6. Skye,0,,1,1,1,1001,1,1001,0,0,0
129551482,BAGS Cards / Newc 7th Feb,TO BE PLACED,07/02/2017 20:36,8027319,1. Portumna Rocks,0,3.15,1,1,1,1001,1,1001,0,0,0
129551885,BAGS Cards / Kinsl 7th Feb,TO BE PLACED,07/02/2017 20:09,8856506,5. Millbank Nun,1,3.35,1,1,1,1001,1,1001,0,0,0
129551441,BAGS Cards / Sund 7th Feb,TO BE PLACED,07/02/2017 14:57,8888178,1. Suncroft Liz,0,5.8,1,1,1,1001,1,1001,0,0,0
129551821,BAGS Cards / PBarr 7th Feb,TO BE PLACED,07/02/2017 11:11,9108267,5. Beach Belle,0,4.822045251,1,1,1,1001,1,1001,0,0,0
129550455,AUS / Town (AUS) 7th Feb,TO BE PLACED,07/02/2017 11:57,9500491,2. Tangi Mion,0,,1,1,1,1001,1,1001,0,0,0
129550381,AUS / Mand (AUS) 7th Feb,TO BE PLACED,07/02/2017 12:07,10293583,3. Yappa Kuri,0,,1,1,1,1001,1,1001,0,0,0
129550947,AUS / AnPk (AUS) 7th Feb,TO BE PLACED,07/02/2017 04:07,10413435,2. Allen Earner,0,,1,2.24,1,1001,1,1001,6.16,0,0
129550941,AUS / AnPk (AUS) 7th Feb,TO BE PLACED,07/02/2017 03:04,10433564,2. Halt,0,,1,3.437350706,1,1001,1,1001,18.42,0,0
129551463,BAGS Cards / Sund 7th Feb,TO BE PLACED,07/02/2017 18:18,10739096,2. Fairholmecracker,0,3.5,1,1,1,1001,1,1001,0,0,0
129550935,AUS / AnPk (AUS) 7th Feb,TO BE PLACED,07/02/2017 02:04,10689407,4. Full Bogan,0,,1,2.103086681,1,1001,1,1001,9.46,0,0
129550455,AUS / Town (AUS) 7th Feb,TO BE PLACED,07/02/2017 11:57,10757201,4. Bruton Miss,1,,1,1,1,1001,1,1001,0,0,0
129549971,AUS / Bend (AUS) 7th Feb,TO BE PLACED,07/02/2017 06:49,10751347,4. Allen Jeer,0,,1,3.771171489,1,1001,1,1001,28.34,0,0
129551849,BAGS Cards / Crayfd 7th Feb,TO BE PLACED,07/02/2017 14:47,10673693,1. Vinnythestriker,0,2.6,1,1,1,1001,1,1001,0,0,0
129551869,BAGS Cards / Crayfd 7th Feb,TO BE PLACED,07/02/2017 17:56,10890252,6. Eye Eye Anna,0,4.47389752,1,1,1,1001,1,1001,0,0,0
129551443,BAGS Cards / Sund 7th Feb,TO BE PLACED,07/02/2017 15:17,11279563,4. Clangers Mojo,0,2.68,1,1,1,1001,1,1001,0,0,0
129551433,BAGS Cards / Nott 7th Feb,TO BE PLACED,07/02/2017 13:33,11306624,4. Creevy Honey,0,2.821194146,1,1,1,1001,1,1001,0,0,0
129550441,AUS / Town (AUS) 7th Feb,TO BE PLACED,07/02/2017 09:35,11399098,1. Old Material,1,,1,1.632491935,1,1001,1,1001,24.8,0,0
129550351,AUS / Lism (AUS) 7th Feb,TO BE PLACED,07/02/2017 08:08,11399117,3. Shes My Mate,0,,1,1.75,1,1001,1,1001,40.56,0,0
129551808,Televised Cards / Harl 7th Feb,TO BE PLACED,07/02/2017 20:42,12132356,5. Salems Spirit,0,20.1388637,1,1,1,1001,1,1001,0,0,0
129551908,BAGS Cards / Sheff 7th Feb,TO BE PLACED,07/02/2017 20:14,12090736,2. Pirate Army,1,1.868953439,1,1,1,1001,1,1001,0,0,0
129551912,BAGS Cards / Sheff 7th Feb,TO BE PLACED,07/02/2017 20:47,12090761,3. Barnish Honey,1,2.20704165,1,1,1,1001,1,1001,0,0,0
129551441,BAGS Cards / Sund 7th Feb,TO BE PLACED,07/02/2017 14:57,12154938,3. Revtec Ziva,1,2.07,1,1,1,1001,1,1001,0,0,0
129549983,AUS / Geel (AUS) 7th Feb,TO BE PLACED,07/02/2017 04:11,12144481,8. Bens Talon,1,,1,2.203921405,1,1001,1,1001,47.84,0,0
129551419,BAGS Cards / Nott 7th Feb,TO BE PLACED,07/02/2017 11:48,12482016,6. Marys Ruby,0,2.513563726,1,1,1,1001,1,1001,0,0,0
129551873,BAGS Cards / Kinsl 7th Feb,TO BE PLACED,07/02/2017 18:33,12482082,4. Our Liam,0,2.22,1,1,1,1001,1,1001,0,0,0
129550030,AUS / Wgul (AUS) 7th Feb,TO BE PLACED,07/02/2017 07:45,12485243,2. Bewildering,1,,1,1.063855358,1,1001,1,1001,603.42,0,0
129550101,AUS / Wgul (AUS) 7th Feb,TO BE PLACED,07/02/2017 10:25,8987091,2. Brazen Bull,1,,1,1.835266627,1,1001,1,1001,200.28,0,0
129550943,AUS / AnPk (AUS) 7th Feb,TO BE PLACED,07/02/2017 03:24,8970101,5. Lektra Dave,1,,1,2.271666667,1,1001,1,1001,1.92,0,0
129551437,BAGS Cards / Sund 7th Feb,TO BE PLACED,07/02/2017 14:18,9319561,6. Charming Woman,1,1.932988104,1,1,1,1001,1,1001,0,0,0
129550355,AUS / Lism (AUS) 7th Feb,TO BE PLACED,07/02/2017 08:48,9925085,1. Magoo,1,,1,3.050477707,1,1001,1,1001,12.56,0,0
129551889,BAGS Cards / Kinsl 7th Feb,TO BE PLACED,07/02/2017 20:41,10075219,6. Swift Scudamore,0,3.375,1,1,1,1001,1,1001,0,0,0
129551891,BAGS Cards / Kinsl 7th Feb,TO BE PLACED,07/02/2017 20:57,10472584,2. Melwood Beauty,1,5,1,1,1,1001,1,1001,0,0,0
129551893,BAGS Cards / Kinsl 7th Feb,TO BE PLACED,07/02/2017 21:12,10566002,1. Corach Charlie,1,1.591273081,1,1,1,1001,1,1001,0,0,0
129551869,BAGS Cards / Crayfd 7th Feb,TO BE PLACED,07/02/2017 17:56,10983528,2. Madeaslipup,0,6.2,1,1,1,1001,1,1001,0,0,0
129550947,AUS / AnPk (AUS) 7th Feb,TO BE PLACED,07/02/2017 04:07,10997784,5. Babylon Redeemer,1,,1,3.437845304,1,1001,1,1001,61.54,0,0
129551441,BAGS Cards / Sund 7th Feb,TO BE PLACED,07/02/2017 14:57,10927827,6. Collens Choice,0,2.44,1,1,1,1001,1,1001,0,0,0
129551478,BAGS Cards / Newc 7th Feb,TO BE PLACED,07/02/2017 20:04,11047945,3. Bramble Usain,0,2.92,1,1,1,1001,1,1001,0,0,0
129550554,AUS / Devn (AUS) 7th Feb,TO BE PLACED,07/02/2017 03:39,11224688,6. Cosmic Heir,1,,1,1.182794584,1,1001,1,1001,69.42,0,0
129551778,Televised Cards / Towc 7th Feb,TO BE PLACED,07/02/2017 20:02,11279382,6. Pukka Kate,0,2.689021361,1,1,1,1001,1,1001,0,0,0
129549973,AUS / Bend (AUS) 7th Feb,TO BE PLACED,07/02/2017 07:07,11398602,8. Josie Rumble,1,,1,3.388797533,1,1001,1,1001,38.92,0,0
129551839,BAGS Cards / PBarr 7th Feb,TO BE PLACED,07/02/2017 13:27,11413193,4. Bet Bill,1,2.745285494,1,1,1,1001,1,1001,0,0,0
129551841,BAGS Cards / PBarr 7th Feb,TO BE PLACED,07/02/2017 13:44,11350664,6. Anylengthoftime,0,3.05,1,1,1,1001,1,1001,0,0,0
129551910,BAGS Cards / Sheff 7th Feb,TO BE PLACED,07/02/2017 20:31,11417005,1. Valiant Striker,0,2.5,1,1,1,1001,1,1001,0,0,0
129549979,AUS / Bend (AUS) 7th Feb,TO BE PLACED,07/02/2017 08:15,11740224,3. Teflon Toby,0,,1,2.820009508,1,1001,1,1001,84.14,0,0
129551476,BAGS Cards / Newc 7th Feb,TO BE PLACED,07/02/2017 19:48,12097294,5. Romeo Approach,0,2.84,1,1,1,1001,1,1001,0,0,0
129549973,AUS / Bend (AUS) 7th Feb,TO BE PLACED,07/02/2017 07:07,12152650,2. Billys Bake,1,,1,3.012118803,1,1001,1,1001,138.38,0,0
129551776,Televised Cards / Towc 7th Feb,TO BE PLACED,07/02/2017 19:47,12367906,4. Swift Lelaps,1,3.65,1,1,1,1001,1,1001,0,0,0
129550544,AUS / Devn (AUS) 7th Feb,TO BE PLACED,07/02/2017 01:54,12484982,3. Subiasco Kahn,0,,1,3.813131313,1,1001,1,1001,23.76,0,0
129550558,AUS / Devn (AUS) 7th Feb,TO BE PLACED,07/02/2017 04:14,12484999,9. Spring Gully Jet,0,,1,5.744166396,1,1001,1,1001,61.54,0,0
129549991,AUS / Geel (AUS) 7th Feb,TO BE PLACED,07/02/2017 05:32,12485191,8. Blackpool Alexis,0,,1,1.28,1,1001,1,1001,4.8,0,0
129549995,AUS / Geel (AUS) 7th Feb,TO BE PLACED,07/02/2017 06:12,12485202,8. Shakey Sally,1,,1,2.037750343,1,1001,1,1001,87.48,0,0
129550001,AUS / Geel (AUS) 7th Feb,TO BE PLACED,07/02/2017 07:14,12485211,2. Blackpool Donny,1,,1,2.02,1,1001,1,1001,2,0,0
129549959,AUS / Bend (AUS) 7th Feb,TO BE PLACED,07/02/2017 04:47,12485221,4. Johnny Dunbar,0,,1,5,1,1001,1,1001,6.16,0,0
129549959,AUS / Bend (AUS) 7th Feb,TO BE PLACED,07/02/2017 04:47,12485224,7. Brave Innings,0,,1,1.458285714,1,1001,1,1001,0.7,0,0
129550373,AUS / Lism (AUS) 7th Feb,TO BE PLACED,07/02/2017 10:28,12485320,8. Cosmic Wants Too,1,,1,1.915482456,1,1001,1,1001,95.76,0,0
129550126,AUS / Gosf (AUS) 7th Feb,TO BE PLACED,07/02/2017 09:58,12485335,6. One For Tiger,1,,1,2.98,1,1001,1,1001,6.16,0,0
129550367,AUS / Mand (AUS) 7th Feb,TO BE PLACED,07/02/2017 10:52,12485561,2. Hurricane Chloe,1,,1,2.895481891,1,1001,1,1001,32.58,0,0
129551466,BAGS Cards / Newc 7th Feb,TO BE PLACED,07/02/2017 18:28,12482147,3. Till Robin,1,2.54,1,1,1,1001,1,1001,0,0,0
129551774,Televised Cards / Towc 7th Feb,TO BE PLACED,07/02/2017 19:31,12482746,4. Woodview Blue,0,4.599374014,1,1,1,1001,1,1001,0,0,0
129551776,Televised Cards / Towc 7th Feb,TO BE PLACED,07/02/2017 19:47,12482749,1. Ballymac Dione,0,7.8,1,1,1,1001,1,1001,0,0,0
129551429,BAGS Cards / Nott 7th Feb,TO BE PLACED,07/02/2017 13:04,8281126,2. Salacres Louise,0,2.94,1,1,1,1001,1,1001,0,0,0
129551439,BAGS Cards / Sund 7th Feb,TO BE PLACED,07/02/2017 14:37,8290403,2. Roeview Falcon,0,3.367908777,1,1,1,1001,1,1001,0,0,0
129551455,BAGS Cards / Sund 7th Feb,TO BE PLACED,07/02/2017 17:17,8590275,2. Rearcross,0,4.4,1,1,1,1001,1,1001,0,0,0
129551472,BAGS Cards / Newc 7th Feb,TO BE PLACED,07/02/2017 19:16,9215204,3. Jumeirah Mrs Kay,1,2.6,1,1,1,1001,1,1001,0,0,0
129551423,BAGS Cards / Nott 7th Feb,TO BE PLACED,07/02/2017 12:18,9391402,5. Corley Oyster,0,2.68,1,1,1,1001,1,1001,0,0,0
129551865,BAGS Cards / Crayfd 7th Feb,TO BE PLACED,07/02/2017 17:22,10524866,2. Wil Con Kie,0,4,1,1,1,1001,1,1001,0,0,0
129551833,BAGS Cards / PBarr 7th Feb,TO BE PLACED,07/02/2017 12:42,10619355,2. Heathmill Sue,0,5.302448033,1,1,1,1001,1,1001,0,0,0
129550445,AUS / Town (AUS) 7th Feb,TO BE PLACED,07/02/2017 10:15,10628165,2. Cabaret Tonight,0,,1,2.652047519,1,1001,1,1001,28.62,0,0
129551906,BAGS Cards / Sheff 7th Feb,TO BE PLACED,07/02/2017 19:58,10566488,2. Airforce Joe,0,9.2,1,1,1,1001,1,1001,0,0,0
129551429,BAGS Cards / Nott 7th Feb,TO BE PLACED,07/02/2017 13:04,10777536,6. Out The Wings,0,2.58,1,1,1,1001,1,1001,0,0,0
129551425,BAGS Cards / Nott 7th Feb,TO BE PLACED,07/02/2017 12:32,10817364,6. Carriglad Roisin,1,5.1,1,1,1,1001,1,1001,0,0,0
129551861,BAGS Cards / Crayfd 7th Feb,TO BE PLACED,07/02/2017 16:47,11506766,1. Knockard Prince,0,2.18,1,1,1,1001,1,1001,0,0,0
129550437,AUS / Town (AUS) 7th Feb,TO BE PLACED,07/02/2017 08:55,11602918,5. Chips Ahoy,0,,1,4.9,1,1001,1,1001,5.46,0,0
129551800,Televised Cards / Harl 7th Feb,TO BE PLACED,07/02/2017 19:39,11941446,4. Liosgarbh Ger,1,1.481109599,1,1,1,1001,1,1001,0,0,0
129550064,AUS / Wgul (AUS) 7th Feb,TO BE PLACED,07/02/2017 08:05,11865857,3. Call Me Matt,0,,1,4.8,1,1001,1,1001,10.32,0,0
129550363,AUS / Lism (AUS) 7th Feb,TO BE PLACED,07/02/2017 09:28,11852732,3. Amazing Flash,0,,1,3.05,1,1001,1,1001,10,0,0
129551853,BAGS Cards / Crayfd 7th Feb,TO BE PLACED,07/02/2017 15:28,12091231,1. Olwinn Prince,0,1.937820399,1,1,1,1001,1,1001,0,0,0
129551439,BAGS Cards / Sund 7th Feb,TO BE PLACED,07/02/2017 14:37,12150967,6. Funky Gal,0,3.9,1,1,1,1001,1,1001,0,0,0
129551881,BAGS Cards / Kinsl 7th Feb,TO BE PLACED,07/02/2017 19:37,12218640,5. Battyford Merlin,0,4,1,1,1,1001,1,1001,0,0,0
129551423,BAGS Cards / Nott 7th Feb,TO BE PLACED,07/02/2017 12:18,12218924,6. Nice Heart,1,2.82,1,1,1,1001,1,1001,0,0,0
129551841,BAGS Cards / PBarr 7th Feb,TO BE PLACED,07/02/2017 13:44,12276984,3. Sputnik Gavin,0,4.4,1,1,1,1001,1,1001,0,0,0
129551818,Televised Cards / Harl 7th Feb,TO BE PLACED,07/02/2017 22:03,12314458,5. Ardrahan Zoltan,1,2.19,1,1,1,1001,1,1001,0,0,0
129550371,AUS / Mand (AUS) 7th Feb,TO BE PLACED,07/02/2017 11:08,12485570,3. Bulldog Stringer,1,,1,1,1,1001,1,1001,0,0,0
129550371,AUS / Mand (AUS) 7th Feb,TO BE PLACED,07/02/2017 11:08,12485573,8. Ideal Grace,0,,1,1,1,1001,1,1001,0,0,0
129551883,BAGS Cards / Kinsl 7th Feb,TO BE PLACED,07/02/2017 19:53,12482114,6. Great White Hope,0,2.34,1,1,1,1001,1,1001,0,0,0
129550544,AUS / Devn (AUS) 7th Feb,TO BE PLACED,07/02/2017 01:54,12484984,6. Penny Pop,1,,1,1.689722222,1,1001,1,1001,38.88,0,0
129550064,AUS / Wgul (AUS) 7th Feb,TO BE PLACED,07/02/2017 08:05,12485257,5. Sisco Knight,0,,1,5.2,1,1001,1,1001,8.6,0,0
129550134,AUS / Gosf (AUS) 7th Feb,TO BE PLACED,07/02/2017 11:22,12485423,6. Zipping Pixie,0,,1,1,1,1001,1,1001,0,0,0
129550441,AUS / Town (AUS) 7th Feb,TO BE PLACED,07/02/2017 09:35,12485543,4. Smooth Flame,0,,1,1.652032775,1,1001,1,1001,57.36,0,0
129551853,BAGS Cards / Crayfd 7th Feb,TO BE PLACED,07/02/2017 15:28,12482993,3. Slaney Topgear,1,3.244693334,1,1,1,1001,1,1001,0,0,0
129551825,BAGS Cards / PBarr 7th Feb,TO BE PLACED,07/02/2017 11:42,8032033,1. Moes Magic,0,4.024097733,1,1,1,1001,1,1001,0,0,0
129551843,BAGS Cards / PBarr 7th Feb,TO BE PLACED,07/02/2017 13:58,8500607,5. Venango,0,2.28,1,1,1,1001,1,1001,0,0,0
129550101,AUS / Wgul (AUS) 7th Feb,TO BE PLACED,07/02/2017 10:25,8805715,3. Dozer Tron,0,,1,3.6,1,1001,1,1001,11.36,0,0
129551433,BAGS Cards / Nott 7th Feb,TO BE PLACED,07/02/2017 13:33,8807003,2. Glenvale Larry,1,5.3,1,1,1,1001,1,1001,0,0,0
129551857,BAGS Cards / Crayfd 7th Feb,TO BE PLACED,07/02/2017 16:08,8922722,1. Cuando Marlene,0,4,1,1,1,1001,1,1001,0,0,0
129551825,BAGS Cards / PBarr 7th Feb,TO BE PLACED,07/02/2017 11:42,9019831,5. Ascot Rory,1,3.65,1,1,1,1001,1,1001,0,0,0
129551788,Televised Cards / Towc 7th Feb,TO BE PLACED,07/02/2017 21:24,9491708,4. Riada John,0,9.5,1,1,1,1001,1,1001,0,0,0
129551902,BAGS Cards / Sheff 7th Feb,TO BE PLACED,07/02/2017 19:27,9812373,1. Light Foot Mata,1,1.4,1,1,1,1001,1,1001,0,0,0
129551431,BAGS Cards / Nott 7th Feb,TO BE PLACED,07/02/2017 13:19,10069757,2. Ding Blue,0,4,1,1,1,1001,1,1001,0,0,0
129551898,BAGS Cards / Sheff 7th Feb,TO BE PLACED,07/02/2017 18:56,10294111,5. Lightfoot Scolar,1,3.175,1,1,1,1001,1,1001,0,0,0
129550124,AUS / Gosf (AUS) 7th Feb,TO BE PLACED,07/02/2017 09:38,10293390,6. Salina Fire,0,,1,5.412601626,1,1001,1,1001,24.6,0,0
129550550,AUS / Devn (AUS) 7th Feb,TO BE PLACED,07/02/2017 02:52,10630604,5. Lady Rappa,1,,1,5.041629535,1,1001,1,1001,62.84,0,0
129550381,AUS / Mand (AUS) 7th Feb,TO BE PLACED,07/02/2017 12:07,10631198,8. Flaming Sahara,1,,1,1,1,1001,1,1001,0,0,0
129550112,AUS / Wgul (AUS) 7th Feb,TO BE PLACED,07/02/2017 11:30,10592620,5. Miss Gracie,0,,1,1,1,1001,1,1001,0,0,0
129550447,AUS / Town (AUS) 7th Feb,TO BE PLACED,07/02/2017 10:35,10733043,8. Im Alice,0,,1,4,1,1001,1,1001,17,0,0
129550359,AUS / Lism (AUS) 7th Feb,TO BE PLACED,07/02/2017 09:08,10712878,4. La Mancha Man,1,,1,2.299042152,1,1001,1,1001,233.44,0,0
129550945,AUS / AnPk (AUS) 7th Feb,TO BE PLACED,07/02/2017 03:47,10791669,9. Uno Sparti,0,,1,4.356055919,1,1001,1,1001,67.24,0,0
129550447,AUS / Town (AUS) 7th Feb,TO BE PLACED,07/02/2017 10:35,10873582,4. Beaming Bouncer,0,,1,1.876165327,1,1001,1,1001,34.84,0,0
129551831,BAGS Cards / PBarr 7th Feb,TO BE PLACED,07/02/2017 12:27,11285165,6. Alot Of Thought,0,3.457453234,1,1,1,1001,1,1001,0,0,0
129551859,BAGS Cards / Crayfd 7th Feb,TO BE PLACED,07/02/2017 16:27,11384954,4. Ballybee Charlie,1,2.74,1,1,1,1001,1,1001,0,0,0
129551800,Televised Cards / Harl 7th Feb,TO BE PLACED,07/02/2017 19:39,11512448,6. Northwest Wind,0,3.475,1,1,1,1001,1,1001,0,0,0
129550082,AUS / Wgul (AUS) 7th Feb,TO BE PLACED,07/02/2017 09:05,11479847,7. Shytown Hussler,1,,1,1.089188307,1,1001,1,1001,269.56,0,0
129550116,AUS / Gosf (AUS) 7th Feb,TO BE PLACED,07/02/2017 08:18,11704014,1. Codes Here,0,,1,2.837175066,1,1001,1,1001,120.64,0,0
129550120,AUS / Gosf (AUS) 7th Feb,TO BE PLACED,07/02/2017 08:58,12058467,5. Flash Lock,1,,1,1.793181729,1,1001,1,1001,102.02,0,0
129550353,AUS / Lism (AUS) 7th Feb,TO BE PLACED,07/02/2017 08:28,12047292,2. Susies Girl,0,,1,3.6,1,1001,1,1001,7.24,0,0
129551877,BAGS Cards / Kinsl 7th Feb,TO BE PLACED,07/02/2017 19:06,12024808,2. Where Hope Grows,1,2.27,1,1,1,1001,1,1001,0,0,0
129551831,BAGS Cards / PBarr 7th Feb,TO BE PLACED,07/02/2017 12:27,12059383,2. Howdidtheydo,0,2.26,1,1,1,1001,1,1001,0,0,0
129551910,BAGS Cards / Sheff 7th Feb,TO BE PLACED,07/02/2017 20:31,12142924,4. Slaneyside Savvy,0,8,1,1,1,1001,1,1001,0,0,0
129550933,AUS / AnPk (AUS) 7th Feb,TO BE PLACED,07/02/2017 01:46,12152345,5. Loceryl,1,,1,1.665588235,1,1001,1,1001,0.68,0,0
129549997,AUS / Geel (AUS) 7th Feb,TO BE PLACED,07/02/2017 06:34,12259524,1. Crackerjack Brom,1,,1,1.98,1,1001,1,1001,9.86,0,0
129550939,AUS / AnPk (AUS) 7th Feb,TO BE PLACED,07/02/2017 02:44,12312125,2. Kyani,0,,1,2.8,1,1001,1,1001,6.12,0,0
129551431,BAGS Cards / Nott 7th Feb,TO BE PLACED,07/02/2017 13:19,12275002,6. Leamaneigh Cheta,1,2.36,1,1,1,1001,1,1001,0,0,0
129549963,AUS / Bend (AUS) 7th Feb,TO BE PLACED,07/02/2017 05:22,12446215,3. Skidlisha,0,,1,3.683859649,1,1001,1,1001,11.4,0,0
129550130,AUS / Gosf (AUS) 7th Feb,TO BE PLACED,07/02/2017 10:38,12485343,1. Robinvale Miss,0,,1,6.6,1,1001,1,1001,6,0,0
129551837,BAGS Cards / PBarr 7th Feb,TO BE PLACED,07/02/2017 13:12,12482716,4. Flying Honeygar,1,2.68,1,1,1,1001,1,1001,0,0,0
129551794,Televised Cards / Towc 7th Feb,TO BE PLACED,07/02/2017 22:11,9678641,3. Magical Dougie,0,2.3,1,1,1,1001,1,1001,0,0,0
129549967,AUS / Bend (AUS) 7th Feb,TO BE PLACED,07/02/2017 06:09,10053887,7. Lass Bale,0,,1,2.726868938,1,1001,1,1001,80.42,0,0
129550104,AUS / Wgul (AUS) 7th Feb,TO BE PLACED,07/02/2017 10:45,10390554,5. Vefah Victory,0,,1,2.902760951,1,1001,1,1001,165.74,0,0
129551419,BAGS Cards / Nott 7th Feb,TO BE PLACED,07/02/2017 11:48,10696984,2. Long Grass,0,3.875,1,1,1,1001,1,1001,0,0,0
129551812,Televised Cards / Harl 7th Feb,TO BE PLACED,07/02/2017 21:15,10970935,2. Seanachie Girl,0,7.661244361,1,1,1,1001,1,1001,0,0,0
129551463,BAGS Cards / Sund 7th Feb,TO BE PLACED,07/02/2017 18:18,11126776,5. Crafty Borgo,0,3.2,1,1,1,1001,1,1001,0,0,0
129550124,AUS / Gosf (AUS) 7th Feb,TO BE PLACED,07/02/2017 09:38,11669223,2. Rapid Dominance,1,,1,1.283625044,1,1001,1,1001,56.22,0,0
129550527,AUS / Ipsw (AUS) 7th Feb,TO BE PLACED,07/02/2017 06:42,11771760,2. What A Mess,0,,1,4,1,1001,1,1001,0.5,0,0
129551455,BAGS Cards / Sund 7th Feb,TO BE PLACED,07/02/2017 17:17,11986332,6. Kileline Jinks,1,2.799966236,1,1,1,1001,1,1001,0,0,0
129551916,BAGS Cards / Sheff 7th Feb,TO BE PLACED,07/02/2017 21:17,12005141,6. Bearly Legal,0,4.25,1,1,1,1001,1,1001,0,0,0
129551825,BAGS Cards / PBarr 7th Feb,TO BE PLACED,07/02/2017 11:42,11954303,4. Chamberlain Mike,0,2.01,1,1,1,1001,1,1001,0,0,0
129551867,BAGS Cards / Crayfd 7th Feb,TO BE PLACED,07/02/2017 17:38,12021735,1. Wagga Silver,1,2.22,1,1,1,1001,1,1001,0,0,0
129551867,BAGS Cards / Crayfd 7th Feb,TO BE PLACED,07/02/2017 17:38,12226074,2. Grouse Jinks,0,2.57,1,1,1,1001,1,1001,0,0,0
129549963,AUS / Bend (AUS) 7th Feb,TO BE PLACED,07/02/2017 05:22,12315443,5. Solar Mocha,1,,1,2.253586357,1,1001,1,1001,119.62,0,0
129551916,BAGS Cards / Sheff 7th Feb,TO BE PLACED,07/02/2017 21:17,12283978,1. Tagalong Mikey,1,2.335085496,1,1,1,1001,1,1001,0,0,0
129550527,AUS / Ipsw (AUS) 7th Feb,TO BE PLACED,07/02/2017 06:42,12433397,5. Invergarry Lady,1,,1,1.264347826,1,1001,1,1001,46,0,0
129550118,AUS / Gosf (AUS) 7th Feb,TO BE PLACED,07/02/2017 08:38,12446581,2. Dollys Lad,0,,1,3.5,1,1001,1,1001,5.8,0,0
129551443,BAGS Cards / Sund 7th Feb,TO BE PLACED,07/02/2017 15:17,12453438,3. Hestors Hero,0,2.84,1,1,1,1001,1,1001,0,0,0
129551887,BAGS Cards / Kinsl 7th Feb,TO BE PLACED,07/02/2017 20:24,12482122,2. Gaelforce Lucy,0,3.6,1,1,1,1001,1,1001,0,0,0
129550558,AUS / Devn (AUS) 7th Feb,TO BE PLACED,07/02/2017 04:14,12484997,5. Niko Tecoma,0,,1,3.95,1,1001,1,1001,10,0,0
129549999,AUS / Geel (AUS) 7th Feb,TO BE PLACED,07/02/2017 06:52,12485206,3. Linda Bale,0,,1,2.56,1,1001,1,1001,3.44,0,0
129550003,AUS / Geel (AUS) 7th Feb,TO BE PLACED,07/02/2017 07:33,12485220,6. Moore Of Moore,1,,1,1.649694656,1,1001,1,1001,23.58,0,0
129550030,AUS / Wgul (AUS) 7th Feb,TO BE PLACED,07/02/2017 07:45,12485245,5. Aston Harpo,1,,1,4.19943662,1,1001,1,1001,14.2,0,0
129550369,AUS / Lism (AUS) 7th Feb,TO BE PLACED,07/02/2017 10:08,12485316,4. Slick Gambler,0,,1,3.05,1,1001,1,1001,16.94,0,0
129550521,AUS / Ipsw (AUS) 7th Feb,TO BE PLACED,07/02/2017 05:39,12485513,4. Minty Fresh,0,,1,4.2,1,1001,1,1001,18.46,0,0
129551871,BAGS Cards / Crayfd 7th Feb,TO BE PLACED,07/02/2017 18:11,12483050,6. Droopys Present,0,5.8,1,1,1,1001,1,1001,0,0,0
129551774,Televised Cards / Towc 7th Feb,TO BE PLACED,07/02/2017 19:31,12482744,2. Well Lane Jo,0,4.75,1,1,1,1001,1,1001,0,0,0
129551774,Televised Cards / Towc 7th Feb,TO BE PLACED,07/02/2017 19:31,12482748,6. Herecomestheboom,1,1.61,1,1,1,1001,1,1001,0,0,0
129551784,Televised Cards / Towc 7th Feb,TO BE PLACED,07/02/2017 20:50,12482774,2. Ballymac Trump,1,2.57,1,1,1,1001,1,1001,0,0,0
129551796,Televised Cards / Towc 7th Feb,TO BE PLACED,07/02/2017 22:26,12482811,3. Jetts Roberta,0,1.450164556,1,1,1,1001,1,1001,0,0,0
129551415,BAGS Cards / Nott 7th Feb,TO BE PLACED,07/02/2017 11:19,8491035,1. Nancy Pants,1,2.98,1,1,1,1001,1,1001,0,0,0
129551431,BAGS Cards / Nott 7th Feb,TO BE PLACED,07/02/2017 13:19,8933385,5. Romeo Royale,0,3.1,1,1,1,1001,1,1001,0,0,0
129551478,BAGS Cards / Newc 7th Feb,TO BE PLACED,07/02/2017 20:04,9131983,6. Fearsome Code,0,1.527249731,1,1,1,1001,1,1001,0,0,0
129551453,BAGS Cards / Sund 7th Feb,TO BE PLACED,07/02/2017 16:57,9467012,3. Threejays Katie,1,1.585,1,1,1,1001,1,1001,0,0,0
129550084,AUS / Wgul (AUS) 7th Feb,TO BE PLACED,07/02/2017 09:25,10234225,4. Mizuki,0,,1,4.3,1,1001,1,1001,24.66,0,0
129550379,AUS / Mand (AUS) 7th Feb,TO BE PLACED,07/02/2017 11:48,10387514,4. High Note,1,,1,1,1,1001,1,1001,0,0,0
129551847,BAGS Cards / Crayfd 7th Feb,TO BE PLACED,07/02/2017 14:27,10452550,2. Ladbrokes Kid,1,4.4,1,1,1,1001,1,1001,0,0,0
129551784,Televised Cards / Towc 7th Feb,TO BE PLACED,07/02/2017 20:50,10619461,4. Black Gold,0,4,1,1,1,1001,1,1001,0,0,0
129550090,AUS / Wgul (AUS) 7th Feb,TO BE PLACED,07/02/2017 09:45,10658071,7. Rub The Buddha,0,,1,2.141991074,1,1001,1,1001,58.26,0,0
129551433,BAGS Cards / Nott 7th Feb,TO BE PLACED,07/02/2017 13:33,10660343,6. Fairy Steps,0,4.069306931,1,1,1,1001,1,1001,0,0,0
129550533,AUS / Ipsw (AUS) 7th Feb,TO BE PLACED,07/02/2017 06:59,10634555,7. Lady Perlita,0,,1,2.336609485,1,1001,1,1001,59.46,0,0
129551849,BAGS Cards / Crayfd 7th Feb,TO BE PLACED,07/02/2017 14:47,10814245,2. Eldarco,0,3.25,1,1,1,1001,1,1001,0,0,0
129551449,BAGS Cards / Sund 7th Feb,TO BE PLACED,07/02/2017 16:18,10960829,5. Darlo Gill,1,2.4,1,1,1,1001,1,1001,0,0,0
129551916,BAGS Cards / Sheff 7th Feb,TO BE PLACED,07/02/2017 21:17,11020281,2. Swift Bruno,0,1.705514587,1,1,1,1001,1,1001,0,0,0
129551784,Televised Cards / Towc 7th Feb,TO BE PLACED,07/02/2017 20:50,11042179,6. Whatsitallabout,0,3.6,1,1,1,1001,1,1001,0,0,0
129551908,BAGS Cards / Sheff 7th Feb,TO BE PLACED,07/02/2017 20:14,11417013,3. Chips And Cheese,1,2.020029889,1,1,1,1001,1,1001,0,0,0
129551439,BAGS Cards / Sund 7th Feb,TO BE PLACED,07/02/2017 14:37,11506591,1. Doon Kate,0,2.873889318,1,1,1,1001,1,1001,0,0,0
129551472,BAGS Cards / Newc 7th Feb,TO BE PLACED,07/02/2017 19:16,11193794,2. Droopys Highwire,1,2.7,1,1,1,1001,1,1001,0,0,0
129551468,BAGS Cards / Newc 7th Feb,TO BE PLACED,07/02/2017 18:44,11783987,4. Mill Maximillion,0,8.5,1,1,1,1001,1,1001,0,0,0
129549977,AUS / Bend (AUS) 7th Feb,TO BE PLACED,07/02/2017 07:51,12127795,8. Krystals The One,1,,1,1.210715631,1,1001,1,1001,10.62,0,0
129551472,BAGS Cards / Newc 7th Feb,TO BE PLACED,07/02/2017 19:16,12142817,5. Marks Evie,0,3.325,1,1,1,1001,1,1001,0,0,0
129550437,AUS / Town (AUS) 7th Feb,TO BE PLACED,07/02/2017 08:55,12084240,7. Barcias Hunt,0,,1,3.981072027,1,1001,1,1001,23.88,0,0
129550546,AUS / Devn (AUS) 7th Feb,TO BE PLACED,07/02/2017 02:17,12114192,5. Fight To Excel,1,,1,1.581801448,1,1001,1,1001,96.7,0,0
129549975,AUS / Bend (AUS) 7th Feb,TO BE PLACED,07/02/2017 07:25,12204555,5. Manhattan Man,0,,1,5.087896326,1,1001,1,1001,79.48,0,0
129551802,Televised Cards / Harl 7th Feb,TO BE PLACED,07/02/2017 19:54,12288826,5. Redstone Rojo,0,3.925,1,1,1,1001,1,1001,0,0,0
129551837,BAGS Cards / PBarr 7th Feb,TO BE PLACED,07/02/2017 13:12,12274625,3. Scolari Kid,0,2.84,1,1,1,1001,1,1001,0,0,0
129551867,BAGS Cards / Crayfd 7th Feb,TO BE PLACED,07/02/2017 17:38,12430694,4. Frodo Jaxxon,0,4.4,1,1,1,1001,1,1001,0,0,0
129550371,AUS / Mand (AUS) 7th Feb,TO BE PLACED,07/02/2017 11:08,12485572,7. Shima Musket,1,,1,1,1,1001,1,1001,0,0,0
129550935,AUS / AnPk (AUS) 7th Feb,TO BE PLACED,07/02/2017 02:04,12484922,3. Yorke Cracker,1,,1,1.78,1,1001,1,1001,4,0,0
129551461,BAGS Cards / Sund 7th Feb,TO BE PLACED,07/02/2017 18:04,12482399,3. Autumn Pepper,1,2.730482347,1,1,1,1001,1,1001,0,0,0
129551782,Televised Cards / Towc 7th Feb,TO BE PLACED,07/02/2017 20:34,12489446,2. Sophies Eclipse (Res),0,2.75,1,1,1,1001,1,1001,0,0,0
129551425,BAGS Cards / Nott 7th Feb,TO BE PLACED,07/02/2017 12:32,12482032,4. Gulleen Sue,0,3.05,1,1,1,1001,1,1001,0,0,0
129550542,AUS / Devn (AUS) 7th Feb,TO BE PLACED,07/02/2017 01:39,12484979,10. Kickitta Royce,0,,1,11.53763441,1,1001,1,1001,7.44,0,0
129549963,AUS / Bend (AUS) 7th Feb,TO BE PLACED,07/02/2017 05:22,12485231,4. My Lilly,1,,1,1.79,1,1001,1,1001,20,0,0
129551798,Televised Cards / Towc 7th Feb,TO BE PLACED,07/02/2017 22:40,12482818,4. Cooladerry Lid,1,3.45,1,1,1,1001,1,1001,0,0,0
129550447,AUS / Town (AUS) 7th Feb,TO BE PLACED,07/02/2017 10:35,9327767,2. Zipping Carlton,1,,1,3.266188769,1,1001,1,1001,16.74,0,0
129551794,Televised Cards / Towc 7th Feb,TO BE PLACED,07/02/2017 22:11,9470494,2. Billys Choice,0,5.3,1,1,1,1001,1,1001,0,0,0
129551849,BAGS Cards / Crayfd 7th Feb,TO BE PLACED,07/02/2017 14:47,9533289,6. Read My Lips,0,1.906167241,1,1,1,1001,1,1001,0,0,0
129550112,AUS / Wgul (AUS) 7th Feb,TO BE PLACED,07/02/2017 11:30,10010660,8. Cosmic Missile,0,,1,1,1,1001,1,1001,0,0,0
129550556,AUS / Devn (AUS) 7th Feb,TO BE PLACED,07/02/2017 03:58,10438812,1. Droopys Dasher,1,,1,2.254630744,1,1001,1,1001,146.24,0,0
129549979,AUS / Bend (AUS) 7th Feb,TO BE PLACED,07/02/2017 08:15,10488178,4. Aston Ryder,1,,1,1.56737699,1,1001,1,1001,55.28,0,0
129550971,AUS / AnPk (AUS) 7th Feb,TO BE PLACED,07/02/2017 04:22,10419614,1. Gunner Molloy,1,,1,1.939417476,1,1001,1,1001,4.12,0,0
129550381,AUS / Mand (AUS) 7th Feb,TO BE PLACED,07/02/2017 12:07,10630939,6. Asa Torpedo,1,,1,1,1,1001,1,1001,0,0,0
129551463,BAGS Cards / Sund 7th Feb,TO BE PLACED,07/02/2017 18:18,10582596,1. Lissane Road,0,5.2,1,1,1,1001,1,1001,0,0,0
129550451,AUS / Town (AUS) 7th Feb,TO BE PLACED,07/02/2017 11:15,10602760,7. Glenallon Zulu,0,,1,1,1,1001,1,1001,0,0,0
129551435,BAGS Cards / Nott 7th Feb,TO BE PLACED,07/02/2017 13:51,10620472,1. Salacres Irish,0,2.888128393,1,1,1,1001,1,1001,0,0,0
129551829,BAGS Cards / PBarr 7th Feb,TO BE PLACED,07/02/2017 12:12,10888696,1. Colmyard Kitty,0,7.4,1,1,1,1001,1,1001,0,0,0
129550095,AUS / Wgul (AUS) 7th Feb,TO BE PLACED,07/02/2017 10:05,10874579,6. Tuggeragh,0,,1,1.389278923,1,1001,1,1001,616.3,0,0
129551796,Televised Cards / Towc 7th Feb,TO BE PLACED,07/02/2017 22:26,11015890,2. Dunham Maddy,0,7.952819808,1,1,1,1001,1,1001,0,0,0
129550554,AUS / Devn (AUS) 7th Feb,TO BE PLACED,07/02/2017 03:39,11125171,1. Wynburn Hornet,1,,1,2,1,1001,1,1001,6.14,0,0
129550373,AUS / Lism (AUS) 7th Feb,TO BE PLACED,07/02/2017 10:28,11291514,2. Spookie Assassin,0,,1,3.35,1,1001,1,1001,13.4,0,0
129550363,AUS / Lism (AUS) 7th Feb,TO BE PLACED,07/02/2017 09:28,11649008,8. Happy Jinks,0,,1,2.868976873,1,1001,1,1001,108.1,0,0
129550124,AUS / Gosf (AUS) 7th Feb,TO BE PLACED,07/02/2017 09:38,11735700,3. American Rose,1,,1,1.823838028,1,1001,1,1001,17.04,0,0
129551437,BAGS Cards / Sund 7th Feb,TO BE PLACED,07/02/2017 14:18,12052776,2. Tyrian Buddy,0,3.770431545,1,1,1,1001,1,1001,0,0,0
129551831,BAGS Cards / PBarr 7th Feb,TO BE PLACED,07/02/2017 12:27,12154504,5. Roxy Magic,0,4.1002593,1,1,1,1001,1,1001,0,0,0
129551459,BAGS Cards / Sund 7th Feb,TO BE PLACED,07/02/2017 17:47,12179366,5. Tyrian Jazz,1,2.76,1,1,1,1001,1,1001,0,0,0
129551415,BAGS Cards / Nott 7th Feb,TO BE PLACED,07/02/2017 11:19,12192091,4. Honeygar Tess,0,2.197392765,1,1,1,1001,1,1001,0,0,0
129551863,BAGS Cards / Crayfd 7th Feb,TO BE PLACED,07/02/2017 17:07,12289075,3. Move Over Donie,1,1.929163753,1,1,1,1001,1,1001,0,0,0
129550114,AUS / Gosf (AUS) 7th Feb,TO BE PLACED,07/02/2017 07:57,12204592,8. Esteemed,1,,1,1.83,1,1001,1,1001,18.46,0,0
129550351,AUS / Lism (AUS) 7th Feb,TO BE PLACED,07/02/2017 08:08,12235376,8. Shakey Norm,0,,1,1.64,1,1001,1,1001,32.52,0,0
129551800,Televised Cards / Harl 7th Feb,TO BE PLACED,07/02/2017 19:39,12275744,5. Edison,1,1.910135385,1,1,1,1001,1,1001,0,0,0
129550939,AUS / AnPk (AUS) 7th Feb,TO BE PLACED,07/02/2017 02:44,12377946,6. Falzion Bale,1,,1,2.978314252,1,1001,1,1001,101.32,0,0
129550916,AUS / AnPk (AUS) 7th Feb,TO BE PLACED,07/02/2017 00:52,12484905,4. Trademark Rocky,0,,1,1.6932933,1,1001,1,1001,158.2,0,0
129550916,AUS / AnPk (AUS) 7th Feb,TO BE PLACED,07/02/2017 00:52,12484906,5. Allen Zero,1,,1,6.6,1,1001,1,1001,14,0,0
129551804,Televised Cards / Harl 7th Feb,TO BE PLACED,07/02/2017 20:10,12482519,5. Swift Vino,0,7.631310379,1,1,1,1001,1,1001,0,0,0
129551883,BAGS Cards / Kinsl 7th Feb,TO BE PLACED,07/02/2017 19:53,12482109,1. Starlight Bolt,0,3.05,1,1,1,1001,1,1001,0,0,0
129551417,BAGS Cards / Nott 7th Feb,TO BE PLACED,07/02/2017 11:34,8214971,3. Slaneyside Hugo,0,7.9,1,1,1,1001,1,1001,0,0,0
129551814,Televised Cards / Harl 7th Feb,TO BE PLACED,07/02/2017 21:32,8583498,5. Lulus Bluebell,0,7.4,1,1,1,1001,1,1001,0,0,0
129551896,BAGS Cards / Sheff 7th Feb,TO BE PLACED,07/02/2017 18:39,9377707,1. Liosgarbh Club,1,5.395205231,1,1,1,1001,1,1001,0,0,0
129550101,AUS / Wgul (AUS) 7th Feb,TO BE PLACED,07/02/2017 10:25,10104571,6. Why Not Mick,0,,1,5.437744641,1,1001,1,1001,21.46,0,0
129551443,BAGS Cards / Sund 7th Feb,TO BE PLACED,07/02/2017 15:17,10361594,1. Calzaghe Olivia,0,3.55,1,1,1,1001,1,1001,0,0,0
129550365,AUS / Lism (AUS) 7th Feb,TO BE PLACED,07/02/2017 09:48,10488165,3. What About Tommy,0,,1,1.566161125,1,1001,1,1001,78.2,0,0
129551883,BAGS Cards / Kinsl 7th Feb,TO BE PLACED,07/02/2017 19:53,10639849,2. Supersonic Flash,1,3.1,1,1,1,1001,1,1001,0,0,0
129551780,Televised Cards / Towc 7th Feb,TO BE PLACED,07/02/2017 20:18,10660412,5. Unbelievablejeff,1,2.58,1,1,1,1001,1,1001,0,0,0
129551835,BAGS Cards / PBarr 7th Feb,TO BE PLACED,07/02/2017 12:58,10768238,1. Tashas Belle,0,7.296042176,1,1,1,1001,1,1001,0,0,0
129551474,BAGS Cards / Newc 7th Feb,TO BE PLACED,07/02/2017 19:32,10964452,3. Oor Millie,1,3.3,1,1,1,1001,1,1001,0,0,0
129551798,Televised Cards / Towc 7th Feb,TO BE PLACED,07/02/2017 22:40,11056201,5. Drink Up Bolt,1,3.75,1,1,1,1001,1,1001,0,0,0
129551839,BAGS Cards / PBarr 7th Feb,TO BE PLACED,07/02/2017 13:27,11108668,5. Ruby Rebel,1,2.796865912,1,1,1,1001,1,1001,0,0,0
129551798,Televised Cards / Towc 7th Feb,TO BE PLACED,07/02/2017 22:40,11310709,1. Bodell Risk,0,8.4,1,1,1,1001,1,1001,0,0,0
129550556,AUS / Devn (AUS) 7th Feb,TO BE PLACED,07/02/2017 03:58,11427402,8. Wynburn Toro,0,,1,2.714303463,1,1001,1,1001,128.78,0,0
129550373,AUS / Lism (AUS) 7th Feb,TO BE PLACED,07/02/2017 10:28,11509575,1. Punch Right Out,0,,1,4.135095905,1,1001,1,1001,38.58,0,0
129550109,AUS / Wgul (AUS) 7th Feb,TO BE PLACED,07/02/2017 11:05,11561401,6. Crash Zone,0,,1,1,1,1001,1,1001,0,0,0
129551443,BAGS Cards / Sund 7th Feb,TO BE PLACED,07/02/2017 15:17,11701749,2. Derryhogan Kia,1,3.4,1,1,1,1001,1,1001,0,0,0
129550109,AUS / Wgul (AUS) 7th Feb,TO BE PLACED,07/02/2017 11:05,11618531,5. Wild Angel,1,,1,1,1,1001,1,1001,0,0,0
129550943,AUS / AnPk (AUS) 7th Feb,TO BE PLACED,07/02/2017 03:24,11872041,8. Ecclefechan,0,,1,4.3,1,1001,1,1001,1.64,0,0
129549979,AUS / Bend (AUS) 7th Feb,TO BE PLACED,07/02/2017 08:15,12034360,5. Miss Morrisset,1,,1,1.600544007,1,1001,1,1001,45.22,0,0
129550365,AUS / Lism (AUS) 7th Feb,TO BE PLACED,07/02/2017 09:48,12043701,7. Canalai,0,,1,1.619995585,1,1001,1,1001,45.3,0,0
129551782,Televised Cards / Towc 7th Feb,TO BE PLACED,07/02/2017 20:34,11951558,4. Armchair Nasher,0,5.7,1,1,1,1001,1,1001,0,0,0
129551802,Televised Cards / Harl 7th Feb,TO BE PLACED,07/02/2017 19:54,12142632,3. Man Of The World,1,2.4,1,1,1,1001,1,1001,0,0,0
129550377,AUS / Lism (AUS) 7th Feb,TO BE PLACED,07/02/2017 10:48,12164734,2. John Said This,1,,1,3.089121756,1,1001,1,1001,20.04,0,0
129551429,BAGS Cards / Nott 7th Feb,TO BE PLACED,07/02/2017 13:04,12091381,3. Young Pipe,0,4.65,1,1,1,1001,1,1001,0,0,0
129550357,AUS / Mand (AUS) 7th Feb,TO BE PLACED,07/02/2017 10:12,12320321,2. Dandalup Annie,1,,1,2.719305785,1,1001,1,1001,36.3,0,0
129550375,AUS / Mand (AUS) 7th Feb,TO BE PLACED,07/02/2017 11:33,12357190,4. Stratosphere,0,,1,1,1,1001,1,1001,0,0,0
129551896,BAGS Cards / Sheff 7th Feb,TO BE PLACED,07/02/2017 18:39,12482416,4. You Little Una,0,1.490017518,1,1,1,1001,1,1001,0,0,0
129551902,BAGS Cards / Sheff 7th Feb,TO BE PLACED,07/02/2017 19:27,12482432,2. Cape Run,0,12,1,1,1,1001,1,1001,0,0,0
129550357,AUS / Mand (AUS) 7th Feb,TO BE PLACED,07/02/2017 10:12,12451858,1. Top Trader,0,,1,1.305863931,1,1001,1,1001,18.52,0,0
129550560,AUS / Devn (AUS) 7th Feb,TO BE PLACED,07/02/2017 04:39,12485002,4. Dan Road,0,,1,3,1,1001,1,1001,6.16,0,0
129549993,AUS / Geel (AUS) 7th Feb,TO BE PLACED,07/02/2017 05:51,12485195,8. Lost Blue,1,,1,1.52,1,1001,1,1001,20,0,0
129550030,AUS / Wgul (AUS) 7th Feb,TO BE PLACED,07/02/2017 07:45,12485244,3. Spyfection,0,,1,3.858940397,1,1001,1,1001,6.04,0,0
129549981,AUS / Bend (AUS) 7th Feb,TO BE PLACED,07/02/2017 08:35,12485300,8. Yenderra Blue,1,,1,2.032939035,1,1001,1,1001,21.98,0,0
129550134,AUS / Gosf (AUS) 7th Feb,TO BE PLACED,07/02/2017 11:22,12485422,4. Lauries Girl,1,,1,1,1,1001,1,1001,0,0,0
129550443,AUS / Town (AUS) 7th Feb,TO BE PLACED,07/02/2017 09:55,12485552,9. Rhondas Sea,0,,1,6.044519231,1,1001,1,1001,62.4,0,0
129551790,Televised Cards / Towc 7th Feb,TO BE PLACED,07/02/2017 21:40,12482795,5. Garryglass Dash,0,3.875,1,1,1,1001,1,1001,0,0,0
129550379,AUS / Mand (AUS) 7th Feb,TO BE PLACED,07/02/2017 11:48,2410162,6. Trusted,0,,1,1,1,1001,1,1001,0,0,0
129550109,AUS / Wgul (AUS) 7th Feb,TO BE PLACED,07/02/2017 11:05,6687163,2. Price Tag,1,,1,1,1,1001,1,1001,0,0,0
129551470,BAGS Cards / Newc 7th Feb,TO BE PLACED,07/02/2017 19:01,8825895,1. Queenies Three,0,4.2,1,1,1,1001,1,1001,0,0,0
129551786,Televised Cards / Towc 7th Feb,TO BE PLACED,07/02/2017 21:06,8860284,6. Sidarian Seanie,0,3.85,1,1,1,1001,1,1001,0,0,0
129550451,AUS / Town (AUS) 7th Feb,TO BE PLACED,07/02/2017 11:15,9005449,2. Puma Cloud,0,,1,1,1,1001,1,1001,0,0,0
129550109,AUS / Wgul (AUS) 7th Feb,TO BE PLACED,07/02/2017 11:05,9263665,7. Flywheel Magic,0,,1,1,1,1001,1,1001,0,0,0
129551778,Televised Cards / Towc 7th Feb,TO BE PLACED,07/02/2017 20:02,9452577,5. Corrin Katie,0,7.345355406,1,1,1,1001,1,1001,0,0,0
129551839,BAGS Cards / PBarr 7th Feb,TO BE PLACED,07/02/2017 13:27,9536148,1. Pukka Susie,0,2.906645672,1,1,1,1001,1,1001,0,0,0
129550445,AUS / Town (AUS) 7th Feb,TO BE PLACED,07/02/2017 10:15,9962485,7. Macadam,0,,1,3.119086325,1,1001,1,1001,67.42,0,0
129551429,BAGS Cards / Nott 7th Feb,TO BE PLACED,07/02/2017 13:04,10131031,1. Crewe Bay Ben,0,2.810660397,1,1,1,1001,1,1001,0,0,0
129551861,BAGS Cards / Crayfd 7th Feb,TO BE PLACED,07/02/2017 16:47,10242534,3. Blath Beag,1,2.27,1,1,1,1001,1,1001,0,0,0
129550937,AUS / AnPk (AUS) 7th Feb,TO BE PLACED,07/02/2017 02:24,10169374,1. Sophie Tyson,0,,1,3.304332402,1,1001,1,1001,93.02,0,0
129551843,BAGS Cards / PBarr 7th Feb,TO BE PLACED,07/02/2017 13:58,10280136,6. Nameless Freebie,0,4.9,1,1,1,1001,1,1001,0,0,0
129550381,AUS / Mand (AUS) 7th Feb,TO BE PLACED,07/02/2017 12:07,10409672,2. Hello Bobby,0,,1,1,1,1001,1,1001,0,0,0
129551906,BAGS Cards / Sheff 7th Feb,TO BE PLACED,07/02/2017 19:58,10523183,3. Local Fortune,1,2.94,1,1,1,1001,1,1001,0,0,0
129550112,AUS / Wgul (AUS) 7th Feb,TO BE PLACED,07/02/2017 11:30,10606842,2. Dee Big Rig,0,,1,1,1,1001,1,1001,0,0,0
129551413,BAGS Cards / Nott 7th Feb,TO BE PLACED,07/02/2017 11:03,10697382,2. Ardera Mott,1,2.7,1,2.21999634,1,1001,1,1001,4,0,0
129550355,AUS / Lism (AUS) 7th Feb,TO BE PLACED,07/02/2017 08:48,10727377,3. Fabulous Wall,0,,1,1.753164408,1,1001,1,1001,67.88,0,0
129551792,Televised Cards / Towc 7th Feb,TO BE PLACED,07/02/2017 21:56,10888389,5. Farran Smith,0,6.15,1,1,1,1001,1,1001,0,0,0
129550122,AUS / Gosf (AUS) 7th Feb,TO BE PLACED,07/02/2017 09:18,10969280,7. Kensa,0,,1,2.52,1,1001,1,1001,6.46,0,0
129551821,BAGS Cards / PBarr 7th Feb,TO BE PLACED,07/02/2017 11:11,11140925,6. Kileline Magpie,1,2.7,1,1,1,1001,1,1001,0,0,0
129550533,AUS / Ipsw (AUS) 7th Feb,TO BE PLACED,07/02/2017 06:59,11244162,4. Outback Sunshine,1,,1,1.261441394,1,1001,1,1001,37.88,0,0
129550389,AUS / Mand (AUS) 7th Feb,TO BE PLACED,07/02/2017 13:27,11403164,5. Napoleon Boy,0,,1,1,1,1001,1,1001,0,0,0
129551887,BAGS Cards / Kinsl 7th Feb,TO BE PLACED,07/02/2017 20:24,11388731,5. Cape Dream,0,2.5,1,1,1,1001,1,1001,0,0,0
129551845,BAGS Cards / Crayfd 7th Feb,TO BE PLACED,07/02/2017 14:08,11673258,5. Darkcat Saoirse,1,2.6,1,1,1,1001,1,1001,0,0,0
129550130,AUS / Gosf (AUS) 7th Feb,TO BE PLACED,07/02/2017 10:38,11810431,7. Yellow Jessie,0,,1,12.26333333,1,1001,1,1001,6,0,0
129551887,BAGS Cards / Kinsl 7th Feb,TO BE PLACED,07/02/2017 20:24,11874879,4. Slaneyside Biddy,0,4.3,1,1,1,1001,1,1001,0,0,0
129551786,Televised Cards / Towc 7th Feb,TO BE PLACED,07/02/2017 21:06,11874703,2. Raparee Soldier,0,3.95,1,1,1,1001,1,1001,0,0,0
129550525,AUS / Ipsw (AUS) 7th Feb,TO BE PLACED,07/02/2017 06:19,12047326,7. Midnight Burn,1,,1,5.1,1,1001,1,1001,8.6,0,0
129551431,BAGS Cards / Nott 7th Feb,TO BE PLACED,07/02/2017 13:19,12052789,3. Sybarite,0,2.68,1,1,1,1001,1,1001,0,0,0
129550373,AUS / Lism (AUS) 7th Feb,TO BE PLACED,07/02/2017 10:28,11993524,6. Tusksa,0,,1,4.2,1,1001,1,1001,5.54,0,0
129550128,AUS / Gosf (AUS) 7th Feb,TO BE PLACED,07/02/2017 10:18,12133664,1. Sketchy Mckenzie,0,,1,2.06,1,1001,1,1001,8.28,0,0
129551910,BAGS Cards / Sheff 7th Feb,TO BE PLACED,07/02/2017 20:31,12155450,6. Power Gamble,1,2.023123015,1,1,1,1001,1,1001,0,0,0
129551449,BAGS Cards / Sund 7th Feb,TO BE PLACED,07/02/2017 16:18,12284319,1. Lostrigg Blaze,1,4.137910631,1,1,1,1001,1,1001,0,0,0
129551853,BAGS Cards / Crayfd 7th Feb,TO BE PLACED,07/02/2017 15:28,12273945,5. Wings To Fly,0,5.2,1,1,1,1001,1,1001,0,0,0
129551459,BAGS Cards / Sund 7th Feb,TO BE PLACED,07/02/2017 17:47,12233233,4. Slatta Gibbs,0,3.55,1,1,1,1001,1,1001,0,0,0
129550451,AUS / Town (AUS) 7th Feb,TO BE PLACED,07/02/2017 11:15,12315587,8. Ronray Flame,0,,1,1,1,1001,1,1001,0,0,0
129551474,BAGS Cards / Newc 7th Feb,TO BE PLACED,07/02/2017 19:32,12232619,5. Slaneyside Free,0,3.125,1,1,1,1001,1,1001,0,0,0
129551831,BAGS Cards / PBarr 7th Feb,TO BE PLACED,07/02/2017 12:27,12400961,4. Rockmount Ranger,1,2.52,1,1,1,1001,1,1001,0,0,0
129550916,AUS / AnPk (AUS) 7th Feb,TO BE PLACED,07/02/2017 00:52,12484904,1. If Not Maybe,0,,1,1.395084746,1,1001,1,1001,1.18,0,0
129550929,AUS / AnPk (AUS) 7th Feb,TO BE PLACED,07/02/2017 01:07,12484912,5. Uncanned,0,,1,1.435233319,1,1001,1,1001,137.58,0,0
129551816,Televised Cards / Harl 7th Feb,TO BE PLACED,07/02/2017 21:48,12466115,1. Millroad Meg,1,4.6,1,1,1,1001,1,1001,0,0,0
129549995,AUS / Geel (AUS) 7th Feb,TO BE PLACED,07/02/2017 06:12,12485197,1. Take The Rapid,0,,1,4.069736842,1,1001,1,1001,7.6,0,0
129549965,AUS / Bend (AUS) 7th Feb,TO BE PLACED,07/02/2017 05:47,12485271,8. Last Angel,0,,1,3.330917874,1,1001,1,1001,28.98,0,0
129550114,AUS / Gosf (AUS) 7th Feb,TO BE PLACED,07/02/2017 07:57,12485325,7. Armatree Alice,0,,1,1.55,1,1001,1,1001,6.16,0,0
129550517,AUS / Ipsw (AUS) 7th Feb,TO BE PLACED,07/02/2017 04:54,12485508,8. Theres A Fool,0,,1,1.517038159,1,1001,1,1001,99.06,0,0
129551482,BAGS Cards / Newc 7th Feb,TO BE PLACED,07/02/2017 20:36,12443875,6. Express Indian,0,2.22,1,1,1,1001,1,1001,0,0,0
129551429,BAGS Cards / Nott 7th Feb,TO BE PLACED,07/02/2017 13:04,8374053,4. Old Fort Jo,1,2.39,1,1,1,1001,1,1001,0,0,0
129551906,BAGS Cards / Sheff 7th Feb,TO BE PLACED,07/02/2017 19:58,8574800,4. Droopys Lucinda,0,4.1,1,1,1,1001,1,1001,0,0,0
129550090,AUS / Wgul (AUS) 7th Feb,TO BE PLACED,07/02/2017 09:45,8865495,8. Conquer Fear,0,,1,2.169775112,1,1001,1,1001,26.68,0,0
129551457,BAGS Cards / Sund 7th Feb,TO BE PLACED,07/02/2017 17:33,8945704,6. Aislings Mo,0,6.8,1,1,1,1001,1,1001,0,0,0
129551885,BAGS Cards / Kinsl 7th Feb,TO BE PLACED,07/02/2017 20:09,9506725,4. Jet Setting,0,4.2,1,1,1,1001,1,1001,0,0,0
129550130,AUS / Gosf (AUS) 7th Feb,TO BE PLACED,07/02/2017 10:38,10074944,6. Rock Sister,0,,1,4.5269375,1,1001,1,1001,32,0,0
129551488,BAGS Cards / Newc 7th Feb,TO BE PLACED,07/02/2017 21:22,10280788,2. Cragbrien Daisy,0,8.6,1,1,1,1001,1,1001,0,0,0
129550122,AUS / Gosf (AUS) 7th Feb,TO BE PLACED,07/02/2017 09:18,10480299,8. New Direction,1,,1,2.08922806,1,1001,1,1001,68.14,0,0
129551883,BAGS Cards / Kinsl 7th Feb,TO BE PLACED,07/02/2017 19:53,10543018,5. Too Dear,0,2.6750009,1,1,1,1001,1,1001,0,0,0
129551427,BAGS Cards / Nott 7th Feb,TO BE PLACED,07/02/2017 12:47,10777644,1. Rahyvira Razl,0,4.8,1,1,1,1001,1,1001,0,0,0
129551778,Televised Cards / Towc 7th Feb,TO BE PLACED,07/02/2017 20:02,10768601,2. Some Elegance,0,2.240271422,1,1,1,1001,1,1001,0,0,0
129550945,AUS / AnPk (AUS) 7th Feb,TO BE PLACED,07/02/2017 03:47,10887085,3. Dyna Hogan,0,,1,7.4,1,1001,1,1001,5.14,0,0
129551808,Televised Cards / Harl 7th Feb,TO BE PLACED,07/02/2017 20:42,10966684,4. Barbers Son,0,3,1,1,1,1001,1,1001,0,0,0
129551445,BAGS Cards / Sund 7th Feb,TO BE PLACED,07/02/2017 15:38,11030340,1. Counterfit Air,0,1.665,1,1,1,1001,1,1001,0,0,0
129551851,BAGS Cards / Crayfd 7th Feb,TO BE PLACED,07/02/2017 15:07,11075896,1. Swithins Impact,1,5.8,1,1,1,1001,1,1001,0,0,0
129550379,AUS / Mand (AUS) 7th Feb,TO BE PLACED,07/02/2017 11:48,11058986,1. Kid Kuri,0,,1,1,1,1001,1,1001,0,0,0
129551423,BAGS Cards / Nott 7th Feb,TO BE PLACED,07/02/2017 12:18,11198196,1. Fearsome Flicker,0,8.6,1,1,1,1001,1,1001,0,0,0
129551851,BAGS Cards / Crayfd 7th Feb,TO BE PLACED,07/02/2017 15:07,11284972,5. Cashen Serengeti,0,1.771280353,1,1,1,1001,1,1001,0,0,0
129550377,AUS / Lism (AUS) 7th Feb,TO BE PLACED,07/02/2017 10:48,11343042,3. In The Crossfire,0,,1,7.6,1,1001,1,1001,4,0,0
129551885,BAGS Cards / Kinsl 7th Feb,TO BE PLACED,07/02/2017 20:09,11442052,2. Boherash Jayfkay,0,2.74,1,1,1,1001,1,1001,0,0,0
129551780,Televised Cards / Towc 7th Feb,TO BE PLACED,07/02/2017 20:18,11483290,4. Into Colour,0,2.78,1,1,1,1001,1,1001,0,0,0
129550126,AUS / Gosf (AUS) 7th Feb,TO BE PLACED,07/02/2017 09:58,11486812,3. Kyra Miss,1,,1,1.388333333,1,1001,1,1001,8.16,0,0
129550525,AUS / Ipsw (AUS) 7th Feb,TO BE PLACED,07/02/2017 06:19,11776380,6. Gold Rains,0,,1,3.1,1,1001,1,1001,12.32,0,0
129551461,BAGS Cards / Sund 7th Feb,TO BE PLACED,07/02/2017 18:04,12061642,5. Fairy Mary,0,7.062222222,1,1,1,1001,1,1001,0,0,0
129550539,AUS / Ipsw (AUS) 7th Feb,TO BE PLACED,07/02/2017 07:54,12127746,2. Escala,1,,1,1.408361486,1,1001,1,1001,118.4,0,0
129550943,AUS / AnPk (AUS) 7th Feb,TO BE PLACED,07/02/2017 03:24,12170046,1. Lonely Cowboy,1,,1,1.331870835,1,1001,1,1001,273.14,0,0
129551857,BAGS Cards / Crayfd 7th Feb,TO BE PLACED,07/02/2017 16:08,12132298,5. Twoofakind,0,3.05,1,1,1,1001,1,1001,0,0,0
129550449,AUS / Town (AUS) 7th Feb,TO BE PLACED,07/02/2017 10:55,12381676,8. Flying Magnum,1,,1,1.393914845,1,1001,1,1001,173.8,0,0
129550353,AUS / Lism (AUS) 7th Feb,TO BE PLACED,07/02/2017 08:28,12425871,9. Wiggle Emma,1,,1,1.74339531,1,1001,1,1001,189.32,0,0
129551445,BAGS Cards / Sund 7th Feb,TO BE PLACED,07/02/2017 15:38,12482351,3. Hardwick Martina,0,6.4,1,1,1,1001,1,1001,0,0,0
129551900,BAGS Cards / Sheff 7th Feb,TO BE PLACED,07/02/2017 19:11,12482430,6. Hellfire Lady,1,3.225,1,1,1,1001,1,1001,0,0,0
129549983,AUS / Geel (AUS) 7th Feb,TO BE PLACED,07/02/2017 04:11,12485170,5. Arion Bale,0,,1,1.461809816,1,1001,1,1001,26.08,0,0
129549963,AUS / Bend (AUS) 7th Feb,TO BE PLACED,07/02/2017 05:22,12485230,1. Handpass,0,,1,1.43206544,1,1001,1,1001,156.48,0,0
129550118,AUS / Gosf (AUS) 7th Feb,TO BE PLACED,07/02/2017 08:38,12485329,1. Precision Made,1,,1,2.628533333,1,1001,1,1001,60,0,0
129550437,AUS / Town (AUS) 7th Feb,TO BE PLACED,07/02/2017 08:55,12485532,1. Sky Lark,1,,1,1.213435162,1,1001,1,1001,128.32,0,0
129550453,AUS / Town (AUS) 7th Feb,TO BE PLACED,07/02/2017 11:36,7222852,1. Scotties Girl,1,,1,1,1,1001,1,1001,0,0,0
129551823,BAGS Cards / PBarr 7th Feb,TO BE PLACED,07/02/2017 11:28,8399458,2. Ferndale Gaga,0,5.5,1,1,1,1001,1,1001,0,0,0
129551425,BAGS Cards / Nott 7th Feb,TO BE PLACED,07/02/2017 12:32,8636098,2. Timmy Time,1,6.2,1,1,1,1001,1,1001,0,0,0
129550550,AUS / Devn (AUS) 7th Feb,TO BE PLACED,07/02/2017 02:52,8847910,3. Gladis Grice,0,,1,3.768130204,1,1001,1,1001,26.42,0,0
129550443,AUS / Town (AUS) 7th Feb,TO BE PLACED,07/02/2017 09:55,9360042,1. El Malamute,0,,1,1.523210084,1,1001,1,1001,23.8,0,0
129551457,BAGS Cards / Sund 7th Feb,TO BE PLACED,07/02/2017 17:33,9580367,4. Havana Blonde,0,3.065,1,1,1,1001,1,1001,0,0,0
129551782,Televised Cards / Towc 7th Feb,TO BE PLACED,07/02/2017 20:34,9788528,6. Optimus Prime,0,3.525,1,1,1,1001,1,1001,0,0,0
129550090,AUS / Wgul (AUS) 7th Feb,TO BE PLACED,07/02/2017 09:45,9609256,2. Burekup Jack,1,,1,2.150619024,1,1001,1,1001,39.74,0,0
129551782,Televised Cards / Towc 7th Feb,TO BE PLACED,07/02/2017 20:34,9678048,5. Head Iton Bigian,0,2.84,1,1,1,1001,1,1001,0,0,0
129551818,Televised Cards / Harl 7th Feb,TO BE PLACED,07/02/2017 22:03,10086379,3. Sounds Good,1,2.26,1,1,1,1001,1,1001,0,0,0
129551875,BAGS Cards / Kinsl 7th Feb,TO BE PLACED,07/02/2017 18:49,10131019,1. Hy Lux,0,4.35,1,1,1,1001,1,1001,0,0,0
129551823,BAGS Cards / PBarr 7th Feb,TO BE PLACED,07/02/2017 11:28,10076961,5. Godsend Gold,1,2.831672,1,1,1,1001,1,1001,0,0,0
129550535,AUS / Ipsw (AUS) 7th Feb,TO BE PLACED,07/02/2017 07:17,10670325,4. This Time Maddie,1,,1,1.92,1,1001,1,1001,24.62,0,0
129550109,AUS / Wgul (AUS) 7th Feb,TO BE PLACED,07/02/2017 11:05,10667220,1. Aston Noir,0,,1,1,1,1001,1,1001,0,0,0
129550971,AUS / AnPk (AUS) 7th Feb,TO BE PLACED,07/02/2017 04:22,10756655,2. Macaloney,0,,1,1.99,1,1001,1,1001,6.16,0,0
129549969,AUS / Bend (AUS) 7th Feb,TO BE PLACED,07/02/2017 06:27,10886907,4. Jackdell,0,,1,2.441866883,1,1001,1,1001,49.28,0,0
129551449,BAGS Cards / Sund 7th Feb,TO BE PLACED,07/02/2017 16:18,10898138,4. Poolie Annie,0,2.953391601,1,1,1,1001,1,1001,0,0,0
129551893,BAGS Cards / Kinsl 7th Feb,TO BE PLACED,07/02/2017 21:12,10934680,6. Swifty Sue,0,6.6,1,1,1,1001,1,1001,0,0,0
129551810,Televised Cards / Harl 7th Feb,TO BE PLACED,07/02/2017 20:58,10935377,6. Swift Clyde,0,6.15,1,1,1,1001,1,1001,0,0,0
129551806,Televised Cards / Harl 7th Feb,TO BE PLACED,07/02/2017 20:26,10931481,2. Strides Seren,0,1.811563353,1,1,1,1001,1,1001,0,0,0
129551806,Televised Cards / Harl 7th Feb,TO BE PLACED,07/02/2017 20:26,10931499,6. Dods Pearl,0,3.5,1,1,1,1001,1,1001,0,0,0
129551790,Televised Cards / Towc 7th Feb,TO BE PLACED,07/02/2017 21:40,11267673,3. Bodell Master,0,2.84,1,1,1,1001,1,1001,0,0,0
129551891,BAGS Cards / Kinsl 7th Feb,TO BE PLACED,07/02/2017 20:57,11211732,4. Run China Tip,0,1.74545815,1,1,1,1001,1,1001,0,0,0
129551780,Televised Cards / Towc 7th Feb,TO BE PLACED,07/02/2017 20:18,11369073,3. Mustang Alex,0,2.36,1,1,1,1001,1,1001,0,0,0
129551821,BAGS Cards / PBarr 7th Feb,TO BE PLACED,07/02/2017 11:11,11388563,3. Galtee Reggie,0,1.73,1,1,1,1001,1,1001,0,0,0
129550535,AUS / Ipsw (AUS) 7th Feb,TO BE PLACED,07/02/2017 07:17,11746121,2. Spring Audrey,1,,1,5,1,1001,1,1001,59.24,0,0
129551796,Televised Cards / Towc 7th Feb,TO BE PLACED,07/02/2017 22:26,12031886,4. Specks Lady,0,5.8,1,1,1,1001,1,1001,0,0,0
129551468,BAGS Cards / Newc 7th Feb,TO BE PLACED,07/02/2017 18:44,12171927,1. Hanoras Gale,1,2,1,1,1,1001,1,1001,0,0,0
129550076,AUS / Wgul (AUS) 7th Feb,TO BE PLACED,07/02/2017 08:45,12164619,6. Riveting,1,,1,1.296142649,1,1001,1,1001,27.48,0,0
129549967,AUS / Bend (AUS) 7th Feb,TO BE PLACED,07/02/2017 06:09,12194663,3. Hally Allen,0,,1,1.586666667,1,1001,1,1001,24,0,0
129551802,Televised Cards / Harl 7th Feb,TO BE PLACED,07/02/2017 19:54,12179520,4. Splash Around,0,6,1,1,1,1001,1,1001,0,0,0
129550542,AUS / Devn (AUS) 7th Feb,TO BE PLACED,07/02/2017 01:39,12234978,6. Devils Gullet,0,,1,1.7,1,1001,1,1001,13.48,0,0
129551902,BAGS Cards / Sheff 7th Feb,TO BE PLACED,07/02/2017 19:27,12279176,5. Corrin Lucy,0,14,1,1,1,1001,1,1001,0,0,0
129551478,BAGS Cards / Newc 7th Feb,TO BE PLACED,07/02/2017 20:04,12266711,1. Blakefield Kwik,1,2.63,1,1,1,1001,1,1001,0,0,0
129551877,BAGS Cards / Kinsl 7th Feb,TO BE PLACED,07/02/2017 19:06,12398214,1. Ballyhar Sparks,0,2.891,1,1,1,1001,1,1001,0,0,0
129551910,BAGS Cards / Sheff 7th Feb,TO BE PLACED,07/02/2017 20:31,12410978,2. Bronze Rebel,0,2.26,1,1,1,1001,1,1001,0,0,0
129550371,AUS / Mand (AUS) 7th Feb,TO BE PLACED,07/02/2017 11:08,12485571,4. Express Gunn,0,,1,1,1,1001,1,1001,0,0,0
129550375,AUS / Mand (AUS) 7th Feb,TO BE PLACED,07/02/2017 11:33,12485574,2. Winsome Jackie,0,,1,1,1,1001,1,1001,0,0,0
129550546,AUS / Devn (AUS) 7th Feb,TO BE PLACED,07/02/2017 02:17,12484989,3. Shima Sun,0,,1,1.661084165,1,1001,1,1001,28.04,0,0
129550064,AUS / Wgul (AUS) 7th Feb,TO BE PLACED,07/02/2017 08:05,12485255,1. Master Rico,1,,1,1.725483058,1,1001,1,1001,71.42,0,0
129550369,AUS / Lism (AUS) 7th Feb,TO BE PLACED,07/02/2017 10:08,12485318,7. Cute Gambler,1,,1,2.113092369,1,1001,1,1001,24.9,0,0
129550439,AUS / Town (AUS) 7th Feb,TO BE PLACED,07/02/2017 09:15,12485537,5. Go Prancer Go,0,,1,1.661579328,1,1001,1,1001,55.34,0,0
129551847,BAGS Cards / Crayfd 7th Feb,TO BE PLACED,07/02/2017 14:27,12482978,6. Droopys Rafaella,0,2.27130813,1,1,1,1001,1,1001,0,0,0
129551413,BAGS Cards / Nott 7th Feb,TO BE PLACED,07/02/2017 11:03,12481995,3. Music Magic,0,2.22,1,2.226783663,1,1001,1,1001,56.9,0,0
129551910,BAGS Cards / Sheff 7th Feb,TO BE PLACED,07/02/2017 20:31,8215759,5. My Girl Dian,0,10.5,1,1,1,1001,1,1001,0,0,0
129549971,AUS / Bend (AUS) 7th Feb,TO BE PLACED,07/02/2017 06:49,8871066,7. Midnight Flynn,1,,1,2.442955771,1,1001,1,1001,55.62,0,0
129550381,AUS / Mand (AUS) 7th Feb,TO BE PLACED,07/02/2017 12:07,9093117,4. Marty Party,0,,1,1,1,1001,1,1001,0,0,0
129551823,BAGS Cards / PBarr 7th Feb,TO BE PLACED,07/02/2017 11:28,10068513,6. Power Line,0,2.50947407,1,1,1,1001,1,1001,0,0,0
129551466,BAGS Cards / Newc 7th Feb,TO BE PLACED,07/02/2017 18:28,10110747,2. Rickys Magic,0,4.6,1,1,1,1001,1,1001,0,0,0
129550947,AUS / AnPk (AUS) 7th Feb,TO BE PLACED,07/02/2017 04:07,10602697,7. Bathurst Bogan,1,,1,1.820506329,1,1001,1,1001,28.44,0,0
129550363,AUS / Lism (AUS) 7th Feb,TO BE PLACED,07/02/2017 09:28,10607191,6. Irma Adeline,0,,1,1.53,1,1001,1,1001,60.44,0,0
129550939,AUS / AnPk (AUS) 7th Feb,TO BE PLACED,07/02/2017 02:44,10774760,3. Yaramundi Domino,0,,1,4.6,1,1001,1,1001,10.32,0,0
129550385,AUS / Mand (AUS) 7th Feb,TO BE PLACED,07/02/2017 12:47,10667345,5. Fast Dancer,0,,1,1,1,1001,1,1001,0,0,0
129550082,AUS / Wgul (AUS) 7th Feb,TO BE PLACED,07/02/2017 09:05,10882876,3. Dr Compulsion,1,,1,4.066239316,1,1001,1,1001,25.74,0,0
129551891,BAGS Cards / Kinsl 7th Feb,TO BE PLACED,07/02/2017 20:57,11019967,1. Cals Bound,0,5.7,1,1,1,1001,1,1001,0,0,0
129551798,Televised Cards / Towc 7th Feb,TO BE PLACED,07/02/2017 22:40,10934864,6. Xavier,0,5.05,1,1,1,1001,1,1001,0,0,0
129551885,BAGS Cards / Kinsl 7th Feb,TO BE PLACED,07/02/2017 20:09,11046940,3. Lets Go Badger,0,2.48,1,1,1,1001,1,1001,0,0,0
129550101,AUS / Wgul (AUS) 7th Feb,TO BE PLACED,07/02/2017 10:25,11134520,5. Tiny Bopper,0,,1,4.631426082,1,1001,1,1001,68.86,0,0
129550084,AUS / Wgul (AUS) 7th Feb,TO BE PLACED,07/02/2017 09:25,11196368,1. Invictus Lawless,1,,1,2.854284519,1,1001,1,1001,47.8,0,0
129550552,AUS / Devn (AUS) 7th Feb,TO BE PLACED,07/02/2017 03:17,11402235,7. Stylish Nic,0,,1,1.35478836,1,1001,1,1001,30.24,0,0
129551906,BAGS Cards / Sheff 7th Feb,TO BE PLACED,07/02/2017 19:58,11483515,1. Deltic Sahara,1,3.35,1,1,1,1001,1,1001,0,0,0
129550935,AUS / AnPk (AUS) 7th Feb,TO BE PLACED,07/02/2017 02:04,11764234,2. Smoking Gem,0,,1,4,1,1001,1,1001,6.12,0,0
129551459,BAGS Cards / Sund 7th Feb,TO BE PLACED,07/02/2017 17:47,11935297,1. Springwell Bambi,0,2.156666667,1,1,1,1001,1,1001,0,0,0
129551871,BAGS Cards / Crayfd 7th Feb,TO BE PLACED,07/02/2017 18:11,12201532,3. Park Fly,1,3.65,1,1,1,1001,1,1001,0,0,0
129551863,BAGS Cards / Crayfd 7th Feb,TO BE PLACED,07/02/2017 17:07,12273647,1. Always Popular,0,3.4219771,1,1,1,1001,1,1001,0,0,0
129550519,AUS / Ipsw (AUS) 7th Feb,TO BE PLACED,07/02/2017 05:14,12315529,2. Alpha Zephyr,1,,1,1.429202658,1,1001,1,1001,24.08,0,0
129551857,BAGS Cards / Crayfd 7th Feb,TO BE PLACED,07/02/2017 16:08,12411058,6. Droopys Gent,0,2.16041567,1,1,1,1001,1,1001,0,0,0
129550066,AUS / Wgul (AUS) 7th Feb,TO BE PLACED,07/02/2017 08:25,12343364,6. Skyrim,0,,1,2.095948509,1,1001,1,1001,29.52,0,0
129549999,AUS / Geel (AUS) 7th Feb,TO BE PLACED,07/02/2017 06:52,12412921,2. Mahlo Hawkeye,1,,1,1.57,1,1001,1,1001,0.18,0,0
129550389,AUS / Mand (AUS) 7th Feb,TO BE PLACED,07/02/2017 13:27,12485584,7. Charcoal Avenue,0,,1,1,1,1001,1,1001,0,0,0
129551449,BAGS Cards / Sund 7th Feb,TO BE PLACED,07/02/2017 16:18,12482362,2. Ogalla Zippy,0,2.545601554,1,1,1,1001,1,1001,0,0,0
129551804,Televised Cards / Harl 7th Feb,TO BE PLACED,07/02/2017 20:10,12482516,2. Clodagh Warrior,1,1.91,1,1,1,1001,1,1001,0,0,0
129551875,BAGS Cards / Kinsl 7th Feb,TO BE PLACED,07/02/2017 18:49,12482089,5. Peggys Edel,0,3.625,1,1,1,1001,1,1001,0,0,0
129551459,BAGS Cards / Sund 7th Feb,TO BE PLACED,07/02/2017 17:47,12444214,3. Alibom By Yey,1,4.8,1,1,1,1001,1,1001,0,0,0
129549989,AUS / Geel (AUS) 7th Feb,TO BE PLACED,07/02/2017 05:11,12485186,8. Chilling Effect,1,,1,1.354143095,1,1001,1,1001,12.02,0,0
129550130,AUS / Gosf (AUS) 7th Feb,TO BE PLACED,07/02/2017 10:38,12485344,8. Black Jillak,1,,1,4.177746279,1,1001,1,1001,56.44,0,0
129550525,AUS / Ipsw (AUS) 7th Feb,TO BE PLACED,07/02/2017 06:19,12485525,8. Soltador,1,,1,1.250568277,1,1001,1,1001,215.74,0,0
129551474,BAGS Cards / Newc 7th Feb,TO BE PLACED,07/02/2017 19:32,12482170,2. Blas Di Menta,0,2.78,1,1,1,1001,1,1001,0,0,0
129551423,BAGS Cards / Nott 7th Feb,TO BE PLACED,07/02/2017 12:18,8589640,2. Capla Crusader,0,1.89575274,1,1,1,1001,1,1001,0,0,0
129551867,BAGS Cards / Crayfd 7th Feb,TO BE PLACED,07/02/2017 17:38,8851833,3. Good Fifi,0,2.94,1,1,1,1001,1,1001,0,0,0
129550445,AUS / Town (AUS) 7th Feb,TO BE PLACED,07/02/2017 10:15,9039187,6. From The Tap,1,,1,4.281705539,1,1001,1,1001,27.44,0,0
129551871,BAGS Cards / Crayfd 7th Feb,TO BE PLACED,07/02/2017 18:11,9170691,1. Joys Bangers,1,2.5,1,1,1,1001,1,1001,0,0,0
129551447,BAGS Cards / Sund 7th Feb,TO BE PLACED,07/02/2017 15:58,9295635,3. Farloe Mustang,0,4.8,1,1,1,1001,1,1001,0,0,0
129551893,BAGS Cards / Kinsl 7th Feb,TO BE PLACED,07/02/2017 21:12,9391939,3. Clondarrig Ann,0,4.25,1,1,1,1001,1,1001,0,0,0
129551457,BAGS Cards / Sund 7th Feb,TO BE PLACED,07/02/2017 17:33,9444836,2. Lady Midas,1,2.50905882,1,1,1,1001,1,1001,0,0,0
129551861,BAGS Cards / Crayfd 7th Feb,TO BE PLACED,07/02/2017 16:47,9660252,6. Nancyfromnairobi,1,4.025,1,1,1,1001,1,1001,0,0,0
129551486,BAGS Cards / Newc 7th Feb,TO BE PLACED,07/02/2017 21:07,10110780,5. Canny Winnie,0,5.1,1,1,1,1001,1,1001,0,0,0
129551887,BAGS Cards / Kinsl 7th Feb,TO BE PLACED,07/02/2017 20:24,10323558,3. Local Whistler,1,1.938603188,1,1,1,1001,1,1001,0,0,0
129550365,AUS / Lism (AUS) 7th Feb,TO BE PLACED,07/02/2017 09:48,10534247,2. Bogan Babe,1,,1,3.304643022,1,1001,1,1001,43.42,0,0
129551455,BAGS Cards / Sund 7th Feb,TO BE PLACED,07/02/2017 17:17,10570943,3. Unknown Stella,0,2.53,1,1,1,1001,1,1001,0,0,0
129551908,BAGS Cards / Sheff 7th Feb,TO BE PLACED,07/02/2017 20:14,10853342,6. Melodys Flash,0,1.864821871,1,1,1,1001,1,1001,0,0,0
129551865,BAGS Cards / Crayfd 7th Feb,TO BE PLACED,07/02/2017 17:22,10814228,3. Lemming Fitz,1,1.69,1,1,1,1001,1,1001,0,0,0
129551863,BAGS Cards / Crayfd 7th Feb,TO BE PLACED,07/02/2017 17:07,11070136,2. Crossfield Janet,0,3.35,1,1,1,1001,1,1001,0,0,0
129550130,AUS / Gosf (AUS) 7th Feb,TO BE PLACED,07/02/2017 10:38,11077757,2. Sketchy Amber,0,,1,3.856420927,1,1001,1,1001,33.64,0,0
129551484,BAGS Cards / Newc 7th Feb,TO BE PLACED,07/02/2017 20:52,11056499,3. Queenies Turkish,0,4.5,1,1,1,1001,1,1001,0,0,0
129551417,BAGS Cards / Nott 7th Feb,TO BE PLACED,07/02/2017 11:34,11295059,2. Bit View Classy,0,2.76,1,1,1,1001,1,1001,0,0,0
129550445,AUS / Town (AUS) 7th Feb,TO BE PLACED,07/02/2017 10:15,11465044,1. Sir Reginald,0,,1,1.908979279,1,1001,1,1001,26.06,0,0
129549967,AUS / Bend (AUS) 7th Feb,TO BE PLACED,07/02/2017 06:09,11942604,2. Lucks Run Out,0,,1,2.38,1,1001,1,1001,19.7,0,0
129550558,AUS / Devn (AUS) 7th Feb,TO BE PLACED,07/02/2017 04:14,12170057,8. Duckies Empire,0,,1,3.995528455,1,1001,1,1001,12.3,0,0
129551441,BAGS Cards / Sund 7th Feb,TO BE PLACED,07/02/2017 14:57,12183659,4. Scruffs Tara,0,2.71,1,1,1,1001,1,1001,0,0,0
129550453,AUS / Town (AUS) 7th Feb,TO BE PLACED,07/02/2017 11:36,12181782,8. Maywyn Accolades,1,,1,1,1,1001,1,1001,0,0,0
129550939,AUS / AnPk (AUS) 7th Feb,TO BE PLACED,07/02/2017 02:44,12442786,8. Marnie Bale,0,,1,5,1,1001,1,1001,21.6,0,0
129549973,AUS / Bend (AUS) 7th Feb,TO BE PLACED,07/02/2017 07:07,12485294,6. Cadalora,0,,1,2.26,1,1001,1,1001,4,0,0
129549977,AUS / Bend (AUS) 7th Feb,TO BE PLACED,07/02/2017 07:51,12485299,4. Calvadoss,0,,1,4.2,1,1001,1,1001,12.02,0,0
129550437,AUS / Town (AUS) 7th Feb,TO BE PLACED,07/02/2017 08:55,12485534,8. Whatta Pass,1,,1,1.746060049,1,1001,1,1001,228.48,0,0
129550439,AUS / Town (AUS) 7th Feb,TO BE PLACED,07/02/2017 09:15,12485536,3. Pale Face Scotch,1,,1,1.85,1,1001,1,1001,6.46,0,0
129551413,BAGS Cards / Nott 7th Feb,TO BE PLACED,07/02/2017 11:03,12481998,6. Salacres Simon,0,2.5,1,2.23999938,1,1001,1,1001,8,0,0
129551802,Televised Cards / Harl 7th Feb,TO BE PLACED,07/02/2017 19:54,2536409,1. Daisy May,0,2.56,1,1,1,1001,1,1001,0,0,0
129551415,BAGS Cards / Nott 7th Feb,TO BE PLACED,07/02/2017 11:19,8166803,3. Tynwald Nikita,0,4.2,1,1,1,1001,1,1001,0,0,0
129551447,BAGS Cards / Sund 7th Feb,TO BE PLACED,07/02/2017 15:58,8533716,4. Shes Surreal,0,4.7,1,1,1,1001,1,1001,0,0,0
129551433,BAGS Cards / Nott 7th Feb,TO BE PLACED,07/02/2017 13:33,8918431,1. Roman Blueboy,0,3.9,1,1,1,1001,1,1001,0,0,0
129551875,BAGS Cards / Kinsl 7th Feb,TO BE PLACED,07/02/2017 18:49,9052872,2. Clever Clue,0,5.35,1,1,1,1001,1,1001,0,0,0
129551879,BAGS Cards / Kinsl 7th Feb,TO BE PLACED,07/02/2017 19:22,9258776,4. Ballymac Keegan,0,2.92,1,1,1,1001,1,1001,0,0,0
129550084,AUS / Wgul (AUS) 7th Feb,TO BE PLACED,07/02/2017 09:25,9449411,7. Why Not Barrel,0,,1,4.1,1,1001,1,1001,13.44,0,0
129551480,BAGS Cards / Newc 7th Feb,TO BE PLACED,07/02/2017 20:19,10305254,2. The Moppitt,0,4.7,1,1,1,1001,1,1001,0,0,0
129551794,Televised Cards / Towc 7th Feb,TO BE PLACED,07/02/2017 22:11,10496387,5. Trade Freddie,0,3.6,1,1,1,1001,1,1001,0,0,0
129551480,BAGS Cards / Newc 7th Feb,TO BE PLACED,07/02/2017 20:19,10572053,6. Selkirk Marches,0,1.830843165,1,1,1,1001,1,1001,0,0,0
129551845,BAGS Cards / Crayfd 7th Feb,TO BE PLACED,07/02/2017 14:08,10771213,4. Ballymac Silk,0,5.1,1,1,1,1001,1,1001,0,0,0
129551908,BAGS Cards / Sheff 7th Feb,TO BE PLACED,07/02/2017 20:14,10664088,5. Kranky Toni,0,3.15,1,1,1,1001,1,1001,0,0,0
129551484,BAGS Cards / Newc 7th Feb,TO BE PLACED,07/02/2017 20:52,10890219,4. Tullylee,1,4.5,1,1,1,1001,1,1001,0,0,0
129550443,AUS / Town (AUS) 7th Feb,TO BE PLACED,07/02/2017 09:55,10902747,7. Gojo Mojo,1,,1,1.774501892,1,1001,1,1001,31.72,0,0
129550365,AUS / Lism (AUS) 7th Feb,TO BE PLACED,07/02/2017 09:48,11044407,4. Tobbys Approval,0,,1,6.020384615,1,1001,1,1001,10.4,0,0
129551869,BAGS Cards / Crayfd 7th Feb,TO BE PLACED,07/02/2017 17:56,11047707,5. Crossfield Lynn,1,5.75,1,1,1,1001,1,1001,0,0,0
129551873,BAGS Cards / Kinsl 7th Feb,TO BE PLACED,07/02/2017 18:33,11412783,3. Conors Mal,0,4.175,1,1,1,1001,1,1001,0,0,0
129550082,AUS / Wgul (AUS) 7th Feb,TO BE PLACED,07/02/2017 09:05,11294038,4. Demon Jesse,0,,1,2.58054788,1,1001,1,1001,253.34,0,0
129550381,AUS / Mand (AUS) 7th Feb,TO BE PLACED,07/02/2017 12:07,11574830,1. Triple Crown Dre,0,,1,1,1,1001,1,1001,0,0,0
129551472,BAGS Cards / Newc 7th Feb,TO BE PLACED,07/02/2017 19:16,11482112,4. Old Fort Harley,0,3.5,1,1,1,1001,1,1001,0,0,0
129551435,BAGS Cards / Nott 7th Feb,TO BE PLACED,07/02/2017 13:51,12056205,5. Mullrook Cahill,1,3.2,1,1,1,1001,1,1001,0,0,0
129551794,Televised Cards / Towc 7th Feb,TO BE PLACED,07/02/2017 22:11,12186338,6. Tiffield Lad,0,2.86,1,1,1,1001,1,1001,0,0,0
129551470,BAGS Cards / Newc 7th Feb,TO BE PLACED,07/02/2017 19:01,12197974,2. Kais Gamble,1,1.585773512,1,1,1,1001,1,1001,0,0,0
129550030,AUS / Wgul (AUS) 7th Feb,TO BE PLACED,07/02/2017 07:45,12123192,4. Missed An Earn,0,,1,1.979197057,1,1001,1,1001,434.9,0,0
129549975,AUS / Bend (AUS) 7th Feb,TO BE PLACED,07/02/2017 07:25,12285638,8. Striker Shearer,0,,1,1.696455977,1,1001,1,1001,279.4,0,0
129551772,Televised Cards / Towc 7th Feb,TO BE PLACED,07/02/2017 19:14,12295629,3. Aughall Champ,0,2.46,1,1,1,1001,1,1001,0,0,0
129551790,Televised Cards / Towc 7th Feb,TO BE PLACED,07/02/2017 21:40,12297056,1. Carn Brea,0,1.594855653,1,1,1,1001,1,1001,0,0,0
129551833,BAGS Cards / PBarr 7th Feb,TO BE PLACED,07/02/2017 12:42,12400997,4. Sawpit Scorpion,1,1.772252255,1,1,1,1001,1,1001,0,0,0
129549977,AUS / Bend (AUS) 7th Feb,TO BE PLACED,07/02/2017 07:51,12377584,7. Seabrook Dill,0,,1,3,1,1001,1,1001,30.76,0,0
129550544,AUS / Devn (AUS) 7th Feb,TO BE PLACED,07/02/2017 01:54,12484985,7. Cosmic Nova,0,,1,1.288796475,1,1001,1,1001,72.62,0,0
129549995,AUS / Geel (AUS) 7th Feb,TO BE PLACED,07/02/2017 06:12,12485201,7. Octo Burn,0,,1,5.140740741,1,1001,1,1001,2.16,0,0
129550118,AUS / Gosf (AUS) 7th Feb,TO BE PLACED,07/02/2017 08:38,12485332,8. Lofty Larrikan,0,,1,1.173372732,1,1001,1,1001,265.66,0,0
129550521,AUS / Ipsw (AUS) 7th Feb,TO BE PLACED,07/02/2017 05:39,12485515,8. Go For Chuck,0,,1,4.222873563,1,1001,1,1001,34.8,0,0
129550533,AUS / Ipsw (AUS) 7th Feb,TO BE PLACED,07/02/2017 06:59,12485530,9. Petite Zip Zip,0,,1,8.8,1,1001,1,1001,6.16,0,0
129550544,AUS / Devn (AUS) 7th Feb,TO BE PLACED,07/02/2017 01:54,12446161,1. Frazzle Dazzle,1,,1,2,1,1001,1,1001,26.96,0,0
129551849,BAGS Cards / Crayfd 7th Feb,TO BE PLACED,07/02/2017 14:47,12482983,5. Darkcat Titanium,0,9.65,1,1,1,1001,1,1001,0,0,0
129551855,BAGS Cards / Crayfd 7th Feb,TO BE PLACED,07/02/2017 15:48,12482999,3. Pesky Hedgehog,0,7.8,1,1,1,1001,1,1001,0,0,0
129551468,BAGS Cards / Newc 7th Feb,TO BE PLACED,07/02/2017 18:44,12482156,6. Tourbo Ten,0,6.3,1,1,1,1001,1,1001,0,0,0
129551457,BAGS Cards / Sund 7th Feb,TO BE PLACED,07/02/2017 17:33,8409968,5. Bit View Froebel,0,2.502272009,1,1,1,1001,1,1001,0,0,0
129551433,BAGS Cards / Nott 7th Feb,TO BE PLACED,07/02/2017 13:33,8654101,3. Capla Flutter,1,2.04083175,1,1,1,1001,1,1001,0,0,0
129551859,BAGS Cards / Crayfd 7th Feb,TO BE PLACED,07/02/2017 16:27,8853517,5. Killieford Thorn,0,6.7,1,1,1,1001,1,1001,0,0,0
129551792,Televised Cards / Towc 7th Feb,TO BE PLACED,07/02/2017 21:56,9647658,3. Lightfoot Rafael,0,12.5,1,1,1,1001,1,1001,0,0,0
129551476,BAGS Cards / Newc 7th Feb,TO BE PLACED,07/02/2017 19:48,10242612,2. Shellam Belle,0,3.225,1,1,1,1001,1,1001,0,0,0
129550445,AUS / Town (AUS) 7th Feb,TO BE PLACED,07/02/2017 10:15,10689829,5. Velocity Aim,0,,1,2.413303809,1,1001,1,1001,22.58,0,0
129551439,BAGS Cards / Sund 7th Feb,TO BE PLACED,07/02/2017 14:37,10673991,5. Coonough Lady,1,2.644362523,1,1,1,1001,1,1001,0,0,0
129550084,AUS / Wgul (AUS) 7th Feb,TO BE PLACED,07/02/2017 09:25,10791441,3. Fear The Boss,0,,1,4.5,1,1001,1,1001,0.28,0,0
129551859,BAGS Cards / Crayfd 7th Feb,TO BE PLACED,07/02/2017 16:27,10987035,1. Newlawn Kevin,0,3.8,1,1,1,1001,1,1001,0,0,0
129551806,Televised Cards / Harl 7th Feb,TO BE PLACED,07/02/2017 20:26,10960901,1. Lulus Queenie,0,7.2,1,1,1,1001,1,1001,0,0,0
129550128,AUS / Gosf (AUS) 7th Feb,TO BE PLACED,07/02/2017 10:18,11155947,8. Larrikins Hat,1,,1,2.34,1,1001,1,1001,27.08,0,0
129551455,BAGS Cards / Sund 7th Feb,TO BE PLACED,07/02/2017 17:17,11241793,4. Classical Millie,1,2.431085,1,1,1,1001,1,1001,0,0,0
129551478,BAGS Cards / Newc 7th Feb,TO BE PLACED,07/02/2017 20:04,11216169,4. Alnwick Esme,0,4.375357571,1,1,1,1001,1,1001,0,0,0
129550359,AUS / Lism (AUS) 7th Feb,TO BE PLACED,07/02/2017 09:08,11229549,1. Put Thongs On,0,,1,1.815004055,1,1001,1,1001,24.66,0,0
129551904,BAGS Cards / Sheff 7th Feb,TO BE PLACED,07/02/2017 19:43,11202805,4. Worsboro Pearl,0,2.54,1,1,1,1001,1,1001,0,0,0
129550947,AUS / AnPk (AUS) 7th Feb,TO BE PLACED,07/02/2017 04:07,11415370,1. Absolute Zero,0,,1,1.68,1,1001,1,1001,0.02,0,0
129549969,AUS / Bend (AUS) 7th Feb,TO BE PLACED,07/02/2017 06:27,11305018,2. Pelli,0,,1,5.4,1,1001,1,1001,12,0,0
129551790,Televised Cards / Towc 7th Feb,TO BE PLACED,07/02/2017 21:40,11310714,6. Micky Thebutcher,0,6,1,1,1,1001,1,1001,0,0,0
129550453,AUS / Town (AUS) 7th Feb,TO BE PLACED,07/02/2017 11:36,11396353,5. Margs Memory,0,,1,1,1,1001,1,1001,0,0,0
129550351,AUS / Lism (AUS) 7th Feb,TO BE PLACED,07/02/2017 08:08,11460529,5. Dont Seamus,1,,1,1.570418327,1,1001,1,1001,20.08,0,0
129551827,BAGS Cards / PBarr 7th Feb,TO BE PLACED,07/02/2017 11:57,11446017,2. Killinan Swallow,0,2.033563062,1,1,1,1001,1,1001,0,0,0
129551780,Televised Cards / Towc 7th Feb,TO BE PLACED,07/02/2017 20:18,11418698,1. Ducklingtonbelle,1,4.6,1,1,1,1001,1,1001,0,0,0
129550114,AUS / Gosf (AUS) 7th Feb,TO BE PLACED,07/02/2017 07:57,11486853,4. Olivia Mary,0,,1,4.2,1,1001,1,1001,18.46,0,0
129550533,AUS / Ipsw (AUS) 7th Feb,TO BE PLACED,07/02/2017 06:59,11735718,8. Sentimental Lady,0,,1,2.616123377,1,1001,1,1001,61.6,0,0
129550439,AUS / Town (AUS) 7th Feb,TO BE PLACED,07/02/2017 09:15,12047377,9. Sweet Roxette,0,,1,3,1,1001,1,1001,12.34,0,0
129550359,AUS / Lism (AUS) 7th Feb,TO BE PLACED,07/02/2017 09:08,12058617,8. Pawlee,1,,1,1.999191074,1,1001,1,1001,28.68,0,0
129551474,BAGS Cards / Newc 7th Feb,TO BE PLACED,07/02/2017 19:32,12011699,4. How You Bark,0,1.965,1,1,1,1001,1,1001,0,0,0
129551466,BAGS Cards / Newc 7th Feb,TO BE PLACED,07/02/2017 18:28,12142768,4. Clem Fandango,0,2.56,1,1,1,1001,1,1001,0,0,0
129551802,Televised Cards / Harl 7th Feb,TO BE PLACED,07/02/2017 19:54,12275152,2. Highams Royal,1,2.945,1,1,1,1001,1,1001,0,0,0
129549975,AUS / Bend (AUS) 7th Feb,TO BE PLACED,07/02/2017 07:25,12272339,3. Puffin Stuff,0,,1,2.971021127,1,1001,1,1001,22.72,0,0
129550445,AUS / Town (AUS) 7th Feb,TO BE PLACED,07/02/2017 10:15,12280551,8. Fancy Red,1,,1,3.963601036,1,1001,1,1001,77.2,0,0
129549983,AUS / Geel (AUS) 7th Feb,TO BE PLACED,07/02/2017 04:11,12247228,7. Grey Grouse,0,,1,5.5,1,1001,1,1001,8.58,0,0
129550114,AUS / Gosf (AUS) 7th Feb,TO BE PLACED,07/02/2017 07:57,12238770,5. Fat Boys Baby,1,,1,1.631987633,1,1001,1,1001,67.92,0,0
129551451,BAGS Cards / Sund 7th Feb,TO BE PLACED,07/02/2017 16:37,12233255,2. Tyrian Dolly,1,2.74,1,1,1,1001,1,1001,0,0,0
129550387,AUS / Mand (AUS) 7th Feb,TO BE PLACED,07/02/2017 13:12,12485583,7. Bwana Rama,0,,1,1,1,1001,1,1001,0,0,0
129551808,Televised Cards / Harl 7th Feb,TO BE PLACED,07/02/2017 20:42,12482527,1. Village Gossip,1,1.400008471,1,1,1,1001,1,1001,0,0,0
129551425,BAGS Cards / Nott 7th Feb,TO BE PLACED,07/02/2017 12:32,12482033,5. Hilldun Messi,0,2.195718063,1,1,1,1001,1,1001,0,0,0
129549985,AUS / Geel (AUS) 7th Feb,TO BE PLACED,07/02/2017 04:32,12485176,8. Good Gone Bad,1,,1,1.993597222,1,1001,1,1001,460.8,0,0
129549963,AUS / Bend (AUS) 7th Feb,TO BE PLACED,07/02/2017 05:22,12485232,7. Liscoyle Lady,0,,1,8.596913079,1,1001,1,1001,24.62,0,0
129550066,AUS / Wgul (AUS) 7th Feb,TO BE PLACED,07/02/2017 08:25,12485264,9. Fugitive Bale,1,,1,2.176797869,1,1001,1,1001,67.58,0,0
129549975,AUS / Bend (AUS) 7th Feb,TO BE PLACED,07/02/2017 07:25,12485295,4. Aston Viva,1,,1,1.854740796,1,1001,1,1001,26.62,0,0
129550353,AUS / Lism (AUS) 7th Feb,TO BE PLACED,07/02/2017 08:28,12485308,4. Bogan Dancer,0,,1,1.684601399,1,1001,1,1001,28.6,0,0
129551486,BAGS Cards / Newc 7th Feb,TO BE PLACED,07/02/2017 21:07,12482210,6. Laneboy She,0,4.25,1,1,1,1001,1,1001,0,0,0
129551484,BAGS Cards / Newc 7th Feb,TO BE PLACED,07/02/2017 20:52,12489348,5. Midweek Mayhem (Res),0,4.7,1,1,1,1001,1,1001,0,0,0
129550937,AUS / AnPk (AUS) 7th Feb,TO BE PLACED,07/02/2017 02:24,7558959,6. Wild Soul,1,,1,1.54980657,1,1001,1,1001,185.08,0,0
129551863,BAGS Cards / Crayfd 7th Feb,TO BE PLACED,07/02/2017 17:07,8547083,5. King Pat,0,4.4,1,1,1,1001,1,1001,0,0,0
129550971,AUS / AnPk (AUS) 7th Feb,TO BE PLACED,07/02/2017 04:22,9026572,3. Emerley Avenue,0,,1,11,1,1001,1,1001,7.18,0,0
129551916,BAGS Cards / Sheff 7th Feb,TO BE PLACED,07/02/2017 21:17,9111004,5. Turbo Boats,0,5.6,1,1,1,1001,1,1001,0,0,0
129551827,BAGS Cards / PBarr 7th Feb,TO BE PLACED,07/02/2017 11:57,9336555,3. Murleys Jill,1,2.773005535,1,1,1,1001,1,1001,0,0,0
129551875,BAGS Cards / Kinsl 7th Feb,TO BE PLACED,07/02/2017 18:49,9592847,4. Exotic Warrior,0,3.85,1,1,1,1001,1,1001,0,0,0
129551427,BAGS Cards / Nott 7th Feb,TO BE PLACED,07/02/2017 12:47,10220798,5. Go Mel Go,1,2.58,1,1,1,1001,1,1001,0,0,0
129550134,AUS / Gosf (AUS) 7th Feb,TO BE PLACED,07/02/2017 11:22,10413615,1. Ocarina,0,,1,1,1,1001,1,1001,0,0,0
129551816,Televised Cards / Harl 7th Feb,TO BE PLACED,07/02/2017 21:48,10620774,6. Far Away Eyes,1,3.15,1,1,1,1001,1,1001,0,0,0
129551861,BAGS Cards / Crayfd 7th Feb,TO BE PLACED,07/02/2017 16:47,10572243,2. Knockglass Rose,0,4.5,1,1,1,1001,1,1001,0,0,0
129550552,AUS / Devn (AUS) 7th Feb,TO BE PLACED,07/02/2017 03:17,10728730,6. Lil Miss Marny,1,,1,2,1,1001,1,1001,6.14,0,0
129551912,BAGS Cards / Sheff 7th Feb,TO BE PLACED,07/02/2017 20:47,10777639,2. Yahoo Siobhan,0,2.56345582,1,1,1,1001,1,1001,0,0,0
129551847,BAGS Cards / Crayfd 7th Feb,TO BE PLACED,07/02/2017 14:27,10678611,4. Droopys Repton,0,6.2,1,1,1,1001,1,1001,0,0,0
129551470,BAGS Cards / Newc 7th Feb,TO BE PLACED,07/02/2017 19:01,10868721,4. Nightingale Lady,0,6.028170178,1,1,1,1001,1,1001,0,0,0
129551421,BAGS Cards / Nott 7th Feb,TO BE PLACED,07/02/2017 12:04,11226319,2. Alfie Not To Far,0,2.1,1,1,1,1001,1,1001,0,0,0
129550355,AUS / Lism (AUS) 7th Feb,TO BE PLACED,07/02/2017 08:48,11208398,5. Miss Lynbra,0,,1,3.112710356,1,1001,1,1001,24.72,0,0
129549979,AUS / Bend (AUS) 7th Feb,TO BE PLACED,07/02/2017 08:15,11301359,8. Dyna Flash,0,,1,3.4,1,1001,1,1001,19.56,0,0
129551898,BAGS Cards / Sheff 7th Feb,TO BE PLACED,07/02/2017 18:56,11311243,3. Night Of Thunder,0,10.5,1,1,1,1001,1,1001,0,0,0
129551470,BAGS Cards / Newc 7th Feb,TO BE PLACED,07/02/2017 19:01,11312165,6. Boynepark Turbo,0,2.69,1,1,1,1001,1,1001,0,0,0
129551792,Televised Cards / Towc 7th Feb,TO BE PLACED,07/02/2017 21:56,11433247,6. Lowgate Malfoy,0,3.9,1,1,1,1001,1,1001,0,0,0
129551845,BAGS Cards / Crayfd 7th Feb,TO BE PLACED,07/02/2017 14:08,12112744,3. Rathduff Cat,0,3.0325,1,1,1,1001,1,1001,0,0,0
129551794,Televised Cards / Towc 7th Feb,TO BE PLACED,07/02/2017 22:11,12178852,1. Blackstone Jovi,1,1.84,1,1,1,1001,1,1001,0,0,0
129550126,AUS / Gosf (AUS) 7th Feb,TO BE PLACED,07/02/2017 09:58,12114659,2. Kid Friendly,0,,1,1.84,1,1001,1,1001,12.34,0,0
129549965,AUS / Bend (AUS) 7th Feb,TO BE PLACED,07/02/2017 05:47,12148102,5. Carlanna Casey,0,,1,4.4,1,1001,1,1001,6.16,0,0
129551914,BAGS Cards / Sheff 7th Feb,TO BE PLACED,07/02/2017 21:02,12275341,6. Coney Kracken,0,3.6,1,1,1,1001,1,1001,0,0,0
129549991,AUS / Geel (AUS) 7th Feb,TO BE PLACED,07/02/2017 05:32,12259540,4. Emgee Sprinter,0,,1,25.15783476,1,1001,1,1001,21.06,0,0
129551810,Televised Cards / Harl 7th Feb,TO BE PLACED,07/02/2017 20:58,12279112,2. Redstone Depay,1,2.66,1,1,1,1001,1,1001,0,0,0
129551816,Televised Cards / Harl 7th Feb,TO BE PLACED,07/02/2017 21:48,12233159,2. Starcash Jay,0,1.885,1,1,1,1001,1,1001,0,0,0
129549973,AUS / Bend (AUS) 7th Feb,TO BE PLACED,07/02/2017 07:07,12401990,7. Allen Indy,0,,1,1.62,1,1001,1,1001,4,0,0
129549967,AUS / Bend (AUS) 7th Feb,TO BE PLACED,07/02/2017 06:09,12433271,6. Yarraman Ace,1,,1,1.199696858,1,1001,1,1001,54.1,0,0
129551847,BAGS Cards / Crayfd 7th Feb,TO BE PLACED,07/02/2017 14:27,12443728,5. Liberty Queen,0,1.92,1,1,1,1001,1,1001,0,0,0
129550387,AUS / Mand (AUS) 7th Feb,TO BE PLACED,07/02/2017 13:12,12485582,2. Bedrock Gundi,0,,1,1,1,1001,1,1001,0,0,0
129551812,Televised Cards / Harl 7th Feb,TO BE PLACED,07/02/2017 21:15,12482543,6. Boyneviewfantasy,0,2.32,1,1,1,1001,1,1001,0,0,0
129551879,BAGS Cards / Kinsl 7th Feb,TO BE PLACED,07/02/2017 19:22,12482102,6. Clogher West,1,2.393669203,1,1,1,1001,1,1001,0,0,0
129551441,BAGS Cards / Sund 7th Feb,TO BE PLACED,07/02/2017 14:57,12444249,2. No News,1,7.048506607,1,1,1,1001,1,1001,0,0,0
129550546,AUS / Devn (AUS) 7th Feb,TO BE PLACED,07/02/2017 02:17,12484990,7. Nova Achiever,0,,1,4.459061288,1,1001,1,1001,25.78,0,0
129550558,AUS / Devn (AUS) 7th Feb,TO BE PLACED,07/02/2017 04:14,12484996,1. Tecoma Skilda,1,,1,1.711841693,1,1001,1,1001,25.52,0,0
129549987,AUS / Geel (AUS) 7th Feb,TO BE PLACED,07/02/2017 04:51,12485177,1. Graphite Jack,0,,1,2.187011154,1,1001,1,1001,114.76,0,0
129549965,AUS / Bend (AUS) 7th Feb,TO BE PLACED,07/02/2017 05:47,12485272,10. Cullquin Nikki,0,,1,19.8,1,1001,1,1001,24.6,0,0
129550353,AUS / Lism (AUS) 7th Feb,TO BE PLACED,07/02/2017 08:28,12485310,8. Bella Lyndan,1,,1,1.542627355,1,1001,1,1001,179.42,0,0
129550369,AUS / Lism (AUS) 7th Feb,TO BE PLACED,07/02/2017 10:08,12485314,1. Benne Fortuna,1,,1,1.292030997,1,1001,1,1001,148.4,0,0
129550519,AUS / Ipsw (AUS) 7th Feb,TO BE PLACED,07/02/2017 05:14,12485510,7. Adam Rose Hi,1,,1,2.131057113,1,1001,1,1001,96.3,0,0
129550443,AUS / Town (AUS) 7th Feb,TO BE PLACED,07/02/2017 09:55,12485551,4. Burner Bant,0,,1,2.191681416,1,1001,1,1001,13.56,0,0
129551480,BAGS Cards / Newc 7th Feb,TO BE PLACED,07/02/2017 20:19,12482189,3. Tonawillie Jet,0,3.4,1,1,1,1001,1,1001,0,0,0
129551488,BAGS Cards / Newc 7th Feb,TO BE PLACED,07/02/2017 21:22,12448830,5. Fabulous Faith,1,1.915,1,1,1,1001,1,1001,0,0,0
129551478,BAGS Cards / Newc 7th Feb,TO BE PLACED,07/02/2017 20:04,12489346,5. A Bit Of Blanket (Res),0,5.5,1,1,1,1001,1,1001,0,0,0
129551796,Televised Cards / Towc 7th Feb,TO BE PLACED,07/02/2017 22:26,12482813,5. Dinner Carolina,1,2.08,1,1,1,1001,1,1001,0,0,0
129551912,BAGS Cards / Sheff 7th Feb,TO BE PLACED,07/02/2017 20:47,8804662,1. Hi I Amber,0,6.6,1,1,1,1001,1,1001,0,0,0
129550104,AUS / Wgul (AUS) 7th Feb,TO BE PLACED,07/02/2017 10:45,9495455,4. Spokesman,1,,1,1.623555003,1,1001,1,1001,64.36,0,0
129550365,AUS / Lism (AUS) 7th Feb,TO BE PLACED,07/02/2017 09:48,10226016,5. Im A Blue,1,,1,3.108085766,1,1001,1,1001,77.42,0,0
129550095,AUS / Wgul (AUS) 7th Feb,TO BE PLACED,07/02/2017 10:05,10169523,4. Lion Rebel,0,,1,6.013291139,1,1001,1,1001,12.64,0,0
129550124,AUS / Gosf (AUS) 7th Feb,TO BE PLACED,07/02/2017 09:38,10446111,1. Magic Bullet,0,,1,1.921579092,1,1001,1,1001,72.7,0,0
129551849,BAGS Cards / Crayfd 7th Feb,TO BE PLACED,07/02/2017 14:47,10678586,3. Lets Go Again,1,3.9,1,1,1,1001,1,1001,0,0,0
129550451,AUS / Town (AUS) 7th Feb,TO BE PLACED,07/02/2017 11:15,10978761,5. Kerries A Minx,1,,1,1,1,1001,1,1001,0,0,0
129551812,Televised Cards / Harl 7th Feb,TO BE PLACED,07/02/2017 21:15,11530614,4. Clonbrien Mini,0,3.325,1,1,1,1001,1,1001,0,0,0
129551445,BAGS Cards / Sund 7th Feb,TO BE PLACED,07/02/2017 15:38,11666208,6. Ballyshannon Joy,1,3.1,1,1,1,1001,1,1001,0,0,0
129551833,BAGS Cards / PBarr 7th Feb,TO BE PLACED,07/02/2017 12:42,11911059,3. Shahdaroba,0,2.424752267,1,1,1,1001,1,1001,0,0,0
129550943,AUS / AnPk (AUS) 7th Feb,TO BE PLACED,07/02/2017 03:24,12058156,3. Red Lagoon,0,,1,2.76,1,1001,1,1001,1.12,0,0
129550389,AUS / Mand (AUS) 7th Feb,TO BE PLACED,07/02/2017 13:27,12145034,6. Diaz Monelli,0,,1,1,1,1001,1,1001,0,0,0
129551896,BAGS Cards / Sheff 7th Feb,TO BE PLACED,07/02/2017 18:39,12125683,2. Gowan The Beast,0,5.9,1,1,1,1001,1,1001,0,0,0
129551859,BAGS Cards / Crayfd 7th Feb,TO BE PLACED,07/02/2017 16:27,12201543,2. Feora Tully,1,7.5,1,1,1,1001,1,1001,0,0,0
129551865,BAGS Cards / Crayfd 7th Feb,TO BE PLACED,07/02/2017 17:22,12424540,1. Aghareany Magpie,0,2.48,1,1,1,1001,1,1001,0,0,0
129550931,AUS / AnPk (AUS) 7th Feb,TO BE PLACED,07/02/2017 01:28,12484918,6. Stick Shifter,1,,1,1.67,1,1001,1,1001,42.88,0,0
129551443,BAGS Cards / Sund 7th Feb,TO BE PLACED,07/02/2017 15:17,12482348,6. Barntick Diva,0,4.85,1,1,1,1001,1,1001,0,0,0
129551885,BAGS Cards / Kinsl 7th Feb,TO BE PLACED,07/02/2017 20:09,12482115,1. Angie Knows Best,1,2.27,1,1,1,1001,1,1001,0,0,0
129550353,AUS / Lism (AUS) 7th Feb,TO BE PLACED,07/02/2017 08:28,12485309,7. Indominous Dane,0,,1,2.98,1,1001,1,1001,18.44,0,0
129550369,AUS / Lism (AUS) 7th Feb,TO BE PLACED,07/02/2017 10:08,12485317,5. Hardly What,0,,1,3.15,1,1001,1,1001,6,0,0
129550521,AUS / Ipsw (AUS) 7th Feb,TO BE PLACED,07/02/2017 05:39,12485512,3. Choc Latte Cloud,1,,1,1.219626998,1,1001,1,1001,101.34,0,0
129551879,BAGS Cards / Kinsl 7th Feb,TO BE PLACED,07/02/2017 19:22,8690410,1. Geneva Bonnie,1,3.006593347,1,1,1,1001,1,1001,0,0,0
129551863,BAGS Cards / Crayfd 7th Feb,TO BE PLACED,07/02/2017 17:07,8913491,4. Geneva Danny,0,2.239132848,1,1,1,1001,1,1001,0,0,0
129551417,BAGS Cards / Nott 7th Feb,TO BE PLACED,07/02/2017 11:34,9024646,1. Trapper Amanda,1,2.36,1,1,1,1001,1,1001,0,0,0
129551476,BAGS Cards / Newc 7th Feb,TO BE PLACED,07/02/2017 19:48,9103169,1. Sir Henry,0,4.9,1,1,1,1001,1,1001,0,0,0
129551421,BAGS Cards / Nott 7th Feb,TO BE PLACED,07/02/2017 12:04,9258759,5. Jolly Jewels,1,3.5,1,1,1,1001,1,1001,0,0,0
129551415,BAGS Cards / Nott 7th Feb,TO BE PLACED,07/02/2017 11:19,10236490,6. Awayday Rock,1,4.3,1,1,1,1001,1,1001,0,0,0
129550451,AUS / Town (AUS) 7th Feb,TO BE PLACED,07/02/2017 11:15,10195552,6. Crushed Ice,1,,1,1,1,1001,1,1001,0,0,0
129550943,AUS / AnPk (AUS) 7th Feb,TO BE PLACED,07/02/2017 03:24,10148060,6. Mighty Winston,1,,1,2.08,1,1001,1,1001,6.14,0,0
129550116,AUS / Gosf (AUS) 7th Feb,TO BE PLACED,07/02/2017 08:18,10256029,2. Frankies Wham,0,,1,6,1,1001,1,1001,49.4,0,0
129550090,AUS / Wgul (AUS) 7th Feb,TO BE PLACED,07/02/2017 09:45,10433643,5. Lloyd Street,0,,1,4.675984252,1,1001,1,1001,10.16,0,0
129551421,BAGS Cards / Nott 7th Feb,TO BE PLACED,07/02/2017 12:04,10738555,4. Texas Severide,1,8.2,1,1,1,1001,1,1001,0,0,0
129551419,BAGS Cards / Nott 7th Feb,TO BE PLACED,07/02/2017 11:48,10697005,5. So Noble,1,3.25,1,1,1,1001,1,1001,0,0,0
129549971,AUS / Bend (AUS) 7th Feb,TO BE PLACED,07/02/2017 06:49,10791614,2. Judicial Man,1,,1,1.178309823,1,1001,1,1001,77.98,0,0
129550076,AUS / Wgul (AUS) 7th Feb,TO BE PLACED,07/02/2017 08:45,10899594,7. Betta Bale,0,,1,3.75,1,1001,1,1001,0.82,0,0
129551914,BAGS Cards / Sheff 7th Feb,TO BE PLACED,07/02/2017 21:02,10990240,1. Bullfinch Mick,1,2.313750735,1,1,1,1001,1,1001,0,0,0
129551780,Televised Cards / Towc 7th Feb,TO BE PLACED,07/02/2017 20:18,11056202,6. Saltimbanco,0,2.5,1,1,1,1001,1,1001,0,0,0
129551806,Televised Cards / Harl 7th Feb,TO BE PLACED,07/02/2017 20:26,11042488,4. Ryecourt June,1,1.72,1,1,1,1001,1,1001,0,0,0
129550441,AUS / Town (AUS) 7th Feb,TO BE PLACED,07/02/2017 09:35,11269935,7. Rubys Magic,0,,1,4.012596999,1,1001,1,1001,77.32,0,0
129550082,AUS / Wgul (AUS) 7th Feb,TO BE PLACED,07/02/2017 09:05,11246789,1. Galaxy Star,0,,1,2.631342972,1,1001,1,1001,114.82,0,0
129551825,BAGS Cards / PBarr 7th Feb,TO BE PLACED,07/02/2017 11:42,11344203,3. Marshbrook Madam,1,2.191762697,1,1,1,1001,1,1001,0,0,0
129550449,AUS / Town (AUS) 7th Feb,TO BE PLACED,07/02/2017 10:55,11406946,7. Thrilla Stroke,1,,1,1.839044282,1,1001,1,1001,62.78,0,0
129549981,AUS / Bend (AUS) 7th Feb,TO BE PLACED,07/02/2017 08:35,11293985,6. Perfect Rider,0,,1,5.9,1,1001,1,1001,8.2,0,0
129549999,AUS / Geel (AUS) 7th Feb,TO BE PLACED,07/02/2017 06:52,11320159,4. Motors Too Fast,0,,1,65,1,1001,1,1001,8,0,0
129551776,Televised Cards / Towc 7th Feb,TO BE PLACED,07/02/2017 19:47,11738041,3. Musical Lulu,1,1.67,1,1,1,1001,1,1001,0,0,0
129550447,AUS / Town (AUS) 7th Feb,TO BE PLACED,07/02/2017 10:35,11937958,1. Black Mass,0,,1,1.341150186,1,1001,1,1001,123.98,0,0
129551881,BAGS Cards / Kinsl 7th Feb,TO BE PLACED,07/02/2017 19:37,11834702,3. Cotton Rambler,1,2.32,1,1,1,1001,1,1001,0,0,0
129551480,BAGS Cards / Newc 7th Feb,TO BE PLACED,07/02/2017 20:19,12031473,5. Romeo Kinloch,0,2.2,1,1,1,1001,1,1001,0,0,0
129551486,BAGS Cards / Newc 7th Feb,TO BE PLACED,07/02/2017 21:07,12142797,3. Crunchie Denise,1,2.94,1,1,1,1001,1,1001,0,0,0
129550383,AUS / Mand (AUS) 7th Feb,TO BE PLACED,07/02/2017 12:32,12194791,3. Pink Keeping,0,,1,1,1,1001,1,1001,0,0,0
129550945,AUS / AnPk (AUS) 7th Feb,TO BE PLACED,07/02/2017 03:47,12140728,5. Precious Tyson,0,,1,3.993563881,1,1001,1,1001,20.82,0,0
129550441,AUS / Town (AUS) 7th Feb,TO BE PLACED,07/02/2017 09:35,12080288,3. Zipping Joker,0,,1,4.7,1,1001,1,1001,1.18,0,0
129550082,AUS / Wgul (AUS) 7th Feb,TO BE PLACED,07/02/2017 09:05,12291403,8. Lilty Allen,0,,1,1.905907176,1,1001,1,1001,2477.8,0,0
129550064,AUS / Wgul (AUS) 7th Feb,TO BE PLACED,07/02/2017 08:05,12330024,8. Nosey,1,,1,1.141464735,1,1001,1,1001,229.12,0,0
129550371,AUS / Mand (AUS) 7th Feb,TO BE PLACED,07/02/2017 11:08,12351608,6. Heliocentric,0,,1,1,1,1001,1,1001,0,0,0
129550349,AUS / Lism (AUS) 7th Feb,TO BE PLACED,07/02/2017 07:48,12413240,4. Galvo,1,,1,2.06,1,1001,1,1001,14.48,0,0
129551896,BAGS Cards / Sheff 7th Feb,TO BE PLACED,07/02/2017 18:39,12482415,3. Honeygar Zeus,1,8.8,1,1,1,1001,1,1001,0,0,0
129549985,AUS / Geel (AUS) 7th Feb,TO BE PLACED,07/02/2017 04:32,12485174,5. Zipping Queen,1,,1,1.752357524,1,1001,1,1001,48.78,0,0
129549997,AUS / Geel (AUS) 7th Feb,TO BE PLACED,07/02/2017 06:34,12485204,6. Winston Cruise,0,,1,3.05,1,1001,1,1001,8.62,0,0
129550003,AUS / Geel (AUS) 7th Feb,TO BE PLACED,07/02/2017 07:33,12485219,5. Maximum Jarvis,0,,1,3.705734633,1,1001,1,1001,26.68,0,0
129550363,AUS / Lism (AUS) 7th Feb,TO BE PLACED,07/02/2017 09:28,12485313,1. Lil Macie Breeze,1,,1,1.516757322,1,1001,1,1001,38.24,0,0
129550116,AUS / Gosf (AUS) 7th Feb,TO BE PLACED,07/02/2017 08:18,12485327,5. Look Us Over,1,,1,1.69,1,1001,1,1001,14.74,0,0
129551869,BAGS Cards / Crayfd 7th Feb,TO BE PLACED,07/02/2017 17:56,12483042,4. Deecees Lion,0,1.985332646,1,1,1,1001,1,1001,0,0,0
129551474,BAGS Cards / Newc 7th Feb,TO BE PLACED,07/02/2017 19:32,12482169,1. Rileys Rosie,0,4.1,1,1,1,1001,1,1001,0,0,0
129551772,Televised Cards / Towc 7th Feb,TO BE PLACED,07/02/2017 19:14,12482741,5. Hoolys Vic,0,6.5,1,1,1,1001,1,1001,0,0,0
129551421,BAGS Cards / Nott 7th Feb,TO BE PLACED,07/02/2017 12:04,8166791,3. Tynwald Movie,0,1.81,1,1,1,1001,1,1001,0,0,0
129551837,BAGS Cards / PBarr 7th Feb,TO BE PLACED,07/02/2017 13:12,8821722,1. Startofanera,0,2.06,1,1,1,1001,1,1001,0,0,0
129551774,Televised Cards / Towc 7th Feb,TO BE PLACED,07/02/2017 19:31,8957175,1. Got To Dance,1,1.948241441,1,1,1,1001,1,1001,0,0,0
129551427,BAGS Cards / Nott 7th Feb,TO BE PLACED,07/02/2017 12:47,9287676,2. Farran Sexton,0,2.34,1,1,1,1001,1,1001,0,0,0
129551453,BAGS Cards / Sund 7th Feb,TO BE PLACED,07/02/2017 16:57,9508129,6. Daras Confirmed,0,2.73,1,1,1,1001,1,1001,0,0,0
129550449,AUS / Town (AUS) 7th Feb,TO BE PLACED,07/02/2017 10:55,10504188,1. Spudnut,0,,1,1.536806812,1,1001,1,1001,37.58,0,0
129551814,Televised Cards / Harl 7th Feb,TO BE PLACED,07/02/2017 21:32,10448651,6. Diesel Mavis,0,1.82,1,1,1,1001,1,1001,0,0,0
129551796,Televised Cards / Towc 7th Feb,TO BE PLACED,07/02/2017 22:26,10571974,6. Sion Spring,0,6.4,1,1,1,1001,1,1001,0,0,0
129551839,BAGS Cards / PBarr 7th Feb,TO BE PLACED,07/02/2017 13:27,10618886,6. Prodigal Ted,0,2.34,1,1,1,1001,1,1001,0,0,0
129551466,BAGS Cards / Newc 7th Feb,TO BE PLACED,07/02/2017 18:28,10609059,6. Alnwick Broxi,1,5.35,1,1,1,1001,1,1001,0,0,0
129551835,BAGS Cards / PBarr 7th Feb,TO BE PLACED,07/02/2017 12:58,10549174,2. Neutron Cindy,0,3.05,1,1,1,1001,1,1001,0,0,0
129549977,AUS / Bend (AUS) 7th Feb,TO BE PLACED,07/02/2017 07:51,10600483,1. Lidos Boy,1,,1,2.30715626,1,1001,1,1001,61.82,0,0
129551788,Televised Cards / Towc 7th Feb,TO BE PLACED,07/02/2017 21:24,10778185,3. Airforce Cluxton,1,1.83,1,1,1,1001,1,1001,0,0,0
129551482,BAGS Cards / Newc 7th Feb,TO BE PLACED,07/02/2017 20:36,10901000,5. Moanteen Rooney,1,2.65,1,1,1,1001,1,1001,0,0,0
129551841,BAGS Cards / PBarr 7th Feb,TO BE PLACED,07/02/2017 13:44,11241377,4. Milady De Winter,1,2.577379549,1,1,1,1001,1,1001,0,0,0
129550560,AUS / Devn (AUS) 7th Feb,TO BE PLACED,07/02/2017 04:39,11251492,6. Betty La Fae,1,,1,1.960576767,1,1001,1,1001,24.62,0,0
129550443,AUS / Town (AUS) 7th Feb,TO BE PLACED,07/02/2017 09:55,11402403,5. Captain Djay,1,,1,6,1,1001,1,1001,49.88,0,0
129550385,AUS / Mand (AUS) 7th Feb,TO BE PLACED,07/02/2017 12:47,11297919,7. Bonbie Lad,0,,1,1,1,1001,1,1001,0,0,0
129550537,AUS / Ipsw (AUS) 7th Feb,TO BE PLACED,07/02/2017 07:37,11435541,1. Look The Part,1,,1,1.75,1,1001,1,1001,2.14,0,0
129549969,AUS / Bend (AUS) 7th Feb,TO BE PLACED,07/02/2017 06:27,11612645,3. Hammer Hawke,1,,1,2.243441558,1,1001,1,1001,24.64,0,0
129550084,AUS / Wgul (AUS) 7th Feb,TO BE PLACED,07/02/2017 09:25,12194679,6. Suffragette,1,,1,1.518243131,1,1001,1,1001,168.14,0,0
129551778,Televised Cards / Towc 7th Feb,TO BE PLACED,07/02/2017 20:02,12178806,3. Hedsor Misty,0,2.24,1,1,1,1001,1,1001,0,0,0
129550537,AUS / Ipsw (AUS) 7th Feb,TO BE PLACED,07/02/2017 07:37,12309233,3. Zafonic Force,0,,1,2.188100559,1,1001,1,1001,14.32,0,0
129551818,Televised Cards / Harl 7th Feb,TO BE PLACED,07/02/2017 22:03,12279099,1. Adamant Ethan,0,7.1,1,1,1,1001,1,1001,0,0,0
129550120,AUS / Gosf (AUS) 7th Feb,TO BE PLACED,07/02/2017 08:58,12215408,8. Brooke Jealous,1,,1,1.82,1,1001,1,1001,6.14,0,0
129551425,BAGS Cards / Nott 7th Feb,TO BE PLACED,07/02/2017 12:32,12428588,3. Salacres Moore,0,1.733887889,1,1,1,1001,1,1001,0,0,0
129549995,AUS / Geel (AUS) 7th Feb,TO BE PLACED,07/02/2017 06:12,12485198,2. Zipping Maro,1,,1,1.52,1,1001,1,1001,0.48,0,0
129550349,AUS / Lism (AUS) 7th Feb,TO BE PLACED,07/02/2017 07:48,12485304,6. Kingsbrae Maria,1,,1,1.591801758,1,1001,1,1001,40.96,0,0
129550439,AUS / Town (AUS) 7th Feb,TO BE PLACED,07/02/2017 09:15,12485535,2. Brother Rob,1,,1,1.268431151,1,1001,1,1001,35.44,0,0
129551883,BAGS Cards / Kinsl 7th Feb,TO BE PLACED,07/02/2017 19:53,8503063,3. Bizzy Katie,0,3.3,1,1,1,1001,1,1001,0,0,0
129551486,BAGS Cards / Newc 7th Feb,TO BE PLACED,07/02/2017 21:07,8940507,1. Queenies Ace,0,2.288534415,1,1,1,1001,1,1001,0,0,0
129551843,BAGS Cards / PBarr 7th Feb,TO BE PLACED,07/02/2017 13:58,9097660,1. Get There Rooney,1,2.86,1,1,1,1001,1,1001,0,0,0
129551829,BAGS Cards / PBarr 7th Feb,TO BE PLACED,07/02/2017 12:12,9438721,3. Shoreroad Prince,0,5.229431947,1,1,1,1001,1,1001,0,0,0
129551818,Televised Cards / Harl 7th Feb,TO BE PLACED,07/02/2017 22:03,9513049,6. Killanin Lizzie,0,3.005,1,1,1,1001,1,1001,0,0,0
129550095,AUS / Wgul (AUS) 7th Feb,TO BE PLACED,07/02/2017 10:05,9590515,1. Pop The Cork,1,,1,1.341215178,1,1001,1,1001,216.1,0,0
129550945,AUS / AnPk (AUS) 7th Feb,TO BE PLACED,07/02/2017 03:47,9554516,4. Laser Illusion,0,,1,3.494171779,1,1001,1,1001,6.52,0,0
129551476,BAGS Cards / Newc 7th Feb,TO BE PLACED,07/02/2017 19:48,9660479,6. Drumna Gin,0,2.54,1,1,1,1001,1,1001,0,0,0
129551774,Televised Cards / Towc 7th Feb,TO BE PLACED,07/02/2017 19:31,10071302,3. Boom Boom Sully,0,2.66,1,1,1,1001,1,1001,0,0,0
129551437,BAGS Cards / Sund 7th Feb,TO BE PLACED,07/02/2017 14:18,10200425,3. Autumn Hotdog,1,3.5,1,1,1,1001,1,1001,0,0,0
129550535,AUS / Ipsw (AUS) 7th Feb,TO BE PLACED,07/02/2017 07:17,10226207,1. Spring Agustus,0,,1,2.455635622,1,1001,1,1001,29.42,0,0
129551835,BAGS Cards / PBarr 7th Feb,TO BE PLACED,07/02/2017 12:58,10331167,6. Leamaneigh Fawn,0,2.38,1,1,1,1001,1,1001,0,0,0
129551480,BAGS Cards / Newc 7th Feb,TO BE PLACED,07/02/2017 20:19,10548613,1. Canny Laura,1,3.7,1,1,1,1001,1,1001,0,0,0
129551904,BAGS Cards / Sheff 7th Feb,TO BE PLACED,07/02/2017 19:43,10738541,2. Swift Fantasia,0,2.52,1,1,1,1001,1,1001,0,0,0
129551893,BAGS Cards / Kinsl 7th Feb,TO BE PLACED,07/02/2017 21:12,10959994,5. Dundrum Honey,1,2.43287306,1,1,1,1001,1,1001,0,0,0
129551839,BAGS Cards / PBarr 7th Feb,TO BE PLACED,07/02/2017 13:27,10934616,3. Sawpit Serenade,0,3.681551366,1,1,1,1001,1,1001,0,0,0
129550441,AUS / Town (AUS) 7th Feb,TO BE PLACED,07/02/2017 09:35,11004261,2. Rhondas Dyno,1,,1,4,1,1001,1,1001,1.4,0,0
129549973,AUS / Bend (AUS) 7th Feb,TO BE PLACED,07/02/2017 07:07,11029084,4. Indi Allen,1,,1,4.6,1,1001,1,1001,12.3,0,0
129551867,BAGS Cards / Crayfd 7th Feb,TO BE PLACED,07/02/2017 17:38,11002418,5. Gortkelly Lee,0,6.3,1,1,1,1001,1,1001,0,0,0
129550379,AUS / Mand (AUS) 7th Feb,TO BE PLACED,07/02/2017 11:48,11277409,3. Lance Lomar,1,,1,1,1,1001,1,1001,0,0,0
129551470,BAGS Cards / Newc 7th Feb,TO BE PLACED,07/02/2017 19:01,11285906,5. Steragel Matt,1,2.23,1,1,1,1001,1,1001,0,0,0
129551902,BAGS Cards / Sheff 7th Feb,TO BE PLACED,07/02/2017 19:27,11310326,4. Fault Finder,0,6.6,1,1,1,1001,1,1001,0,0,0
129550090,AUS / Wgul (AUS) 7th Feb,TO BE PLACED,07/02/2017 09:45,11297784,3. Our First Lady,1,,1,4.20625,1,1001,1,1001,38.4,0,0
129551898,BAGS Cards / Sheff 7th Feb,TO BE PLACED,07/02/2017 18:56,11432886,6. Youre In Charge,0,10.75,1,1,1,1001,1,1001,0,0,0
129551889,BAGS Cards / Kinsl 7th Feb,TO BE PLACED,07/02/2017 20:41,11442106,2. Quoin Prince,0,2.74,1,1,1,1001,1,1001,0,0,0
129551800,Televised Cards / Harl 7th Feb,TO BE PLACED,07/02/2017 19:39,11477112,3. Dance Mateo,0,14.5,1,1,1,1001,1,1001,0,0,0
129551429,BAGS Cards / Nott 7th Feb,TO BE PLACED,07/02/2017 13:04,11829660,5. Willies City,1,3.05,1,1,1,1001,1,1001,0,0,0
129550359,AUS / Lism (AUS) 7th Feb,TO BE PLACED,07/02/2017 09:08,11735717,3. Open Mind,0,,1,2.86,1,1001,1,1001,24.68,0,0
129551912,BAGS Cards / Sheff 7th Feb,TO BE PLACED,07/02/2017 20:47,12142906,4. Tullymurry Utah,0,5.4,1,1,1,1001,1,1001,0,0,0
129551912,BAGS Cards / Sheff 7th Feb,TO BE PLACED,07/02/2017 20:47,12142907,5. Walk Tall,0,3.1,1,1,1,1001,1,1001,0,0,0
129551463,BAGS Cards / Sund 7th Feb,TO BE PLACED,07/02/2017 18:18,12081823,6. Colla Walla,1,3.25,1,1,1,1001,1,1001,0,0,0
129550387,AUS / Mand (AUS) 7th Feb,TO BE PLACED,07/02/2017 13:12,12194793,6. Launch Catapults,0,,1,1,1,1001,1,1001,0,0,0
129551827,BAGS Cards / PBarr 7th Feb,TO BE PLACED,07/02/2017 11:57,12094457,1. Dog Of Steel,0,4.35,1,1,1,1001,1,1001,0,0,0
129551831,BAGS Cards / PBarr 7th Feb,TO BE PLACED,07/02/2017 12:27,12393419,3. Bit View Megan,0,4.052782017,1,1,1,1001,1,1001,0,0,0
129551800,Televised Cards / Harl 7th Feb,TO BE PLACED,07/02/2017 19:39,12482503,1. Adamant Ellsie,0,3.25,1,1,1,1001,1,1001,0,0,0
129551877,BAGS Cards / Kinsl 7th Feb,TO BE PLACED,07/02/2017 19:06,12482095,5. Feora Patches,1,3.45,1,1,1,1001,1,1001,0,0,0
129550542,AUS / Devn (AUS) 7th Feb,TO BE PLACED,07/02/2017 01:39,12484974,1. Marlows Angel,1,,1,1.596908333,1,1001,1,1001,225.38,0,0
129550003,AUS / Geel (AUS) 7th Feb,TO BE PLACED,07/02/2017 07:33,12485217,3. Zelemar Jim,0,,1,2.34,1,1001,1,1001,6.16,0,0
129549975,AUS / Bend (AUS) 7th Feb,TO BE PLACED,07/02/2017 07:25,12485296,6. Wait There,1,,1,1.367991593,1,1001,1,1001,42.82,0,0
129550359,AUS / Lism (AUS) 7th Feb,TO BE PLACED,07/02/2017 09:08,12485312,5. Shakey Design,0,,1,5.050364964,1,1001,1,1001,2.74,0,0
129550521,AUS / Ipsw (AUS) 7th Feb,TO BE PLACED,07/02/2017 05:39,12485511,2. Need Some Speed,1,,1,1.981981245,1,1001,1,1001,83.18,0,0
129551827,BAGS Cards / PBarr 7th Feb,TO BE PLACED,07/02/2017 11:57,12482688,6. Overdale George,0,3.105,1,1,1,1001,1,1001,0,0,0
129551449,BAGS Cards / Sund 7th Feb,TO BE PLACED,07/02/2017 16:18,8754105,3. Caulry Linda,0,5,1,1,1,1001,1,1001,0,0,0
129551786,Televised Cards / Towc 7th Feb,TO BE PLACED,07/02/2017 21:06,9354081,1. Roseville Bolt,1,2.91,1,1,1,1001,1,1001,0,0,0
129550104,AUS / Wgul (AUS) 7th Feb,TO BE PLACED,07/02/2017 10:45,9474368,2. Get Along Daisy,0,,1,3.993825,1,1001,1,1001,200,0,0
129550090,AUS / Wgul (AUS) 7th Feb,TO BE PLACED,07/02/2017 09:45,10043577,1. Black Pontiac,1,,1,1.643114149,1,1001,1,1001,54.14,0,0
129551435,BAGS Cards / Nott 7th Feb,TO BE PLACED,07/02/2017 13:51,10131731,2. Donour Barry,0,3,1,1,1,1001,1,1001,0,0,0
129550455,AUS / Town (AUS) 7th Feb,TO BE PLACED,07/02/2017 11:57,10244996,1. Whats Forever,0,,1,1,1,1001,1,1001,0,0,0
129550449,AUS / Town (AUS) 7th Feb,TO BE PLACED,07/02/2017 10:55,10187354,5. Amys Elite,0,,1,5.7,1,1001,1,1001,6.9,0,0
129550533,AUS / Ipsw (AUS) 7th Feb,TO BE PLACED,07/02/2017 06:59,10511327,2. Dusty Way,1,,1,2.410362069,1,1001,1,1001,46.4,0,0
129550937,AUS / AnPk (AUS) 7th Feb,TO BE PLACED,07/02/2017 02:24,10469870,4. Instant Allen,0,,1,2.747400252,1,1001,1,1001,47.62,0,0
129550122,AUS / Gosf (AUS) 7th Feb,TO BE PLACED,07/02/2017 09:18,10521766,2. Media Icon,0,,1,2.3,1,1001,1,1001,7.4,0,0
129549963,AUS / Bend (AUS) 7th Feb,TO BE PLACED,07/02/2017 05:22,10531528,2. How Good She,0,,1,15.5,1,1001,1,1001,20,0,0
129551415,BAGS Cards / Nott 7th Feb,TO BE PLACED,07/02/2017 11:19,10569855,5. Capla Porter,0,2.56,1,1,1,1001,1,1001,0,0,0
129550451,AUS / Town (AUS) 7th Feb,TO BE PLACED,07/02/2017 11:15,10727276,1. Neville Rose,1,,1,1,1,1001,1,1001,0,0,0
129551902,BAGS Cards / Sheff 7th Feb,TO BE PLACED,07/02/2017 19:27,10777625,6. Stay Lucky,0,1.921601774,1,1,1,1001,1,1001,0,0,0
129551792,Televised Cards / Towc 7th Feb,TO BE PLACED,07/02/2017 21:56,10708418,2. Barricane Tiger,1,1.262751938,1,1,1,1001,1,1001,0,0,0
129550124,AUS / Gosf (AUS) 7th Feb,TO BE PLACED,07/02/2017 09:38,10866600,4. Joker Jake,1,,1,3.95,1,1001,1,1001,21.66,0,0
129551786,Televised Cards / Towc 7th Feb,TO BE PLACED,07/02/2017 21:06,10844557,5. Swift Dante,0,1.881325837,1,1,1,1001,1,1001,0,0,0
129551419,BAGS Cards / Nott 7th Feb,TO BE PLACED,07/02/2017 11:48,10935607,4. Tynwald Urzula,1,2.2,1,1,1,1001,1,1001,0,0,0
129550095,AUS / Wgul (AUS) 7th Feb,TO BE PLACED,07/02/2017 10:05,11029149,7. Shellington,1,,1,4.433055266,1,1001,1,1001,19.18,0,0
129550359,AUS / Lism (AUS) 7th Feb,TO BE PLACED,07/02/2017 09:08,10997768,7. Mitchie Madam,1,,1,1.598069879,1,1001,1,1001,70.98,0,0
129549969,AUS / Bend (AUS) 7th Feb,TO BE PLACED,07/02/2017 06:27,11155774,1. Beejays Atom,0,,1,1.358994186,1,1001,1,1001,68.8,0,0
129550109,AUS / Wgul (AUS) 7th Feb,TO BE PLACED,07/02/2017 11:05,11376824,8. Elrond Bale,1,,1,1,1,1001,1,1001,0,0,0
129551461,BAGS Cards / Sund 7th Feb,TO BE PLACED,07/02/2017 18:04,11413674,1. Wee Betsey,1,3.45,1,1,1,1001,1,1001,0,0,0
129549969,AUS / Bend (AUS) 7th Feb,TO BE PLACED,07/02/2017 06:27,11618497,5. Onya Grover,1,,1,1.393448276,1,1001,1,1001,6.96,0,0
129551792,Televised Cards / Towc 7th Feb,TO BE PLACED,07/02/2017 21:56,12038572,1. Mallogs Legend,0,6.8,1,1,1,1001,1,1001,0,0,0
129551835,BAGS Cards / PBarr 7th Feb,TO BE PLACED,07/02/2017 12:58,12012594,5. Violet Dancer,1,2.4,1,1,1,1001,1,1001,0,0,0
129551881,BAGS Cards / Kinsl 7th Feb,TO BE PLACED,07/02/2017 19:37,12055714,2. Miss Mags,0,3.9,1,1,1,1001,1,1001,0,0,0
129551776,Televised Cards / Towc 7th Feb,TO BE PLACED,07/02/2017 19:47,12178796,5. Shreyas Spectre,0,2.685436251,1,1,1,1001,1,1001,0,0,0
129550126,AUS / Gosf (AUS) 7th Feb,TO BE PLACED,07/02/2017 09:58,12148186,8. Far A Part,0,,1,1.61,1,1001,1,1001,9.26,0,0
129550104,AUS / Wgul (AUS) 7th Feb,TO BE PLACED,07/02/2017 10:45,12264280,3. Tycore Lad,0,,1,2.834913337,1,1001,1,1001,162.7,0,0
129550539,AUS / Ipsw (AUS) 7th Feb,TO BE PLACED,07/02/2017 07:54,12242061,1. Gunnys Runner,0,,1,2.005787606,1,1001,1,1001,84.56,0,0
129551904,BAGS Cards / Sheff 7th Feb,TO BE PLACED,07/02/2017 19:43,12284208,1. Bit View Alan,0,2.36,1,1,1,1001,1,1001,0,0,0
129551417,BAGS Cards / Nott 7th Feb,TO BE PLACED,07/02/2017 11:34,12275048,4. Sherkin Sky,0,2.78,1,1,1,1001,1,1001,0,0,0
129550517,AUS / Ipsw (AUS) 7th Feb,TO BE PLACED,07/02/2017 04:54,12337916,4. Phonics,0,,1,6.136772983,1,1001,1,1001,10.66,0,0
129550114,AUS / Gosf (AUS) 7th Feb,TO BE PLACED,07/02/2017 07:57,12365595,3. Go Madam Go,0,,1,13.22747567,1,1001,1,1001,34.94,0,0
129549987,AUS / Geel (AUS) 7th Feb,TO BE PLACED,07/02/2017 04:51,12356540,3. Queen La Fipa,0,,1,2.42,1,1001,1,1001,30.82,0,0
129550118,AUS / Gosf (AUS) 7th Feb,TO BE PLACED,07/02/2017 08:38,12370828,6. Just Savannah,1,,1,3.866583748,1,1001,1,1001,36.18,0,0
129551445,BAGS Cards / Sund 7th Feb,TO BE PLACED,07/02/2017 15:38,12415528,2. State Visit,1,12.07212634,1,1,1,1001,1,1001,0,0,0
129551804,Televised Cards / Harl 7th Feb,TO BE PLACED,07/02/2017 20:10,12482518,4. Carrig Dip,0,7.2,1,1,1,1001,1,1001,0,0,0
129549999,AUS / Geel (AUS) 7th Feb,TO BE PLACED,07/02/2017 06:52,12485209,8. Bellachino,0,,1,4.3,1,1001,1,1001,10.32,0,0
129549961,AUS / Bend (AUS) 7th Feb,TO BE PLACED,07/02/2017 05:07,12485226,1. Mutant,1,,1,1.171152605,1,1001,1,1001,43.38,0,0
129550116,AUS / Gosf (AUS) 7th Feb,TO BE PLACED,07/02/2017 08:18,12485326,4. Stellrizeo,0,,1,3.95,1,1001,1,1001,6.3,0,0
129550367,AUS / Mand (AUS) 7th Feb,TO BE PLACED,07/02/2017 10:52,12485563,4. Blue Velvet,0,,1,1.531214188,1,1001,1,1001,14.66,0,0
129551484,BAGS Cards / Newc 7th Feb,TO BE PLACED,07/02/2017 20:52,12482199,1. Cu Sith Rachel,1,2.49,1,1,1,1001,1,1001,0,0,0
129551845,BAGS Cards / Crayfd 7th Feb,TO BE PLACED,07/02/2017 14:08,8422580,6. Any Number,0,3.35,1,1,1,1001,1,1001,0,0,0
129551788,Televised Cards / Towc 7th Feb,TO BE PLACED,07/02/2017 21:24,8579067,1. Force Ten,0,2.145723377,1,1,1,1001,1,1001,0,0,0
129551488,BAGS Cards / Newc 7th Feb,TO BE PLACED,07/02/2017 21:22,8959550,6. Queenies Wee One,0,2.51,1,1,1,1001,1,1001,0,0,0
129551839,BAGS Cards / PBarr 7th Feb,TO BE PLACED,07/02/2017 13:27,8971623,2. Swift Sushi,0,3.6,1,1,1,1001,1,1001,0,0,0
129551889,BAGS Cards / Kinsl 7th Feb,TO BE PLACED,07/02/2017 20:41,9106385,5. Adamant Apolo,1,2.96,1,1,1,1001,1,1001,0,0,0
129550971,AUS / AnPk (AUS) 7th Feb,TO BE PLACED,07/02/2017 04:22,9439943,5. Australasian Tab,0,,1,2.382068966,1,1001,1,1001,58,0,0
129551887,BAGS Cards / Kinsl 7th Feb,TO BE PLACED,07/02/2017 20:24,9508780,1. Tullymurry Time,1,2.21,1,1,1,1001,1,1001,0,0,0
129550971,AUS / AnPk (AUS) 7th Feb,TO BE PLACED,07/02/2017 04:22,9654476,6. Gee Boy,1,,1,3.033544593,1,1001,1,1001,61.22,0,0
129551812,Televised Cards / Harl 7th Feb,TO BE PLACED,07/02/2017 21:15,10400634,5. Swift Slaney,1,2.32,1,1,1,1001,1,1001,0,0,0
129551900,BAGS Cards / Sheff 7th Feb,TO BE PLACED,07/02/2017 19:11,10452727,2. Amelias Lady,0,6.6,1,1,1,1001,1,1001,0,0,0
129551488,BAGS Cards / Newc 7th Feb,TO BE PLACED,07/02/2017 21:22,10690750,1. A Bit Of Gold,0,2.739566739,1,1,1,1001,1,1001,0,0,0
129551821,BAGS Cards / PBarr 7th Feb,TO BE PLACED,07/02/2017 11:11,10863705,2. Ooaar Hes Ok,1,2.5,1,1,1,1001,1,1001,0,0,0
129550449,AUS / Town (AUS) 7th Feb,TO BE PLACED,07/02/2017 10:55,10944682,6. Asa Abbandando,1,,1,3.4,1,1001,1,1001,5.74,0,0
129551427,BAGS Cards / Nott 7th Feb,TO BE PLACED,07/02/2017 12:47,11136415,6. Wind Trap,0,4.075,1,1,1,1001,1,1001,0,0,0
129550355,AUS / Lism (AUS) 7th Feb,TO BE PLACED,07/02/2017 08:48,11125396,8. Tricksters Son,0,,1,2.833817787,1,1001,1,1001,55.32,0,0
129550082,AUS / Wgul (AUS) 7th Feb,TO BE PLACED,07/02/2017 09:05,11036481,5. Krav Maga,0,,1,2.592319096,1,1001,1,1001,56.66,0,0
129551457,BAGS Cards / Sund 7th Feb,TO BE PLACED,07/02/2017 17:33,11312013,3. Autumn Mindy,1,2.47,1,1,1,1001,1,1001,0,0,0
129551816,Televised Cards / Harl 7th Feb,TO BE PLACED,07/02/2017 21:48,11385063,5. Boise Idaho,0,6.6,1,1,1,1001,1,1001,0,0,0
129551823,BAGS Cards / PBarr 7th Feb,TO BE PLACED,07/02/2017 11:28,11306935,4. The Unwashed,0,3.925,1,1,1,1001,1,1001,0,0,0
129550441,AUS / Town (AUS) 7th Feb,TO BE PLACED,07/02/2017 09:35,11489315,8. Amarda,0,,1,2.256783398,1,1001,1,1001,30.84,0,0
129550537,AUS / Ipsw (AUS) 7th Feb,TO BE PLACED,07/02/2017 07:37,12015007,4. Aston Danger,1,,1,1.937617978,1,1001,1,1001,17.8,0,0
129551466,BAGS Cards / Newc 7th Feb,TO BE PLACED,07/02/2017 18:28,12011700,5. A Bit Of Neville,0,3.525,1,1,1,1001,1,1001,0,0,0
129551810,Televised Cards / Harl 7th Feb,TO BE PLACED,07/02/2017 20:58,12142650,3. Seven Wonders,0,3.175,1,1,1,1001,1,1001,0,0,0
129551486,BAGS Cards / Newc 7th Feb,TO BE PLACED,07/02/2017 21:07,12091549,4. Sparta Mcgregor,0,2.56,1,1,1,1001,1,1001,0,0,0
129551482,BAGS Cards / Newc 7th Feb,TO BE PLACED,07/02/2017 20:36,12098228,2. Crooks Heidi,1,2.031742009,1,1,1,1001,1,1001,0,0,0
129551875,BAGS Cards / Kinsl 7th Feb,TO BE PLACED,07/02/2017 18:49,12095024,6. Fatboyz Luke,1,1.733600355,1,1,1,1001,1,1001,0,0,0
129550544,AUS / Devn (AUS) 7th Feb,TO BE PLACED,07/02/2017 01:54,12204626,2. Manila Blue,1,,1,1.987826087,1,1001,1,1001,13.8,0,0
129550525,AUS / Ipsw (AUS) 7th Feb,TO BE PLACED,07/02/2017 06:19,12396472,1. Spring Nakano,0,,1,1.598223684,1,1001,1,1001,48.64,0,0
129550132,AUS / Gosf (AUS) 7th Feb,TO BE PLACED,07/02/2017 10:58,12361414,2. Lord Jack,1,,1,1.1,1,1001,1,1001,1.22,0,0
129551855,BAGS Cards / Crayfd 7th Feb,TO BE PLACED,07/02/2017 15:48,12443733,4. Greenlane Jack,0,2.33346217,1,1,1,1001,1,1001,0,0,0
129551855,BAGS Cards / Crayfd 7th Feb,TO BE PLACED,07/02/2017 15:48,12443735,6. Boxoffice Queen,1,3.1,1,1,1,1001,1,1001,0,0,0
129549987,AUS / Geel (AUS) 7th Feb,TO BE PLACED,07/02/2017 04:51,12485180,8. Aston Boak,1,,1,1.676155199,1,1001,1,1001,90.98,0,0
129549965,AUS / Bend (AUS) 7th Feb,TO BE PLACED,07/02/2017 05:47,12485270,1. Alcyone,1,,1,1.8,1,1001,1,1001,71.84,0,0
129550517,AUS / Ipsw (AUS) 7th Feb,TO BE PLACED,07/02/2017 04:54,12485507,7. Heartland Flash,0,,1,5.131818182,1,1001,1,1001,9.68,0,0
129550361,AUS / Mand (AUS) 7th Feb,TO BE PLACED,07/02/2017 10:32,12485557,4. Rocky Gee Rocks,1,,1,1.228778833,1,1001,1,1001,14.74,0,0
129551861,BAGS Cards / Crayfd 7th Feb,TO BE PLACED,07/02/2017 16:47,12483018,4. Deecees Jet,0,2.39,1,1,1,1001,1,1001,0,0,0
129549997,AUS / Geel (AUS) 7th Feb,TO BE PLACED,07/02/2017 06:34,12450664,4. Queen Allen,0,,1,5.855837341,1,1001,1,1001,137.22,0,0
129551837,BAGS Cards / PBarr 7th Feb,TO BE PLACED,07/02/2017 13:12,12482717,5. Roundini,0,4,1,1,1,1001,1,1001,0,0,0
129549999,AUS / Geel (AUS) 7th Feb,TO BE PLACED,07/02/2017 06:52,3717149,1. Baba Oriley,0,,1,4.575259875,1,1001,1,1001,9.62,0,0
129551829,BAGS Cards / PBarr 7th Feb,TO BE PLACED,07/02/2017 12:12,7743035,6. Geneva Billy,1,3.35,1,1,1,1001,1,1001,0,0,0
129551843,BAGS Cards / PBarr 7th Feb,TO BE PLACED,07/02/2017 13:58,8421722,2. Hi There Richie,0,1.569475994,1,1,1,1001,1,1001,0,0,0
129551816,Televised Cards / Harl 7th Feb,TO BE PLACED,07/02/2017 21:48,8989775,3. Aero Soldier,0,2.56,1,1,1,1001,1,1001,0,0,0
129551829,BAGS Cards / PBarr 7th Feb,TO BE PLACED,07/02/2017 12:12,9138348,4. Highfire Swift,0,2.154997663,1,1,1,1001,1,1001,0,0,0
129551796,Televised Cards / Towc 7th Feb,TO BE PLACED,07/02/2017 22:26,9215958,1. Moopaige Larlee,1,2.66,1,1,1,1001,1,1001,0,0,0
129551916,BAGS Cards / Sheff 7th Feb,TO BE PLACED,07/02/2017 21:17,9519573,4. Loop The Loop,0,3.85,1,1,1,1001,1,1001,0,0,0
129551898,BAGS Cards / Sheff 7th Feb,TO BE PLACED,07/02/2017 18:56,10110420,2. Worsboro Spectre,1,1.661391811,1,1,1,1001,1,1001,0,0,0
129551419,BAGS Cards / Nott 7th Feb,TO BE PLACED,07/02/2017 11:48,10400969,1. Reckless Black,0,2.904621399,1,1,1,1001,1,1001,0,0,0
129551451,BAGS Cards / Sund 7th Feb,TO BE PLACED,07/02/2017 16:37,10361645,4. Leahs Tag,0,3.8,1,1,1,1001,1,1001,0,0,0
129551772,Televised Cards / Towc 7th Feb,TO BE PLACED,07/02/2017 19:14,10475694,4. Dunham Zeus,1,3.2996,1,1,1,1001,1,1001,0,0,0
129550104,AUS / Wgul (AUS) 7th Feb,TO BE PLACED,07/02/2017 10:45,10466552,1. Creative Cruise,1,,1,1.544108994,1,1001,1,1001,179.46,0,0
129550535,AUS / Ipsw (AUS) 7th Feb,TO BE PLACED,07/02/2017 07:17,10435838,3. Little Ach Cee,1,,1,1.5089,1,1001,1,1001,20,0,0
129551804,Televised Cards / Harl 7th Feb,TO BE PLACED,07/02/2017 20:10,10522764,3. Mallogs Nina,0,3.35,1,1,1,1001,1,1001,0,0,0
129550453,AUS / Town (AUS) 7th Feb,TO BE PLACED,07/02/2017 11:36,10779816,7. Knockin Blue,0,,1,1,1,1001,1,1001,0,0,0
129551488,BAGS Cards / Newc 7th Feb,TO BE PLACED,07/02/2017 21:22,10778258,4. Alnwick Katie,0,3.5,1,1,1,1001,1,1001,0,0,0
129551421,BAGS Cards / Nott 7th Feb,TO BE PLACED,07/02/2017 12:04,10788910,1. Shellys Destiny,0,2.5,1,1,1,1001,1,1001,0,0,0
129551818,Televised Cards / Harl 7th Feb,TO BE PLACED,07/02/2017 22:03,10845289,2. Different View,0,3.557443452,1,1,1,1001,1,1001,0,0,0
129551893,BAGS Cards / Kinsl 7th Feb,TO BE PLACED,07/02/2017 21:12,10934642,4. Amazing Prize,0,3.7,1,1,1,1001,1,1001,0,0,0
129551810,Televised Cards / Harl 7th Feb,TO BE PLACED,07/02/2017 20:58,11109422,4. Carton Juice,0,4.2,1,1,1,1001,1,1001,0,0,0
129551425,BAGS Cards / Nott 7th Feb,TO BE PLACED,07/02/2017 12:32,11108426,1. Droopys Fin,0,3.25,1,1,1,1001,1,1001,0,0,0
129551790,Televised Cards / Towc 7th Feb,TO BE PLACED,07/02/2017 21:40,11344678,4. Nobodys Fool,1,1.985,1,1,1,1001,1,1001,0,0,0
129551439,BAGS Cards / Sund 7th Feb,TO BE PLACED,07/02/2017 14:37,11633926,4. Unknown Form,0,5.05,1,1,1,1001,1,1001,0,0,0
129551898,BAGS Cards / Sheff 7th Feb,TO BE PLACED,07/02/2017 18:56,11783842,4. Copeland Betty,0,3,1,1,1,1001,1,1001,0,0,0
129549965,AUS / Bend (AUS) 7th Feb,TO BE PLACED,07/02/2017 05:47,12023646,3. Swing Arm,0,,1,1.445965891,1,1001,1,1001,64.5,0,0
129551413,BAGS Cards / Nott 7th Feb,TO BE PLACED,07/02/2017 11:03,12006218,4. Skidroes Promise,0,4.1,1,4.72399851,1,1001,1,1001,14,0,0
129550128,AUS / Gosf (AUS) 7th Feb,TO BE PLACED,07/02/2017 10:18,12000649,6. Fall Line,0,,1,3.1,1,1001,1,1001,36.94,0,0
129551906,BAGS Cards / Sheff 7th Feb,TO BE PLACED,07/02/2017 19:58,12055900,5. Swift Dixie,0,1.868740733,1,1,1,1001,1,1001,0,0,0
129550453,AUS / Town (AUS) 7th Feb,TO BE PLACED,07/02/2017 11:36,12194744,6. Perfect Sister,0,,1,1,1,1001,1,1001,0,0,0
129551453,BAGS Cards / Sund 7th Feb,TO BE PLACED,07/02/2017 16:57,12150990,5. Clangers Girl,1,3.6,1,1,1,1001,1,1001,0,0,0
129550931,AUS / AnPk (AUS) 7th Feb,TO BE PLACED,07/02/2017 01:28,12282555,1. Crinkle Cut,0,,1,3.95,1,1001,1,1001,14,0,0
129550349,AUS / Lism (AUS) 7th Feb,TO BE PLACED,07/02/2017 07:48,12280375,1. Westender,0,,1,2.66,1,1001,1,1001,19,0,0
129550443,AUS / Town (AUS) 7th Feb,TO BE PLACED,07/02/2017 09:55,12259669,6. Go Gwan,0,,1,2.24,1,1001,1,1001,7.78,0,0
129549959,AUS / Bend (AUS) 7th Feb,TO BE PLACED,07/02/2017 04:47,12346388,2. Super Stoked,1,,1,2.18,1,1001,1,1001,28.62,0,0
129550369,AUS / Lism (AUS) 7th Feb,TO BE PLACED,07/02/2017 10:08,12381521,9. Just My Size,0,,1,4.420058997,1,1001,1,1001,6.78,0,0
129549961,AUS / Bend (AUS) 7th Feb,TO BE PLACED,07/02/2017 05:07,12462504,2. Manticore,0,,1,2.26,1,1001,1,1001,20,0,0
129551445,BAGS Cards / Sund 7th Feb,TO BE PLACED,07/02/2017 15:38,12482352,4. Blue Ridge Boy,0,2.11,1,1,1,1001,1,1001,0,0,0
129550542,AUS / Devn (AUS) 7th Feb,TO BE PLACED,07/02/2017 01:39,12484975,3. Yogi Mac,1,,1,1.580229947,1,1001,1,1001,147.86,0,0
129549959,AUS / Bend (AUS) 7th Feb,TO BE PLACED,07/02/2017 04:47,12485222,5. Vinaka Oscar,0,,1,2.06,1,1001,1,1001,28.3,0,0
129550134,AUS / Gosf (AUS) 7th Feb,TO BE PLACED,07/02/2017 11:22,12485424,8. Case Master,0,,1,1,1,1001,1,1001,0,0,0
129550517,AUS / Ipsw (AUS) 7th Feb,TO BE PLACED,07/02/2017 04:54,12485505,5. Gunlee Girl,0,,1,2.159454362,1,1001,1,1001,59.38,0,0
129550523,AUS / Ipsw (AUS) 7th Feb,TO BE PLACED,07/02/2017 05:54,12485521,8. Precious Sal,1,,1,1.29364532,1,1001,1,1001,40.6,0,0
129550076,AUS / Wgul (AUS) 7th Feb,TO BE PLACED,07/02/2017 08:45,12450706,4. Dr Frankie,0,,1,5.718230088,1,1001,1,1001,22.6,0,0
129550947,AUS / AnPk (AUS) 7th Feb,TO BE PLACED,07/02/2017 04:07,5655145,4. Big Tex,0,,1,2.05025974,1,1001,1,1001,6.16,0,0
129551415,BAGS Cards / Nott 7th Feb,TO BE PLACED,07/02/2017 11:19,7441737,2. Stroke Of Luck,0,2.479126303,1,1,1,1001,1,1001,0,0,0
129551814,Televised Cards / Harl 7th Feb,TO BE PLACED,07/02/2017 21:32,8689360,4. Kilcrea Rodge,0,5.7,1,1,1,1001,1,1001,0,0,0
129550550,AUS / Devn (AUS) 7th Feb,TO BE PLACED,07/02/2017 02:52,8724900,2. Midnight Bird,0,,1,10.13929539,1,1001,1,1001,36.9,0,0
129551812,Televised Cards / Harl 7th Feb,TO BE PLACED,07/02/2017 21:15,9375844,3. Moors Matilda,1,4.3,1,1,1,1001,1,1001,0,0,0
129551453,BAGS Cards / Sund 7th Feb,TO BE PLACED,07/02/2017 16:57,9385539,2. Greenisle Iona,0,6,1,1,1,1001,1,1001,0,0,0
129551869,BAGS Cards / Crayfd 7th Feb,TO BE PLACED,07/02/2017 17:56,9430886,1. Ashgrove Borna,1,1.565,1,1,1,1001,1,1001,0,0,0
129551778,Televised Cards / Towc 7th Feb,TO BE PLACED,07/02/2017 20:02,9500835,1. Dunham Baby,1,5,1,1,1,1001,1,1001,0,0,0
129551861,BAGS Cards / Crayfd 7th Feb,TO BE PLACED,07/02/2017 16:47,9987989,5. Besomi Lewis,0,4.3,1,1,1,1001,1,1001,0,0,0
129551466,BAGS Cards / Newc 7th Feb,TO BE PLACED,07/02/2017 18:28,10119029,1. Fridays Mo Chara,0,2.120074382,1,1,1,1001,1,1001,0,0,0
129551417,BAGS Cards / Nott 7th Feb,TO BE PLACED,07/02/2017 11:34,10058520,5. Romeo Blitz,0,3.3,1,1,1,1001,1,1001,0,0,0
129551449,BAGS Cards / Sund 7th Feb,TO BE PLACED,07/02/2017 16:18,10227425,6. Witton Messi,0,2.607449155,1,1,1,1001,1,1001,0,0,0
129551476,BAGS Cards / Newc 7th Feb,TO BE PLACED,07/02/2017 19:48,10280843,3. Nice Bubbles,1,3.55,1,1,1,1001,1,1001,0,0,0
129550550,AUS / Devn (AUS) 7th Feb,TO BE PLACED,07/02/2017 02:52,10413377,4. Frostys Capable,1,,1,1.753548234,1,1001,1,1001,715.68,0,0
129551459,BAGS Cards / Sund 7th Feb,TO BE PLACED,07/02/2017 17:47,10582589,6. Ryecroft Harley,0,3.015,1,1,1,1001,1,1001,0,0,0
129551889,BAGS Cards / Kinsl 7th Feb,TO BE PLACED,07/02/2017 20:41,10793244,3. Tellymac,1,4.45,1,1,1,1001,1,1001,0,0,0
129550527,AUS / Ipsw (AUS) 7th Feb,TO BE PLACED,07/02/2017 06:42,10877636,4. Are You There,0,,1,4.6,1,1001,1,1001,6,0,0
129550945,AUS / AnPk (AUS) 7th Feb,TO BE PLACED,07/02/2017 03:47,10999854,2. Dyna Nami,1,,1,3.472169059,1,1001,1,1001,25.08,0,0
129550355,AUS / Lism (AUS) 7th Feb,TO BE PLACED,07/02/2017 08:48,11255912,9. Gun Range,1,,1,5.767802691,1,1001,1,1001,44.6,0,0
129549987,AUS / Geel (AUS) 7th Feb,TO BE PLACED,07/02/2017 04:51,11205838,4. Why Not Becky,0,,1,2.816788194,1,1001,1,1001,23.04,0,0
129551447,BAGS Cards / Sund 7th Feb,TO BE PLACED,07/02/2017 15:58,11312039,6. Crafty Blasio,0,4.5,1,1,1,1001,1,1001,0,0,0
129551841,BAGS Cards / PBarr 7th Feb,TO BE PLACED,07/02/2017 13:44,11383751,2. So Near,1,3.55,1,1,1,1001,1,1001,0,0,0
129551782,Televised Cards / Towc 7th Feb,TO BE PLACED,07/02/2017 20:34,11360168,3. Rookies Buddy,1,3.725,1,1,1,1001,1,1001,0,0,0
129551877,BAGS Cards / Kinsl 7th Feb,TO BE PLACED,07/02/2017 19:06,11834685,4. Old Fort Poitin,0,3.7,1,1,1,1001,1,1001,0,0,0
129551484,BAGS Cards / Newc 7th Feb,TO BE PLACED,07/02/2017 20:52,12044796,6. Eastern Impact,0,2.211251601,1,1,1,1001,1,1001,0,0,0
129551835,BAGS Cards / PBarr 7th Feb,TO BE PLACED,07/02/2017 12:58,11954279,4. Setanta Star,0,3.05,1,1,1,1001,1,1001,0,0,0
129550066,AUS / Wgul (AUS) 7th Feb,TO BE PLACED,07/02/2017 08:25,11970758,4. Dr Flannigan,0,,1,6.4,1,1001,1,1001,7.24,0,0
129550116,AUS / Gosf (AUS) 7th Feb,TO BE PLACED,07/02/2017 08:18,12144677,9. Shakey Dancer,1,,1,3.842943854,1,1001,1,1001,13.18,0,0
129550377,AUS / Lism (AUS) 7th Feb,TO BE PLACED,07/02/2017 10:48,12144550,8. Jackos Chant,0,,1,3.7,1,1001,1,1001,2.08,0,0
129551825,BAGS Cards / PBarr 7th Feb,TO BE PLACED,07/02/2017 11:42,12244100,6. Ilewin Beefy,0,5.25,1,1,1,1001,1,1001,0,0,0
129551857,BAGS Cards / Crayfd 7th Feb,TO BE PLACED,07/02/2017 16:08,12266804,3. Kelva Chloe,1,2.585652824,1,1,1,1001,1,1001,0,0,0
129551455,BAGS Cards / Sund 7th Feb,TO BE PLACED,07/02/2017 17:17,12266970,1. Lord Lieutenant,0,2.446373936,1,1,1,1001,1,1001,0,0,0
129550383,AUS / Mand (AUS) 7th Feb,TO BE PLACED,07/02/2017 12:32,12381846,1. Em Morney,0,,1,1,1,1001,1,1001,0,0,0
129550935,AUS / AnPk (AUS) 7th Feb,TO BE PLACED,07/02/2017 02:04,12484923,8. Bettys Hotpot,1,,1,1.298628704,1,1001,1,1001,216,0,0
129551463,BAGS Cards / Sund 7th Feb,TO BE PLACED,07/02/2017 18:18,12482405,3. Ivys Ray,0,1.83,1,1,1,1001,1,1001,0,0,0
129551896,BAGS Cards / Sheff 7th Feb,TO BE PLACED,07/02/2017 18:39,12482417,5. Resident Hawk,0,3.35,1,1,1,1001,1,1001,0,0,0
129551806,Televised Cards / Harl 7th Feb,TO BE PLACED,07/02/2017 20:26,12482525,5. Emilys Joy,0,3.1875,1,1,1,1001,1,1001,0,0,0
129549985,AUS / Geel (AUS) 7th Feb,TO BE PLACED,07/02/2017 04:32,12485175,6. Church Parade,0,,1,8.2,1,1001,1,1001,8,0,0
129549993,AUS / Geel (AUS) 7th Feb,TO BE PLACED,07/02/2017 05:51,12485194,7. Zipping Bronco,1,,1,1.09,1,1001,1,1001,7.04,0,0
129550369,AUS / Lism (AUS) 7th Feb,TO BE PLACED,07/02/2017 10:08,12485319,10. Leroy Spirit,0,,1,1.884323749,1,1001,1,1001,18.78,0,0
129551847,BAGS Cards / Crayfd 7th Feb,TO BE PLACED,07/02/2017 14:27,12482975,3. Batmans Uncle,0,4.44,1,1,1,1001,1,1001,0,0,0
129550525,AUS / Ipsw (AUS) 7th Feb,TO BE PLACED,07/02/2017 06:19,12485524,4. Magical Mo,0,,1,2.74,1,1001,1,1001,6.16,0,0
129551823,BAGS Cards / PBarr 7th Feb,TO BE PLACED,07/02/2017 11:28,12482673,3. Enchanted Wood,0,2.92,1,1,1,1001,1,1001,0,0,0
129551772,Televised Cards / Towc 7th Feb,TO BE PLACED,07/02/2017 19:14,12482737,1. Well Lane Lock,0,4.05,1,1,1,1001,1,1001,0,0,0
129551774,Televised Cards / Towc 7th Feb,TO BE PLACED,07/02/2017 19:31,12482747,5. Black Canaska,0,10.75,1,1,1,1001,1,1001,0,0,0
129551900,BAGS Cards / Sheff 7th Feb,TO BE PLACED,07/02/2017 19:11,3803823,5. Not My Problem,0,2.92,1,1,1,1001,1,1001,0,0,0
129551453,BAGS Cards / Sund 7th Feb,TO BE PLACED,07/02/2017 16:57,8422077,4. Tullymurry Genie,0,5.1,1,1,1,1001,1,1001,0,0,0
129551823,BAGS Cards / PBarr 7th Feb,TO BE PLACED,07/02/2017 11:28,9035787,1. Alias Smith,1,2.156444658,1,1,1,1001,1,1001,0,0,0
129551871,BAGS Cards / Crayfd 7th Feb,TO BE PLACED,07/02/2017 18:11,9336444,4. Droopys Capel,0,3.25,1,1,1,1001,1,1001,0,0,0
129551814,Televised Cards / Harl 7th Feb,TO BE PLACED,07/02/2017 21:32,9436708,1. Pass Her Tilly,1,2.94,1,1,1,1001,1,1001,0,0,0
129551810,Televised Cards / Harl 7th Feb,TO BE PLACED,07/02/2017 20:58,9533423,1. Black Adder,1,2.312860857,1,1,1,1001,1,1001,0,0,0
129550363,AUS / Lism (AUS) 7th Feb,TO BE PLACED,07/02/2017 09:28,9931141,2. Midnight Hunter,0,,1,10.5,1,1001,1,1001,12,0,0
129550381,AUS / Mand (AUS) 7th Feb,TO BE PLACED,07/02/2017 12:07,9914511,10. Lets Make Bail,0,,1,1,1,1001,1,1001,0,0,0
129550120,AUS / Gosf (AUS) 7th Feb,TO BE PLACED,07/02/2017 08:58,9612044,3. Miss Ballows,0,,1,5.2,1,1001,1,1001,6.14,0,0
129550351,AUS / Lism (AUS) 7th Feb,TO BE PLACED,07/02/2017 08:08,10085555,4. Warrali Brave,0,,1,5.135439137,1,1001,1,1001,38.94,0,0
129550937,AUS / AnPk (AUS) 7th Feb,TO BE PLACED,07/02/2017 02:24,10139297,7. Kansas Bale,0,,1,3.9,1,1001,1,1001,76.06,0,0
129550128,AUS / Gosf (AUS) 7th Feb,TO BE PLACED,07/02/2017 10:18,10387376,4. Bugatti Dart,0,,1,3.4,1,1001,1,1001,12.92,0,0
129551802,Televised Cards / Harl 7th Feb,TO BE PLACED,07/02/2017 19:54,10452565,6. Kodiva Grain,0,2.28,1,1,1,1001,1,1001,0,0,0
129550130,AUS / Gosf (AUS) 7th Feb,TO BE PLACED,07/02/2017 10:38,10446039,4. Miss Foxy Lee,1,,1,1.259122335,1,1001,1,1001,394,0,0
129551916,BAGS Cards / Sheff 7th Feb,TO BE PLACED,07/02/2017 21:17,10437369,3. Swift Erne,1,3.05,1,1,1,1001,1,1001,0,0,0
129551887,BAGS Cards / Kinsl 7th Feb,TO BE PLACED,07/02/2017 20:24,10711091,6. Jubilee Jen,0,5.6,1,1,1,1001,1,1001,0,0,0
129550095,AUS / Wgul (AUS) 7th Feb,TO BE PLACED,07/02/2017 10:05,10804642,8. Dr Sherlock,0,,1,9.880373832,1,1001,1,1001,8.56,0,0
129551871,BAGS Cards / Crayfd 7th Feb,TO BE PLACED,07/02/2017 18:11,10960198,5. Newlawn Colin,0,3.03,1,1,1,1001,1,1001,0,0,0
129550128,AUS / Gosf (AUS) 7th Feb,TO BE PLACED,07/02/2017 10:18,11032936,10. Texas Tea,0,,1,7.965556458,1,1001,1,1001,24.62,0,0
129550128,AUS / Gosf (AUS) 7th Feb,TO BE PLACED,07/02/2017 10:18,11406716,2. Miagi Son,1,,1,1.763017032,1,1001,1,1001,32.88,0,0
129549979,AUS / Bend (AUS) 7th Feb,TO BE PLACED,07/02/2017 08:15,11495788,7. Forever Merry,0,,1,2.7,1,1001,1,1001,1.12,0,0
129551891,BAGS Cards / Kinsl 7th Feb,TO BE PLACED,07/02/2017 20:57,11481091,5. Calzaghe Sox,0,4.1,1,1,1,1001,1,1001,0,0,0
129551851,BAGS Cards / Crayfd 7th Feb,TO BE PLACED,07/02/2017 15:07,11481692,4. So Stunning,0,2.72,1,1,1,1001,1,1001,0,0,0
129551879,BAGS Cards / Kinsl 7th Feb,TO BE PLACED,07/02/2017 19:22,11481786,2. Turbo Model,0,5.3,1,1,1,1001,1,1001,0,0,0
129551883,BAGS Cards / Kinsl 7th Feb,TO BE PLACED,07/02/2017 19:53,11481818,4. Tullymurry Duke,1,3.15,1,1,1,1001,1,1001,0,0,0
129550552,AUS / Devn (AUS) 7th Feb,TO BE PLACED,07/02/2017 03:17,11704027,1. High Treason,0,,1,1.58,1,1001,1,1001,22,0,0
129551900,BAGS Cards / Sheff 7th Feb,TO BE PLACED,07/02/2017 19:11,11706355,4. Slaneyside Kiwi,1,2.7,1,1,1,1001,1,1001,0,0,0
129551814,Televised Cards / Harl 7th Feb,TO BE PLACED,07/02/2017 21:32,11829933,2. Upper Cut,0,5.4,1,1,1,1001,1,1001,0,0,0
129550527,AUS / Ipsw (AUS) 7th Feb,TO BE PLACED,07/02/2017 06:42,11891071,3. Spring Forte,0,,1,1.7375,1,1001,1,1001,16,0,0
129550122,AUS / Gosf (AUS) 7th Feb,TO BE PLACED,07/02/2017 09:18,12027858,3. Diamond Heist,0,,1,1.943883913,1,1001,1,1001,55.82,0,0
129550134,AUS / Gosf (AUS) 7th Feb,TO BE PLACED,07/02/2017 11:22,11984344,3. Sunny Pitubi,1,,1,1,1,1001,1,1001,0,0,0
129551804,Televised Cards / Harl 7th Feb,TO BE PLACED,07/02/2017 20:10,12013876,6. Swift Nicklaus,0,9,1,1,1,1001,1,1001,0,0,0
129551904,BAGS Cards / Sheff 7th Feb,TO BE PLACED,07/02/2017 19:43,11976496,3. Boozed Artemis,1,2.3,1,1,1,1001,1,1001,0,0,0
129550383,AUS / Mand (AUS) 7th Feb,TO BE PLACED,07/02/2017 12:32,12080386,7. Tango Dancer,1,,1,1,1,1001,1,1001,0,0,0
129551447,BAGS Cards / Sund 7th Feb,TO BE PLACED,07/02/2017 15:58,12267022,5. Sober Judge,1,2.632543547,1,1,1,1001,1,1001,0,0,0
129550387,AUS / Mand (AUS) 7th Feb,TO BE PLACED,07/02/2017 13:12,12381843,8. Terrestrial,1,,1,1,1,1001,1,1001,0,0,0
129549985,AUS / Geel (AUS) 7th Feb,TO BE PLACED,07/02/2017 04:32,12485172,1. Quick Paws Bolac,0,,1,75,1,1001,1,1001,9.86,0,0
129550118,AUS / Gosf (AUS) 7th Feb,TO BE PLACED,07/02/2017 08:38,12485330,3. Universal Girl,0,,1,5.7,1,1001,1,1001,8.6,0,0
129551447,BAGS Cards / Sund 7th Feb,TO BE PLACED,07/02/2017 15:58,7988648,2. Wing It,0,2.452736318,1,1,1,1001,1,1001,0,0,0
129551847,BAGS Cards / Crayfd 7th Feb,TO BE PLACED,07/02/2017 14:27,8764080,1. Trumpers Gemma,1,2.25923195,1,1,1,1001,1,1001,0,0,0
129551873,BAGS Cards / Kinsl 7th Feb,TO BE PLACED,07/02/2017 18:33,9389665,2. Polish Susy,0,5.35,1,1,1,1001,1,1001,0,0,0
129550124,AUS / Gosf (AUS) 7th Feb,TO BE PLACED,07/02/2017 09:38,9594612,8. Star Of Ibrox,0,,1,3.337034036,1,1001,1,1001,24.68,0,0
129550935,AUS / AnPk (AUS) 7th Feb,TO BE PLACED,07/02/2017 02:04,10390584,5. Senni Bones,0,,1,3.580224525,1,1001,1,1001,11.58,0,0
129551488,BAGS Cards / Newc 7th Feb,TO BE PLACED,07/02/2017 21:22,10451975,3. Princess Sadie,1,2.64,1,1,1,1001,1,1001,0,0,0
129551853,BAGS Cards / Crayfd 7th Feb,TO BE PLACED,07/02/2017 15:28,10544306,4. Kilcow Blackie,0,3.5,1,1,1,1001,1,1001,0,0,0
129550941,AUS / AnPk (AUS) 7th Feb,TO BE PLACED,07/02/2017 03:04,10740364,1. Farhat Bale,1,,1,2.22,1,1001,1,1001,6.14,0,0
129551851,BAGS Cards / Crayfd 7th Feb,TO BE PLACED,07/02/2017 15:07,10778091,6. Droopys Donald,0,2.985,1,1,1,1001,1,1001,0,0,0
129551461,BAGS Cards / Sund 7th Feb,TO BE PLACED,07/02/2017 18:04,10921922,6. Biddies Field,0,1.901093427,1,1,1,1001,1,1001,0,0,0
129551891,BAGS Cards / Kinsl 7th Feb,TO BE PLACED,07/02/2017 20:57,10965675,6. Holy Mezza,0,2.07,1,1,1,1001,1,1001,0,0,0
129550116,AUS / Gosf (AUS) 7th Feb,TO BE PLACED,07/02/2017 08:18,11072675,8. Lauries Pet,0,,1,3.042358417,1,1001,1,1001,25.78,0,0
129551877,BAGS Cards / Kinsl 7th Feb,TO BE PLACED,07/02/2017 19:06,11258249,3. Elusive Charlie,0,3.575,1,1,1,1001,1,1001,0,0,0
129550550,AUS / Devn (AUS) 7th Feb,TO BE PLACED,07/02/2017 02:52,11320231,7. Whistledown,0,,1,5.2453125,1,1001,1,1001,72.96,0,0
129549973,AUS / Bend (AUS) 7th Feb,TO BE PLACED,07/02/2017 07:07,11406564,1. Aston Amon,0,,1,1.391681818,1,1001,1,1001,88,0,0
129550537,AUS / Ipsw (AUS) 7th Feb,TO BE PLACED,07/02/2017 07:37,11396331,6. Ainia,0,,1,3.598026125,1,1001,1,1001,13.78,0,0
129551914,BAGS Cards / Sheff 7th Feb,TO BE PLACED,07/02/2017 21:02,11449036,2. Demesne Heiress,0,2.66,1,1,1,1001,1,1001,0,0,0
129550941,AUS / AnPk (AUS) 7th Feb,TO BE PLACED,07/02/2017 03:04,11435370,5. Rockstar Swirl,1,,1,1.426483214,1,1001,1,1001,36.34,0,0
129551873,BAGS Cards / Kinsl 7th Feb,TO BE PLACED,07/02/2017 18:33,11506814,1. Barnish Jaxx,1,2.035330924,1,1,1,1001,1,1001,0,0,0
129551808,Televised Cards / Harl 7th Feb,TO BE PLACED,07/02/2017 20:42,11462565,6. Geneva Dubh,0,5.5,1,1,1,1001,1,1001,0,0,0
129551451,BAGS Cards / Sund 7th Feb,TO BE PLACED,07/02/2017 16:37,11749295,3. Grace And Beauty,1,3.45,1,1,1,1001,1,1001,0,0,0
129551431,BAGS Cards / Nott 7th Feb,TO BE PLACED,07/02/2017 13:19,11748942,4. Haggswood Roy,1,2.98,1,1,1,1001,1,1001,0,0,0
129551914,BAGS Cards / Sheff 7th Feb,TO BE PLACED,07/02/2017 21:02,11749877,3. Stride On Maggie,0,2.067142857,1,1,1,1001,1,1001,0,0,0
129551792,Televised Cards / Towc 7th Feb,TO BE PLACED,07/02/2017 21:56,11877456,4. Garryglass Champ,1,1.67,1,1,1,1001,1,1001,0,0,0
129550084,AUS / Wgul (AUS) 7th Feb,TO BE PLACED,07/02/2017 09:25,11832357,2. Zabdon Bluey,0,,1,2.44,1,1001,1,1001,4.62,0,0
129550387,AUS / Mand (AUS) 7th Feb,TO BE PLACED,07/02/2017 13:12,11979209,3. Commander Jet,0,,1,1,1,1001,1,1001,0,0,0
129551827,BAGS Cards / PBarr 7th Feb,TO BE PLACED,07/02/2017 11:57,12031719,4. Rupert Boy,0,2.52,1,1,1,1001,1,1001,0,0,0
129551423,BAGS Cards / Nott 7th Feb,TO BE PLACED,07/02/2017 12:18,12006266,4. Sporting Angel,1,2.3,1,1,1,1001,1,1001,0,0,0
129551810,Televised Cards / Harl 7th Feb,TO BE PLACED,07/02/2017 20:58,12056419,5. Pleasant Tales,0,1.970616417,1,1,1,1001,1,1001,0,0,0
129551857,BAGS Cards / Crayfd 7th Feb,TO BE PLACED,07/02/2017 16:08,12143071,2. Small Wishes,0,5.7,1,1,1,1001,1,1001,0,0,0
129551776,Televised Cards / Towc 7th Feb,TO BE PLACED,07/02/2017 19:47,12097747,2. Barricane Viking,0,1.714285714,1,1,1,1001,1,1001,0,0,0
129551441,BAGS Cards / Sund 7th Feb,TO BE PLACED,07/02/2017 14:57,12096439,5. Poolie Laura,0,3.75,1,1,1,1001,1,1001,0,0,0
129549973,AUS / Bend (AUS) 7th Feb,TO BE PLACED,07/02/2017 07:07,12191299,3. Anns Moment,0,,1,2.589386761,1,1001,1,1001,147.74,0,0
129551478,BAGS Cards / Newc 7th Feb,TO BE PLACED,07/02/2017 20:04,12193122,2. Pinewood Barney,1,4.05,1,1,1,1001,1,1001,0,0,0
129551794,Televised Cards / Towc 7th Feb,TO BE PLACED,07/02/2017 22:11,12178837,4. Obara Sand,1,4.95,1,1,1,1001,1,1001,0,0,0
129550929,AUS / AnPk (AUS) 7th Feb,TO BE PLACED,07/02/2017 01:07,12484910,3. Long Gully Ella,1,,1,1.42,1,1001,1,1001,40.44,0,0
129550931,AUS / AnPk (AUS) 7th Feb,TO BE PLACED,07/02/2017 01:28,12484916,3. Aston Hinkley,1,,1,1.225701771,1,1001,1,1001,105.02,0,0
129551908,BAGS Cards / Sheff 7th Feb,TO BE PLACED,07/02/2017 20:14,12482452,4. Droopys Whizz,0,5.1,1,1,1,1001,1,1001,0,0,0
129550560,AUS / Devn (AUS) 7th Feb,TO BE PLACED,07/02/2017 04:39,12485004,8. Arugula,1,,1,1.413702023,1,1001,1,1001,105.78,0,0
129550525,AUS / Ipsw (AUS) 7th Feb,TO BE PLACED,07/02/2017 06:19,12485523,3. Gold Sherona,1,,1,2.227168684,1,1001,1,1001,127.22,0,0
129551837,BAGS Cards / PBarr 7th Feb,TO BE PLACED,07/02/2017 13:12,12482714,2. Triangle Jayfkay,1,2.44,1,1,1,1001,1,1001,0,0,0
