EVENT_ID,MENU_HINT,EVENT_NAME,EVENT_DT,SELECTION_ID,SELECTION_NAME,WIN_LOSE,BSP,PPWAP,MORNINGWAP,PPMAX,PPMIN,IPMAX,IPMIN,MORNINGTRADEDVOL,PPTRADEDVOL,IPTRADEDVOL
201820641,AUS / Warrnambool (AUS) 8th Aug,R7 450m Gr5,08-08-2022 07:37,40447752,7. Grey Not Blue,0,6.8,1,3.26680964227502788024363043664750793515,1,1001,1,1001,1398.84,1398.84,0
201821657,AUS / Shepparton (AUS) 8th Aug,R1 450m Heat,08-08-2022 09:56,45943458,1. Soda Mac,0,9.2,1,6.52503219967278170362376858008145646952,1,1001,1,1001,1723.62,1723.62,0
201821657,AUS / Shepparton (AUS) 8th Aug,R1 450m Heat,08-08-2022 09:56,47366220,6. Pipeline Icon,0,44.79172253228724,1,16.1440274100607382027721538701136894565,1,1001,1,1001,642.1,642.1,0
201821692,AUS / Shepparton (AUS) 8th Aug,R8 450m Gr3/4,08-08-2022 12:30,38913961,2. Nikoli Bale,0,1.588667758,1,1,1,1001,1,1001,0,15517.12,0
201821707,AUS / Shepparton (AUS) 8th Aug,R11 385m Gr5,08-08-2022 13:22,42162677,2. Maximum Sam,0,11.913932408,1,1,1,1001,1,1001,0,1104.14,0
201830713,NZL / Addington (NZL) 8th Aug,R2 295m C0,08-08-2022 01:35,47366201,7. Alpaca Lunch,0,13.169852690175174,1,6.96579386025836921794693707459369356855,1,1001,1,1001,575.92,575.92,0
201830727,NZL / Addington (NZL) 8th Aug,R9 295m C1,08-08-2022 03:40,35439404,2. Homebush Macho,0,48,1,24.2483837330552659019812304483837330553,1,1001,1,1001,287.7,287.7,0
201830737,AUS / Hobart (AUS) 8th Aug,R2 340m Gr6,08-08-2022 10:59,47366517,3. Wynburn Serena,0,7,1,2.97374901091944927994935907580313340718,1,1001,1,1001,1263.8,1263.8,0
201830737,AUS / Hobart (AUS) 8th Aug,R2 340m Gr6,08-08-2022 10:59,47366518,4. Wynburn Venus,0,40.52664388731239,1,13.8315832818612312126827259625283096562,1,1001,1,1001,388.56,388.56,0
201830745,AUS / Hobart (AUS) 8th Aug,R6 461m Gr4,08-08-2022 12:23,42527958,4. Clairvoyant,1,2.32,1,1,1,1001,1,1001,0,10786.06,0
201830761,AUS / Cannington (AUS) 8th Aug,R3 275m Gr6,08-08-2022 07:18,40397950,2. Romantic Man,0,3.113133193285721,1,2.62294274625312124550845158539893808445,1,1001,1,1001,3612.34,3612.34,0
201830761,AUS / Cannington (AUS) 8th Aug,R3 275m Gr6,08-08-2022 07:18,40785801,1. Angry Eyes,0,18.990145131219432,1,10.7446480590745884425174446175733351399,1,1001,1,1001,590.44,590.44,0
201830761,AUS / Cannington (AUS) 8th Aug,R3 275m Gr6,08-08-2022 07:18,43036260,8. Kingsbrae Huxley,0,7.2,1,4.35978224267594567291502974520148164777,1,1001,1,1001,1425.44,1425.44,0
201820802,AUS / Nowra (AUS) 8th Aug,R3 365m Gr5,08-08-2022 10:06,44887481,4. Boot Toss,0,27.493260097131127,1,14.0391711802984841990414215017729805557,1,1001,1,1001,1026.52,1026.52,0
201820817,AUS / Nowra (AUS) 8th Aug,R6 520m Gr5,08-08-2022 11:12,27038065,8. Addison Rose,0,38,1,15.811495791889824024483550114766641163,1,1001,1,1001,418.24,418.24,0
201830711,NZL / Addington (NZL) 8th Aug,R1 295m C0,08-08-2022 01:18,46765217,6. Homebush Ari,0,9.2,1,5.14487444287422545928905315795195129905,1,1001,1,1001,1103.88,1103.88,0
201830711,NZL / Addington (NZL) 8th Aug,R1 295m C0,08-08-2022 01:18,44712195,8. Goldstar Shakira,0,46,1,17.8740091077753415415753078090740428403,1,1001,1,1001,118.58,118.58,0
201830723,NZL / Addington (NZL) 8th Aug,R7 645m C0,08-08-2022 03:06,43619158,8. Replica Rebel,0,120,1,55.5216197666437886067261496225120109815,1,1001,1,1001,87.42,87.42,0
201830725,NZL / Addington (NZL) 8th Aug,R8 295m C1,08-08-2022 03:22,35772232,7. Goldstar Lorenzo,0,13.851881943163463,1,11.2810063380602799689936619397200310063,1,1001,1,1001,877.24,877.24,0
201830725,NZL / Addington (NZL) 8th Aug,R8 295m C1,08-08-2022 03:22,47366212,8. Epic Alpine,0,7,1,4.99641374962789150191745320188418232441,1,1001,1,1001,1142.14,1142.14,0
201830731,NZL / Addington (NZL) 8th Aug,R11 295m C1,08-08-2022 04:22,24642428,2. Homebush Jennia,0,60,1,30.4221578566256335988414192614047791456,1,1001,1,1001,138.1,138.1,0
201830743,AUS / Hobart (AUS) 8th Aug,R5 461m Inv,08-08-2022 12:05,40410502,7. Bedrock Cruiser,0,76.53758541457624,1,84.0518094105564714467176562795600118916,1,1001,1,1001,1.48,264.31,0
201820827,AUS / Nowra (AUS) 8th Aug,R8 365m Final,08-08-2022 11:52,41361163,3. Cumbria Dave,0,8.30711077759159,1,6.18939031679617453676031081888822474597,1,1001,1,1001,1338.4,1338.4,0
201820827,AUS / Nowra (AUS) 8th Aug,R8 365m Final,08-08-2022 11:52,47366185,8. Mr Bennington,0,15,1,6.53319789729816587471018984000183642082,1,1001,1,1001,871.26,871.26,0
201820837,AUS / Nowra (AUS) 8th Aug,R10 365m Gr5,08-08-2022 12:36,43693064,5. Excess Power,0,13.451110169598833,1,1,1,1001,1,1001,0,843.9,0
201820842,AUS / Nowra (AUS) 8th Aug,R11 365m Gr5,08-08-2022 12:54,40155706,3. Revolver Twist,0,3.3,1,1,1,1001,1,1001,0,4134.96,0
201830773,AUS / Cannington (AUS) 8th Aug,R7 275m Gr6,08-08-2022 08:35,40022592,5. Penny Heist,0,70,1,34.0896965155488947171225177969276882728,1,1001,1,1001,266.9,266.9,0
201830788,AUS / Cannington (AUS) 8th Aug,R12 275m Gr4/5,08-08-2022 10:19,37829837,6. Hello Im Bobby,0,34.926513429622865,1,16.4358388926545610217259462737683279227,1,1001,1,1001,560.62,560.62,0
201830788,AUS / Cannington (AUS) 8th Aug,R12 275m Gr4/5,08-08-2022 10:19,38694386,2. Twisted Odds,0,50,1,24.2565679733110925771476230191826522102,1,1001,1,1001,383.68,383.68,0
201830788,AUS / Cannington (AUS) 8th Aug,R12 275m Gr4/5,08-08-2022 10:19,38938553,3. Top Fun,0,6.584194911657577,1,4.13804189922776970716415628106124321431,1,1001,1,1001,2092.64,2092.64,0
201821441,AUS / Ballarat (AUS) 8th Aug,R1 450m Mdn,08-08-2022 02:00,46790222,9. Inter Mary,0,19.5,1,8.13713982676330210358847445642566731483,1,1001,1,1001,282.85,282.85,0
201821444,AUS / Ballarat (AUS) 8th Aug,R2 545m Rest,08-08-2022 02:18,42815379,7. Moonlit Jewel,0,140.3665710267797,1,45.9635490017397067351503603678237097175,1,1001,1,1001,120.71,120.71,0
201821444,AUS / Ballarat (AUS) 8th Aug,R2 545m Rest,08-08-2022 02:18,40950616,8. Mepunga Bundy,0,15.796276668132052,1,10.8352987518156527733326768261158571112,1,1001,1,1001,812.38,812.38,0
201821450,AUS / Ballarat (AUS) 8th Aug,R4 390m Gr5,08-08-2022 02:54,42280170,5. Mick The Magpie,0,11.352191188766154,1,6.92887441246804650779252906737033066711,1,1001,1,1001,1212.7,1212.7,0
201821456,AUS / Ballarat (AUS) 8th Aug,R6 545m Gr5,08-08-2022 03:31,41750236,7. Dutch Impact,1,4.387273353744385,1,3.05795794786561892773778826059857993083,1,1001,1,1001,3273.08,3273.08,0
201821462,AUS / Ballarat (AUS) 8th Aug,R8 545m Gr5,08-08-2022 04:19,38535263,2. Thylacine,0,22.568863523,1,12.0658962621809093206773568479878682356,1,1001,1,1001,712.18,712.18,0
201821465,AUS / Ballarat (AUS) 8th Aug,R9 390m Gr7,08-08-2022 04:42,46160197,3. Zea Jay,0,8.687924255604603,1,5.26071201225981374513733349051043262997,1,1001,1,1001,848.3,848.3,0
201821468,AUS / Ballarat (AUS) 8th Aug,R10 390m Gr6,08-08-2022 05:07,41729375,5. Loony Luna,0,12.489181480297123,1,7.23113170045561569274990062073815857872,1,1001,1,1001,1308.12,1308.12,0
201821468,AUS / Ballarat (AUS) 8th Aug,R10 390m Gr6,08-08-2022 05:07,41477489,8. Time Turner,0,5.3,1,2.91972188940928729622771666122063682242,1,1001,1,1001,1652.58,1652.58,0
201821740,AUS / Bathurst (AUS) 8th Aug,R2 307m Mdn,08-08-2022 06:11,40995809,1. Miss Song Bird,0,8.71677276072602,1,3.844181871320612918041000375767191349,1,1001,1,1001,479.02,479.02,0
201821743,AUS / Bathurst (AUS) 8th Aug,R3 520m Final,08-08-2022 06:27,47366290,9. Touch Of Speed,0,294.51940341047947,1,82.2384715414624387316194858457537261178,1,1001,1,1001,99.97,99.97,0
201821746,AUS / Bathurst (AUS) 8th Aug,R4 307m Gr5,08-08-2022 06:47,40209618,4. Drunken Lynette,0,280.27179892334954,1,58.4240306207355633216841404559826926277,1,1001,1,1001,120.18,120.18,0
201821752,AUS / Bathurst (AUS) 8th Aug,R6 307m Gr5,08-08-2022 07:26,40410634,1. Royal Osti,1,1.28,1,1.24941504397594436552321448572375943035,1,1001,1,1001,18034.86,18034.86,0
201821752,AUS / Bathurst (AUS) 8th Aug,R6 307m Gr5,08-08-2022 07:26,42527877,8. Povetkin,0,30,1,19.5006259630200308166409861325115562404,1,1001,1,1001,415.36,415.36,0
201821755,AUS / Bathurst (AUS) 8th Aug,R7 450m Rest,08-08-2022 07:47,44478872,6. Big Town Johnny,0,70.290286016,1,26.1902411899631611871828734273997358727,1,1001,1,1001,287.74,287.74,0
201821758,AUS / Bathurst (AUS) 8th Aug,R8 520m Final,08-08-2022 08:06,47366294,2. Nangar Rocket,0,4,1,3.14221094003702699354873267916746177616,1,1001,1,1001,5974.02,5974.02,0
201821758,AUS / Bathurst (AUS) 8th Aug,R8 520m Final,08-08-2022 08:06,43653550,5. Nangar Archie,0,13,1,8.47614528022953716420129989415397534925,1,1001,1,1001,1143.17,1143.17,0
201821758,AUS / Bathurst (AUS) 8th Aug,R8 520m Final,08-08-2022 08:06,42099101,8. Queen Bolt,0,55,1,39.1762958963282937365010799136069114471,1,1001,1,1001,296.32,296.32,0
201821758,AUS / Bathurst (AUS) 8th Aug,R8 520m Final,08-08-2022 08:06,47366295,3. Nangar Chief,1,5.340786438795619,1,3.87163921703888936793998447874450288868,1,1001,1,1001,2087.46,2087.46,0
201821471,AUS / Ballarat (AUS) 8th Aug,R11 545m Gr5,08-08-2022 05:32,40762418,3. Johnny Fatboy,0,18.8884538585,1,9.43389133110603129945489713381396166696,1,1001,1,1001,568.7,568.7,0
201821471,AUS / Ballarat (AUS) 8th Aug,R11 545m Gr5,08-08-2022 05:32,39309107,2. Mr Buck Lee,0,4.322466177841196,1,2.93265220283277251741137804210032083888,1,1001,1,1001,2044.64,2044.64,0
201821761,AUS / Bathurst (AUS) 8th Aug,R9 450m Gr4/5,08-08-2022 08:32,39318200,4. Winlock Abby,0,13.12558579849938,1,7.82359747004679384995114927752352547951,1,1001,1,1001,777.88,777.88,0
201821764,AUS / Bathurst (AUS) 8th Aug,R10 307m FFA,08-08-2022 08:51,41860156,6. Diggers Magic,0,3.3283343427027283,1,2.58322745714995445888879688664403411443,1,1001,1,1001,6038.5,6038.5,0
201821767,AUS / Bathurst (AUS) 8th Aug,R11 307m Gr5,08-08-2022 09:08,41132534,7. Grand Safari,0,70.366606784,1,26.4426282051282051282051282051282051282,1,1001,1,1001,249.6,249.6,0
201830776,AUS / Cannington (AUS) 8th Aug,R8 275m FFA,08-08-2022 08:54,40718829,1. Henry Keeping,0,4.985387516258672,1,3.92886777559309384732408111715487176543,1,1001,1,1001,3483.85,3483.85,0
201830776,AUS / Cannington (AUS) 8th Aug,R8 275m FFA,08-08-2022 08:54,40797529,7. Escapology,0,34,1,12.8234510487816693310080899094123916098,1,1001,1,1001,412.86,412.86,0
201830782,AUS / Cannington (AUS) 8th Aug,R10 275m Gr4,08-08-2022 09:34,40522537,5. Cha Cha Moment,0,28,1,18.8474511550945077324508368866543626297,1,1001,1,1001,628.52,628.52,0
201824384,AUS / Angle Park (AUS) 8th Aug,R5 595m Gr5/6,08-08-2022 11:09,39078548,7. War Drum Express,0,5.9269550534588245,1,5.09261726394022652250400268822517839141,1,1001,1,1001,7588.65,7588.65,0
201824384,AUS / Angle Park (AUS) 8th Aug,R5 595m Gr5/6,08-08-2022 11:09,39680040,6. Compulsory Hero,0,65,1,32.3479501881835863497436156508120942686,1,1001,1,1001,395.89,395.89,0
201824389,AUS / Angle Park (AUS) 8th Aug,R6 342m Gr6,08-08-2022 11:27,44450818,2. Air Grace,1,7.629452345536555,1,4.16813091823503988055479156025303524419,1,1001,1,1001,2036.08,2036.08,0
201824394,AUS / Angle Park (AUS) 8th Aug,R7 342m Gr6,08-08-2022 11:49,47366257,6. Aston Presley,0,2.8752252922351538,1,2.21804688724160790694871331284276502139,1,1001,1,1001,16593,16593,0
201835560,TRP / Swindon 8th Aug,A9 476m,08-08-2022 11:43,20893190,2. Slanan Charm,0,26.057904820341697,1,18.8468290718743708475941211999194684921,1,1001,1,1001,745.05,745.05,0
201835576,TRP / Swindon 8th Aug,A5 476m,08-08-2022 13:44,36586094,3. Glavin Tyson,0,4.9,1,4.29992129687706948189285685536399956861,1,1001,1,1001,4,3048.08,0
201835576,TRP / Swindon 8th Aug,A5 476m,08-08-2022 13:44,38917684,4. Clover Spark,0,22.714591773464914,1,1,1,1001,1,1001,0,594.04,0
201835578,TRP / Swindon 8th Aug,A4 476m,08-08-2022 13:59,46411260,2. Ballymac Buzz,0,4.140914351,1,1,1,1001,1,1001,0,3261.26,0
201830735,AUS / Hobart (AUS) 8th Aug,R1 461m Gr6,08-08-2022 10:41,45920143,1. Commander Beven,0,49.65397723373025,1,26.1112487369210208937709834088464421917,1,1001,1,1001,613.58,613.58,0
201830735,AUS / Hobart (AUS) 8th Aug,R1 461m Gr6,08-08-2022 10:41,46653117,2. Wynburn Blondie,1,1.8105658203820525,1,1.78061086210505115922741866057994937389,1,1001,1,1001,25322.9,25322.9,0
201830741,AUS / Hobart (AUS) 8th Aug,R4 461m Heat,08-08-2022 11:43,41035048,8. Pops Promise,0,2.255995995119993,1,1.88057663167915319640120115224444583534,1,1001,1,1001,13740.14,13740.14,0
201830741,AUS / Hobart (AUS) 8th Aug,R4 461m Heat,08-08-2022 11:43,42070574,5. Ticket To Heaven,1,2.546581682,1,2.53141459356813866037549306050368026837,1,1001,1,1001,11732.84,11732.84,0
201830749,AUS / Hobart (AUS) 8th Aug,R8 461m Gr5,08-08-2022 13:04,41962125,3. Rusty Kingswood,0,70,1,1,1,1001,1,1001,0,232.54,0
201830749,AUS / Hobart (AUS) 8th Aug,R8 461m Gr5,08-08-2022 13:04,47366529,5. Dawny Dream,1,6.4,1,1,1,1001,1,1001,0,1963,0
201835538,TRP / Perry Barr 8th Aug,A9 480m,08-08-2022 13:21,20624546,5. Etch A Sketch,0,10.96565063959919,1,6.99963825710508631097242666251005454083,1,1001,1,1001,1.36,1661.12,0
201835538,TRP / Perry Barr 8th Aug,A9 480m,08-08-2022 13:21,31221530,6. Bobs Silver,0,3.95,1,4.69957363329612310026844430998249310674,1,1001,1,1001,2.02,12425.36,0
201835538,TRP / Perry Barr 8th Aug,A9 480m,08-08-2022 13:21,39863152,1. Brooklawn Knight,1,4.3,1,5.19962849440241824761655699688104513831,1,1001,1,1001,1.82,6512.58,0
201835538,TRP / Perry Barr 8th Aug,A9 480m,08-08-2022 13:21,47352707,4. Hast Binmon Bin,0,7.2,1,5.89961721740489024294976954925396453402,1,1001,1,1001,1.6,3445.58,0
201824308,AUS / Albion Park (AUS) 8th Aug,R1 520m Mdn,08-08-2022 09:43,44887525,3. Craigs Cruisin,0,446.642955517,1,153.677887474723444748423932437254668728,1,1001,1,1001,84.07,84.07,0
201824313,AUS / Albion Park (AUS) 8th Aug,R2 520m Nvce,08-08-2022 10:09,42901656,3. Pollys Jester,0,55,1,40.3457834692684909927077775236933709378,1,1001,1,1001,787.14,787.14,0
201824318,AUS / Albion Park (AUS) 8th Aug,R3 331m Gr4/5,08-08-2022 10:31,42373068,2. Traviss Lauryn,1,2.64,1,2.33408673833179953171761930961656604435,1,1001,1,1001,8106.22,8106.22,0
201824318,AUS / Albion Park (AUS) 8th Aug,R3 331m Gr4/5,08-08-2022 10:31,44855516,1. Boom One Down,0,44.78699570221718,1,28.6009841806545103248399951696654993358,1,1001,1,1001,662.48,662.48,0
201824328,AUS / Albion Park (AUS) 8th Aug,R5 520m Gr5,08-08-2022 11:15,45431046,7. Our Archie Boy,0,3.479220176483232,1,2.71239637089886052804180805496797541794,1,1001,1,1001,9483.34,9483.34,0
201824328,AUS / Albion Park (AUS) 8th Aug,R5 520m Gr5,08-08-2022 11:15,42588363,5. Laughing Les,1,4.7,1,4.13362916471417955308161632799890187391,1,1001,1,1001,8450.76,8450.76,0
201824338,AUS / Albion Park (AUS) 8th Aug,R7 600m Gr4/5,08-08-2022 11:55,41223150,3. Cincinnati Hope,1,1.3725303775813507,1,1.286255902203902726529709150454580568,1,1001,1,1001,20970.98,20970.98,0
201824343,AUS / Albion Park (AUS) 8th Aug,R8 520m Final,08-08-2022 12:17,42062663,3. Springtime Storm,1,34.367736273,1,1,1,1001,1,1001,0,535.2,0
201824343,AUS / Albion Park (AUS) 8th Aug,R8 520m Final,08-08-2022 12:17,45737564,6. Come On Aussie,0,7.0375810963770355,1,1,1,1001,1,1001,0,1903.84,0
201824353,AUS / Albion Park (AUS) 8th Aug,R10 520m Gr5,08-08-2022 12:57,27250382,4. Hammer Drill,0,260,1,1,1,1001,1,1001,0,144.73,0
201824353,AUS / Albion Park (AUS) 8th Aug,R10 520m Gr5,08-08-2022 12:57,35866400,7. Tequila Talking,0,5.3,1,1,1,1001,1,1001,0,8928.37,0
201835530,TRP / Perry Barr 8th Aug,A7 480m,08-08-2022 12:21,2261997,6. Warped,1,3.75,1,1,1,1001,1,1001,0,8488.64,0
201835540,TRP / Perry Barr 8th Aug,A6 480m,08-08-2022 13:36,46563230,4. Pennys Noelle,0,11.5,1,1,1,1001,1,1001,0,2369.62,0
201835764,TRP / Sheffield 8th Aug,A4 500m,08-08-2022 14:04,46714149,6. Harvey Moon,0,12,1,1,1,1001,1,1001,0,1030.4,0
201835764,TRP / Sheffield 8th Aug,A4 500m,08-08-2022 14:04,46904065,2. Ballymac Emo,0,4.100618905490724,1,1,1,1001,1,1001,0,4287.92,0
201835770,TRP / Sheffield 8th Aug,A2 500m,08-08-2022 14:54,46208933,2. Chasing Norma,0,3.45,1,1,1,1001,1,1001,0,3256.48,0
201835893,TRP / Yarmouth 8th Aug,A7 462m,08-08-2022 19:09,44109222,1. Old Fort Buddy,0,3.330051228,1,1,1,1001,1,1001,0,4224.74,0
201835893,TRP / Yarmouth 8th Aug,A7 462m,08-08-2022 19:09,44350591,3. Roscrea Karen,0,6.4,1,1,1,1001,1,1001,0,1168.9,0
201835895,TRP / Yarmouth 8th Aug,A1 462m,08-08-2022 19:26,40300269,4. Kildallon Prince,1,7.080214482726878,1,1,1,1001,1,1001,0,2402.02,0
201835941,TRP / Nottingham 8th Aug,A4 500m,08-08-2022 18:26,38623641,1. Billis Starlet,0,5.1,1,1,1,1001,1,1001,0,3544.98,0
201835941,TRP / Nottingham 8th Aug,A4 500m,08-08-2022 18:26,38874186,3. Coyote Feng Shui,0,7.8,1,1,1,1001,1,1001,0,2325.2,0
201821662,AUS / Shepparton (AUS) 8th Aug,R2 450m Heat,08-08-2022 10:22,47366225,6. Mountainous,0,9.048591873,1,7.77497226316050936428819818178807398698,1,1001,1,1001,1811.67,1811.67,0
201836013,RPGTV / Towcester 8th Aug,A2 500m,08-08-2022 18:17,39914466,6. Kishlawn Orla,0,13,1,1,1,1001,1,1001,0,859.4,0
201836017,RPGTV / Towcester 8th Aug,A3 500m,08-08-2022 18:48,16384933,2. Notorious King,0,6.8,1,1,1,1001,1,1001,0,2878.26,0
201836017,RPGTV / Towcester 8th Aug,A3 500m,08-08-2022 18:48,35676758,5. Borna Buck,1,13.5,1,1,1,1001,1,1001,0,1048.1,0
201836148,SIS / Suffolk Downs 8th Aug,A7 388m,08-08-2022 12:24,40124690,6. Blackroseyoughal,0,2.719392885829148,1,3.94988908417043519163679445652843453086,1,1001,1,1001,4,8229.82,0
201836148,SIS / Suffolk Downs 8th Aug,A7 388m,08-08-2022 12:24,43791041,1. Kingswood Lady,1,4.121004659148748,1,1,1,1001,1,1001,0,4162.8,0
201835778,TRP / Sheffield 8th Aug,A3 500m,08-08-2022 16:04,44670832,4. Slaheny Mags,0,4.375527299611129,1,1,1,1001,1,1001,0,3894.16,0
201835594,SIS / Central Park 8th Aug,A4 480m,08-08-2022 11:01,40475426,2. Burnpark Rankin,0,11.5,1,9.16845384856771417043977226879454879634,1,1001,1,1001,1784.56,1784.56,0
201835594,SIS / Central Park 8th Aug,A4 480m,08-08-2022 11:01,45885091,3. Dansgamechanger,1,2.1234206337064103,1,2.05323869463289438370797201007409829889,1,1001,1,1001,11252.62,11252.62,0
201835598,SIS / Central Park 8th Aug,B2 450m,08-08-2022 11:31,40075727,6. Sleepy Seanie,0,10.5,1,6.9835169995617055913843841963558950598,1,1001,1,1001,1277.68,1277.68,0
201835598,SIS / Central Park 8th Aug,B2 450m,08-08-2022 11:31,45647708,5. Greenhall Tokyo,0,3.930554994228879,1,3.0599619014681601142398143603016645098,1,1001,1,1001,3585.44,3585.44,0
201835600,SIS / Central Park 8th Aug,D2 265m,08-08-2022 11:46,40124986,4. Foxwood Bev,1,2.336079168132346,1,2.16093117971334068357221609702315325248,1,1001,1,1001,9070,9070,0
201835600,SIS / Central Park 8th Aug,D2 265m,08-08-2022 11:46,40475421,6. Droopys Exciting,0,8,1,5.53178375212086935444776601761331501979,1,1001,1,1001,1980.32,1980.32,0
201835600,SIS / Central Park 8th Aug,D2 265m,08-08-2022 11:46,40075730,2. Hollyoak Maya,0,25.402235079,1,16.8126164718410416515404535443742588156,1,1001,1,1001,826.38,826.38,0
201835816,SIS / Monmore 8th Aug,A8 480m,08-08-2022 16:18,46870364,4. Knockbann Jack,0,4.779058089,1,1,1,1001,1,1001,0,3656.3,0
201835826,SIS / Monmore 8th Aug,A5 480m,08-08-2022 17:54,45650907,6. Sporty Popeye,0,5.588457780852915,1,1,1,1001,1,1001,0,3238.86,0
201835596,SIS / Central Park 8th Aug,D3 265m,08-08-2022 11:16,41469475,4. Hollyoak Dave,0,4.1,1,3.01767936890986967661918748587882954125,1,1001,1,1001,4160.42,4160.42,0
201835596,SIS / Central Park 8th Aug,D3 265m,08-08-2022 11:16,44195518,2. Hollyoak Jethro,0,7.945576892479728,1,6.22724340596330275229357798165137614679,1,1001,1,1001,1674.24,1674.24,0
201835596,SIS / Central Park 8th Aug,D3 265m,08-08-2022 11:16,41237515,1. Baptism Of Fire,0,10.679245375392775,1,7.24780505387767491273334345120655638185,1,1001,1,1001,1054.24,1054.24,0
201835606,SIS / Central Park 8th Aug,D5 265m,08-08-2022 12:31,46393329,6. Fawkham Dolly,1,2.207280499238933,1,4.431782222815826507792566471779897965,1,1001,1,1001,7.46,16495.56,0
201835606,SIS / Central Park 8th Aug,D5 265m,08-08-2022 12:31,47350461,4. Conlig Norma,0,10.569308555749837,1,1,1,1001,1,1001,0,1910.94,0
201820739,AUS / Maitland (AUS) 8th Aug,R1 400m Mdn,08-08-2022 09:05,8156430,5. Mr Fahrenheit,1,2.736402492220659,1,2.51462408715034257168383839590692882926,1,1001,1,1001,15065.46,15065.46,0
201820739,AUS / Maitland (AUS) 8th Aug,R1 400m Mdn,08-08-2022 09:05,45848359,3. Toms The One,0,95,1,21.0494082284426075521322562464775502536,1,1001,1,1001,319.38,319.38,0
201820739,AUS / Maitland (AUS) 8th Aug,R1 400m Mdn,08-08-2022 09:05,47366340,1. Munster Man,0,32.45148907915078,1,14.1195121951219512195121951219512195122,1,1001,1,1001,549.4,549.4,0
201820739,AUS / Maitland (AUS) 8th Aug,R1 400m Mdn,08-08-2022 09:05,47366342,8. Drink Crownies,0,23.08259766531383,1,10.5023764701496710219753592663696855604,1,1001,1,1001,536.51,536.51,0
201820757,AUS / Maitland (AUS) 8th Aug,R7 400m Final,08-08-2022 11:18,41435653,7. We Back,0,7.018875456859824,1,5.78667590784029571755612962846281477748,1,1001,1,1001,2380.65,2380.65,0
201820757,AUS / Maitland (AUS) 8th Aug,R7 400m Final,08-08-2022 11:18,41540162,4. Uncle Pat,0,34,1,18.6547113360174343441805488863443282976,1,1001,1,1001,541.46,541.46,0
201835612,SIS / Central Park 8th Aug,D2 265m,08-08-2022 13:17,36129373,6. Drombane World,0,5.3,1,1,1,1001,1,1001,0,4634.52,0
201835812,SIS / Monmore 8th Aug,A3 480m,08-08-2022 15:38,46328495,3. Crossfield Marta,1,3.65,1,1,1,1001,1,1001,0,12312.68,0
201836015,RPGTV / Towcester 8th Aug,D3 270m,08-08-2022 18:33,47407135,1. Salacres Mia (res),1,4.1,1,1,1,1001,1,1001,0,2343.6,0
201835772,TRP / Sheffield 8th Aug,A6 500m,08-08-2022 15:09,26127444,2. Rathbawn Paddy,0,17.476645521,1,1,1,1001,1,1001,0,1590.33,0
201830715,NZL / Addington (NZL) 8th Aug,R3 295m C0,08-08-2022 01:52,46134155,2. Goldstar Hope,1,6.303621790182436,1,4.75234546902630975040159829371346805437,1,1001,1,1001,1481.58,1481.58,0
201830721,NZL / Addington (NZL) 8th Aug,R6 295m C1,08-08-2022 02:48,47366209,3. Waianakarua Girl,0,4.7,1,4.18075704960436673218122753240934040755,1,1001,1,1001,1963.94,1963.94,0
201830729,NZL / Addington (NZL) 8th Aug,R10 295m C1,08-08-2022 03:57,44682339,8. Homebush Reta,0,22,1,16.0036646189404537436895565963140928167,1,1001,1,1001,657.64,657.64,0
201830729,NZL / Addington (NZL) 8th Aug,R10 295m C1,08-08-2022 03:57,46968394,6. Diamond Vaper,1,1.9109887095355043,1,1.7491058021851744095619221190812093665,1,1001,1,1001,10930.02,10930.02,0
201836144,SIS / Suffolk Downs 8th Aug,A4 388m,08-08-2022 11:54,28752408,3. Our Lovely Girl,0,7.2,1,5.23626209795678951999217909864111838889,1,1001,1,1001,1636.64,1636.64,0
201836154,SIS / Suffolk Downs 8th Aug,A3 388m,08-08-2022 13:09,43362030,4. Roman Trooper,0,5,1,1,1,1001,1,1001,0,2077.34,0
201830767,AUS / Cannington (AUS) 8th Aug,R5 275m Gr5,08-08-2022 07:58,36673182,2. Chevy Nova,0,3.475145734,1,2.55438710049803753421946634123816748574,1,1001,1,1001,2425.52,2425.52,0
201830767,AUS / Cannington (AUS) 8th Aug,R5 275m Gr5,08-08-2022 07:58,42456851,3. Zipper Fernando,0,100,1,31.2229260935143288084464555052790346908,1,1001,1,1001,132.6,132.6,0
201830779,AUS / Cannington (AUS) 8th Aug,R9 520m Gr5/6,08-08-2022 09:11,40410698,5. Tarzali,0,38.46528932375522,1,23.0781733340324018245687621244691448645,1,1001,1,1001,572.19,572.19,0
201830779,AUS / Cannington (AUS) 8th Aug,R9 520m Gr5/6,08-08-2022 09:11,40599786,4. Born A Star,0,11.5,1,7.60063758035620191801032774791864263884,1,1001,1,1001,1138.68,1138.68,0
201835534,TRP / Perry Barr 8th Aug,A6 480m,08-08-2022 12:51,43454151,6. Drumcrow Andi,0,6.416260723301094,1,1,1,1001,1,1001,0,3112.14,0
201835608,SIS / Central Park 8th Aug,D4 265m,08-08-2022 12:46,45008421,2. Joshs Fury,0,7.4,1,1,1,1001,1,1001,0,1808.44,0
201835564,TRP / Swindon 8th Aug,A5 476m,08-08-2022 12:13,36350250,3. Confey Hero,0,4.655495555160451,1,1,1,1001,1,1001,0,2780,0
201835564,TRP / Swindon 8th Aug,A5 476m,08-08-2022 12:13,45352814,4. Tuxedo Roco,0,4.1,1,1,1,1001,1,1001,0,3744.2,0
201835564,TRP / Swindon 8th Aug,A5 476m,08-08-2022 12:13,36493151,6. Mohican Chad,0,9.6,1,1,1,1001,1,1001,0,1204.76,0
201835864,SIS / Romford 8th Aug,A9 400m,08-08-2022 17:28,40426151,5. Blakes Seven,0,13.5,1,1,1,1001,1,1001,0,1196.08,0
201835864,SIS / Romford 8th Aug,A9 400m,08-08-2022 17:28,47029439,4. Two Tempting,0,3.5582743355137065,1,1,1,1001,1,1001,0,4036.18,0
201835897,TRP / Yarmouth 8th Aug,A3 462m,08-08-2022 19:41,47407146,2. Bit Short That (res),0,13,1,1,1,1001,1,1001,0,1520,0
201835907,TRP / Yarmouth 8th Aug,A5 462m,08-08-2022 21:01,28793960,5. Slaney Icon,0,16.002249082237235,1,1,1,1001,1,1001,0,2104.26,0
201835951,TRP / Nottingham 8th Aug,OR3 500m,08-08-2022 19:51,40581029,4. Trickys Rocket,1,10.5,1,1,1,1001,1,1001,0,1858.6,0
201835951,TRP / Nottingham 8th Aug,OR3 500m,08-08-2022 19:51,43571012,6. Come Asyouare,0,4.694846223635686,1,1,1,1001,1,1001,0,4820.8,0
201835953,TRP / Nottingham 8th Aug,OR 500m,08-08-2022 20:06,43898908,1. Crouchs Princess,1,6.8,1,1,1,1001,1,1001,0,3943.18,0
201835953,TRP / Nottingham 8th Aug,OR 500m,08-08-2022 20:06,47350451,3. Bellmore Lola,0,5.140587738546891,1,1,1,1001,1,1001,0,6405.98,0
201835955,TRP / Nottingham 8th Aug,OR 480m,08-08-2022 20:21,37094939,2. Butlers Blake,0,5.8,1,1,1,1001,1,1001,0,5129.9,0
201835955,TRP / Nottingham 8th Aug,OR 480m,08-08-2022 20:21,47350455,4. Farneys Select,0,13,1,1,1,1001,1,1001,0,1344.66,0
201835983,RPGTV / Doncaster 8th Aug,D4 275m,08-08-2022 18:58,43174222,3. Ballygur June,0,9.4,1,1,1,1001,1,1001,0,2108.62,0
201830747,AUS / Hobart (AUS) 8th Aug,R7 461m Gr3,08-08-2022 12:45,40187765,5. Jewel Titan,0,4.752284001336666,1,1,1,1001,1,1001,0,4462.18,0
201830747,AUS / Hobart (AUS) 8th Aug,R7 461m Gr3,08-08-2022 12:45,47366527,3. Shes All Mine,0,5.00250973770817,1,1,1,1001,1,1001,0,3775.15,0
201824399,AUS / Angle Park (AUS) 8th Aug,R8 342m Gr6,08-08-2022 12:11,40995974,8. Slippers Tick,1,5.040195491390769,1,4.40054263922178052209953341532100252982,1,1001,1,1001,28.82,4690.86,0
201820635,AUS / Warrnambool (AUS) 8th Aug,R5 450m Gr6/7,08-08-2022 06:57,44535330,3. Back Pat,0,17.202968147,1,8.38819635650435635348696865688530155018,1,1001,1,1001,1060.52,1060.52,0
201820748,AUS / Maitland (AUS) 8th Aug,R4 400m Gr5,08-08-2022 10:12,18310460,5. Its Got Legs,0,1.3281612008815502,1,1.26133465516527118651869513783722824961,1,1001,1,1001,17379.92,17379.92,0
201820751,AUS / Maitland (AUS) 8th Aug,R5 450m Rest,08-08-2022 10:38,47366349,8. Bobby Rissole,0,12.53612873272155,1,11.1055625339640626809560716608315293405,1,1001,1,1001,2245.02,2245.02,0
201820754,AUS / Maitland (AUS) 8th Aug,R6 450m Rest,08-08-2022 10:56,45848356,5. Panther Pride,0,19.738699494,1,13.7357041340968942022321615182042385988,1,1001,1,1001,956.92,956.92,0
201820662,AUS / Ipswich (AUS) 8th Aug,R2 288m Mdn,08-08-2022 02:24,47366307,1. Run Roly Run,0,7.2,1,5.66867415730337078651685393258426966292,1,1001,1,1001,1157,1157,0
201820665,AUS / Ipswich (AUS) 8th Aug,R3 288m Mdn,08-08-2022 02:42,47366316,1. Jazzy Vlad,0,9.175471577314893,1,7.60912832769036712474274712872601739361,1,1001,1,1001,1506.3,1506.3,0
201820674,AUS / Ipswich (AUS) 8th Aug,R6 288m Nvce,08-08-2022 03:44,45191630,1. Farmor Truth,0,3.502947749518121,1,2.73171091031541138174879335503423504321,1,1001,1,1001,5701.76,5701.76,0
201820674,AUS / Ipswich (AUS) 8th Aug,R6 288m Nvce,08-08-2022 03:44,45943554,5. Werina Shadow,0,8,1,5.86962519444689031727862404977840392122,1,1001,1,1001,1703.55,1703.55,0
201820677,AUS / Ipswich (AUS) 8th Aug,R7 288m M5,08-08-2022 04:07,25733599,2. Blazin Bazza,0,95,1,32.3381609969686763219939373526439878747,1,1001,1,1001,296.9,296.9,0
201820686,AUS / Ipswich (AUS) 8th Aug,R10 288m Heat,08-08-2022 05:17,38849903,3. Yosemite Sam,0,50.614464364871075,1,22.180114328554024927373254615312529285,1,1001,1,1001,320.13,320.13,0
201820689,AUS / Ipswich (AUS) 8th Aug,R11 288m Heat,08-08-2022 05:42,45367709,10. Alvey,0,12.193386181471867,1,7.27066650390625,1,1001,1,1001,819.2,819.2,0
201835800,SIS / Monmore 8th Aug,A5 480m,08-08-2022 13:49,39823309,1. Holycross Ted,0,4,1,1,1,1001,1,1001,0,7176.5,0
201835800,SIS / Monmore 8th Aug,A5 480m,08-08-2022 13:49,41813040,6. Fearsome Munster,0,10.5,1,1,1,1001,1,1001,0,2079.02,0
201835818,SIS / Monmore 8th Aug,A8 480m,08-08-2022 16:38,41645801,3. Active Future,1,3.4298520482321484,1,1,1,1001,1,1001,0,5010.04,0
201835899,TRP / Yarmouth 8th Aug,A2 462m,08-08-2022 19:58,41423257,3. Swift Quaff,0,4,1,1,1,1001,1,1001,0,3383.48,0
201835903,TRP / Yarmouth 8th Aug,D1 277m,08-08-2022 20:27,39542682,3. Deadline Day,0,7.743462933653063,1,1,1,1001,1,1001,0,2798.14,0
201835903,TRP / Yarmouth 8th Aug,D1 277m,08-08-2022 20:27,32545247,2. Roxys Teddy,0,8.2,1,1,1,1001,1,1001,0,2059.8,0
201835997,RPGTV / Doncaster 8th Aug,B7 450m,08-08-2022 21:12,37309745,4. Hulla Head,0,7,1,1,1,1001,1,1001,0,1611.16,0
201836031,RPGTV / Towcester 8th Aug,D3 270m,08-08-2022 21:02,40302395,4. Celine,0,7.630762820697418,1,1,1,1001,1,1001,0,1870.62,0
201820760,AUS / Maitland (AUS) 8th Aug,R8 565m Gr5,08-08-2022 11:40,38849084,8. King Power,0,2.624207376740742,1,2.11323338330834582708645677161419290355,1,1001,1,1001,11565.78,11565.78,0
201820797,AUS / Nowra (AUS) 8th Aug,R2 365m Mdn,08-08-2022 09:40,47366174,2. Monday Blues,1,1.55,1,1.50325392244394274568232611304145080667,1,1001,1,1001,14067.76,14067.76,0
201820797,AUS / Nowra (AUS) 8th Aug,R2 365m Mdn,08-08-2022 09:40,47148494,7. Just Like Aria,0,210,1,45.6802694649566005959321155590102344863,1,1001,1,1001,77.19,77.19,0
201820812,AUS / Nowra (AUS) 8th Aug,R5 520m Gr5,08-08-2022 10:50,43946217,7. Rockstar Waimea,0,4.300680115570067,1,3.25193101562855971203353533512552968515,1,1001,1,1001,4389.4,4389.4,0
201824369,AUS / Angle Park (AUS) 8th Aug,R2 530m Gr6,08-08-2022 09:59,43256877,4. Sir Benjamin,0,11.5,1,10.5645736192024810742706998481634235379,1,1001,1,1001,1857.26,1857.26,0
201820766,AUS / Maitland (AUS) 8th Aug,R10 400m Gr5,08-08-2022 12:20,46408406,4. Single Swinger,0,3.0130536786651643,1,1,1,1001,1,1001,0,7818.64,0
201820656,AUS / Warrnambool (AUS) 8th Aug,R12 390m Gr5,08-08-2022 09:21,39785195,1. Naha,0,140,1,36.2870447921203390398338302790713256726,1,1001,1,1001,298.49,298.49,0
201820656,AUS / Warrnambool (AUS) 8th Aug,R12 390m Gr5,08-08-2022 09:21,38780174,4. Mystic Lane,0,130,1,33.5946123521681997371879106438896189225,1,1001,1,1001,304.4,304.4,0
201820623,AUS / Warrnambool (AUS) 8th Aug,R1 390m Mdn,08-08-2022 05:39,47148708,8. Menari Stenosis,0,80.2870405586576,1,21.1624137700087067175674770611479472239,1,1001,1,1001,149.31,149.31,0
201820632,AUS / Warrnambool (AUS) 8th Aug,R4 390m Gr5,08-08-2022 06:41,42527950,8. Texicali Velvet,0,11.5,1,5.45834704995942969746145821258838530196,1,1001,1,1001,862.7,862.7,0
201820653,AUS / Warrnambool (AUS) 8th Aug,R11 390m Gr5,08-08-2022 09:02,44782030,2. Irelyn Bale,0,3.2097775325609117,1,2.64689338718704274357228107320822909853,1,1001,1,1001,5932.12,5932.12,0
201820680,AUS / Ipswich (AUS) 8th Aug,R8 288m FFA,08-08-2022 04:32,35381881,8. Chase A Lot,0,13.686474281551172,1,7.80948522318688064544418135578356572832,1,1001,1,1001,1140.3,1140.3,0
201820683,AUS / Ipswich (AUS) 8th Aug,R9 288m Heat,08-08-2022 04:57,43594834,3. Hey Femando,1,6.929355233,1,4.58890290841426422981825597104330758839,1,1001,1,1001,1569.24,1569.24,0
201821667,AUS / Shepparton (AUS) 8th Aug,R3 385m Final,08-08-2022 10:44,41946935,7. Aston Cooper,0,2.537755260567611,1,2.15573912452056558079881850841545558111,1,1001,1,1001,8233.66,8233.66,0
201821667,AUS / Shepparton (AUS) 8th Aug,R3 385m Final,08-08-2022 10:44,43778787,1. Twilight Sofia,0,18.41394226426215,1,10.1166224958626037242353050100107630169,1,1001,1,1001,864.07,864.07,0
201835566,TRP / Swindon 8th Aug,A8 476m,08-08-2022 12:28,41565372,5. Manifesto,0,8,1,1,1,1001,1,1001,0,2070.56,0
201835566,TRP / Swindon 8th Aug,A8 476m,08-08-2022 12:28,45284891,2. Mohican Iceman,0,9.000348214,1,7.26579151715209983391616925245303096982,1,1001,1,1001,6.74,1774.33,0
201835528,TRP / Perry Barr 8th Aug,A8 480m,08-08-2022 12:06,26229148,4. Slaneyside Annie,0,19,1,1,1,1001,1,1001,0,1128.92,0
201821702,AUS / Shepparton (AUS) 8th Aug,R10 385m Gr5,08-08-2022 13:07,47366233,9. Lektra Sammy,0,48.39627771661616,1,1,1,1001,1,1001,0,344.32,0
201835846,SIS / Romford 8th Aug,A5 400m,08-08-2022 14:32,39330604,5. Storys Jap,0,15,1,1,1,1001,1,1001,0,1611.94,0
201835846,SIS / Romford 8th Aug,A5 400m,08-08-2022 14:32,44330754,4. Garnacanty Twist,0,7.6,1,1,1,1001,1,1001,0,1997.96,0
201835901,TRP / Yarmouth 8th Aug,A3 462m,08-08-2022 20:12,47350465,2. Dark Enigma,0,13,1,1,1,1001,1,1001,0,994.17,0
201835947,TRP / Nottingham 8th Aug,A3 500m,08-08-2022 19:16,39823720,1. Slamannan Way,0,12.257560619707217,1,1,1,1001,1,1001,0,1681.62,0
201835842,SIS / Romford 8th Aug,A5 400m,08-08-2022 13:57,38340962,6. Cirque Du Soleil,0,5.529907528300971,1,1,1,1001,1,1001,0,2436.74,0
201835842,SIS / Romford 8th Aug,A5 400m,08-08-2022 13:57,42158524,2. Herecomesthesun,1,3.4,1,1,1,1001,1,1001,0,6652.08,0
201835850,SIS / Romford 8th Aug,A11 400m,08-08-2022 15:11,38357898,3. Health Care,0,3.638525311,1,1,1,1001,1,1001,0,2733.42,0
201835856,SIS / Romford 8th Aug,A6 400m,08-08-2022 16:08,39469320,6. Drohobych Arrow,0,8.793387842,1,1,1,1001,1,1001,0,1734.86,0
201835945,TRP / Nottingham 8th Aug,A2 500m,08-08-2022 18:59,41934994,3. Kranky Don,0,4,1,1,1,1001,1,1001,0,4158.9,0
201835866,SIS / Romford 8th Aug,A2 400m,08-08-2022 17:44,40883676,2. Glengar Daisy,1,2.7320001091716954,1,1,1,1001,1,1001,0,7096.94,0
201835866,SIS / Romford 8th Aug,A2 400m,08-08-2022 17:44,40724210,4. Tullymurry Ed,0,12.261893675,1,1,1,1001,1,1001,0,1285.46,0
201835905,TRP / Yarmouth 8th Aug,A8 462m,08-08-2022 20:46,39187148,5. Airport Wonder,0,10.072318229339212,1,1,1,1001,1,1001,0,1563.5,0
201835949,TRP / Nottingham 8th Aug,OR 500m,08-08-2022 19:34,47350448,3. Nottinghamforest,0,5,1,1,1,1001,1,1001,0,4639.64,0
201835989,RPGTV / Doncaster 8th Aug,B4 450m,08-08-2022 19:56,40485687,5. Rosstemple Bert,0,8.716417007463463,1,1,1,1001,1,1001,0,1803.04,0
201835989,RPGTV / Doncaster 8th Aug,B4 450m,08-08-2022 19:56,45031250,2. Ballybrack Brook,0,5.556440839567513,1,1,1,1001,1,1001,0,4230.52,0
201835999,RPGTV / Doncaster 8th Aug,B7 450m,08-08-2022 21:28,46173876,3. Clonalis Bluelee,0,34,1,1,1,1001,1,1001,0,626.14,0
201836021,RPGTV / Towcester 8th Aug,A4 500m,08-08-2022 19:24,41968668,5. Dankeschon,0,6.2,1,3.49993225183597524507085857973248924954,1,1001,1,1001,4,3750.58,0
201835991,RPGTV / Doncaster 8th Aug,B6 450m,08-08-2022 20:17,22311344,6. Thinking Cap,0,6.218342352598794,1,1,1,1001,1,1001,0,4835.28,0
201835995,RPGTV / Doncaster 8th Aug,B7 450m,08-08-2022 20:54,25598588,1. Redbrick Maddi,0,10.5,1,1,1,1001,1,1001,0,1743.28,0
201835995,RPGTV / Doncaster 8th Aug,B7 450m,08-08-2022 20:54,41515401,2. Do It Quietly,0,5.065593934,1,1,1,1001,1,1001,0,4298.52,0
201835995,RPGTV / Doncaster 8th Aug,B7 450m,08-08-2022 20:54,41914296,3. Luttons Ethan,0,6.918068906254195,1,1,1,1001,1,1001,0,2339.58,0
201835987,RPGTV / Doncaster 8th Aug,B5 450m,08-08-2022 19:36,41264060,6. Eden Honey,1,4,1,1,1,1001,1,1001,0,4406.42,0
201835987,RPGTV / Doncaster 8th Aug,B5 450m,08-08-2022 19:36,44109267,4. Brennans Dani,0,3.9705293421219174,1,1,1,1001,1,1001,0,6745.5,0
201835562,TRP / Swindon 8th Aug,D3 262m,08-08-2022 11:58,45905930,2. Livin The Dream,0,5.7940161584178,1,4.34678709600619010773168263793821796322,1,1001,1,1001,3360.2,3360.2,0
201836138,SIS / Suffolk Downs 8th Aug,A8 388m,08-08-2022 11:09,47250707,2. Blackrose Hugo,0,3.807596309109795,1,2.83630646917542369790716939059398460985,1,1001,1,1001,3838.82,3838.82,0
201836140,SIS / Suffolk Downs 8th Aug,A7 388m,08-08-2022 11:24,37034116,6. Master Hulk,0,4.868982804,1,3.53780019032347497695887064747446743146,1,1001,1,1001,2669.14,2669.14,0
201835522,TRP / Perry Barr 8th Aug,A4 480m,08-08-2022 11:21,38236737,1. Hugh Adventure,0,13,1,8.73942306388862530331168919193699250363,1,1001,1,1001,1475.38,1475.38,0
201820644,AUS / Warrnambool (AUS) 8th Aug,R8 450m Gr5,08-08-2022 08:02,10738518,3. Half Pint,0,7.301765553,1,4.11346665779315852522294689205377345934,1,1001,1,1001,1202.08,1202.08,0
201820644,AUS / Warrnambool (AUS) 8th Aug,R8 450m Gr5,08-08-2022 08:02,28638069,2. Nowhere Nathe,0,19.677520264172927,1,10.2401800501082848528599940549492547454,1,1001,1,1001,941.96,941.96,0
201820742,AUS / Maitland (AUS) 8th Aug,R2 450m Mdn,08-08-2022 09:28,39047704,3. Flying Torpedo,0,36,1,17.6119544953011452269527831678271125823,1,1001,1,1001,525.66,525.66,0
201820769,AUS / Maitland (AUS) 8th Aug,R11 400m Gr5,08-08-2022 12:42,40062545,2. Mr Doo,1,2.9582962062944356,1,1,1,1001,1,1001,0,8237.8,0
201820769,AUS / Maitland (AUS) 8th Aug,R11 400m Gr5,08-08-2022 12:42,46134281,6. Turbo Power,0,3.65,1,1,1,1001,1,1001,0,7485.74,0
201821657,AUS / Shepparton (AUS) 8th Aug,R1 450m Heat,08-08-2022 09:56,47366219,2. Gucci Girl,0,13.018300879,1,7.90019221914444208941479137279550952691,1,1001,1,1001,1368.23,1368.23,0
201821672,AUS / Shepparton (AUS) 8th Aug,R4 650m Gr4/5,08-08-2022 11:06,38353360,8. Ishmy Ruby,0,150,1,63.6313800315561589549774336770263824166,1,1001,1,1001,272.53,272.53,0
201821707,AUS / Shepparton (AUS) 8th Aug,R11 385m Gr5,08-08-2022 13:22,35381894,8. Nullify,0,29.269809442546023,1,1,1,1001,1,1001,0,399.81,0
201821707,AUS / Shepparton (AUS) 8th Aug,R11 385m Gr5,08-08-2022 13:22,46027145,3. Zipping Spencer,0,8.834617816704267,1,1,1,1001,1,1001,0,1827.2,0
201830727,NZL / Addington (NZL) 8th Aug,R9 295m C1,08-08-2022 03:40,45087554,6. Homebush Snoop,0,123.57228219687707,1,26.3336533187054306088864509051014810752,1,1001,1,1001,145.84,145.84,0
201830751,AUS / Hobart (AUS) 8th Aug,R9 340m Gr4,08-08-2022 13:19,43351512,5. Minardo,1,2.9850896798882607,1,1,1,1001,1,1001,0,9406.46,0
201830758,AUS / Cannington (AUS) 8th Aug,R2 275m Nvce,08-08-2022 06:54,44327824,2. Vanda Stanley,1,3.331063882898306,1,2.64206798866855524079320113314447592068,1,1001,1,1001,3522.94,3522.94,0
201820763,AUS / Maitland (AUS) 8th Aug,R9 400m N/G,08-08-2022 12:02,28064390,4. Haas,0,31.455216115503273,1,31.7765535548697062939051979932353801927,1,1001,1,1001,.9,769.06,0
201820763,AUS / Maitland (AUS) 8th Aug,R9 400m N/G,08-08-2022 12:02,41719670,8. Ritza Franky Boy,1,4.271512256163261,1,3.68314463893446144978007012735214497805,1,1001,1,1001,1214.76,4918.92,0
201820792,AUS / Nowra (AUS) 8th Aug,R1 520m Mdn,08-08-2022 09:18,44758503,1. Twisted Kisses,0,6.8,1,5.0585100891600187705302674800563115908,1,1001,1,1001,2557.2,2557.2,0
201820792,AUS / Nowra (AUS) 8th Aug,R1 520m Mdn,08-08-2022 09:18,47366173,5. Rocking Red,0,9,1,6.77537403003405348071233182604812147602,1,1001,1,1001,1433.04,1433.04,0
201820802,AUS / Nowra (AUS) 8th Aug,R3 365m Gr5,08-08-2022 10:06,39327312,7. Boy Serious,0,18.37535192025942,1,11.4176532660729911978174705307046893499,1,1001,1,1001,777.08,777.08,0
201820807,AUS / Nowra (AUS) 8th Aug,R4 365m Final,08-08-2022 10:28,47366180,5. Bogan Gate,0,13,1,8.30316264139406909202078874961785386732,1,1001,1,1001,1308.4,1308.4,0
201820807,AUS / Nowra (AUS) 8th Aug,R4 365m Final,08-08-2022 10:28,47366182,8. Maybe Tomorrow,0,120,1,46.763677703566860878215148500781583061,1,1001,1,1001,140.74,140.74,0
201820817,AUS / Nowra (AUS) 8th Aug,R6 520m Gr5,08-08-2022 11:12,43016458,3. Belle Intention,0,33.263397047640765,1,13.1398228528621160710351209624113162649,1,1001,1,1001,453.86,453.86,0
201830711,NZL / Addington (NZL) 8th Aug,R1 295m C0,08-08-2022 01:18,47366196,5. Pukeko Lights,0,7.08516798,1,4.06669383477906502881760493683413867381,1,1001,1,1001,687.08,687.08,0
201830731,NZL / Addington (NZL) 8th Aug,R11 295m C1,08-08-2022 04:22,43203813,3. Know Knuckles,0,12,1,10.0924845884201619726822192674966759338,1,1001,1,1001,661.84,661.84,0
201830731,NZL / Addington (NZL) 8th Aug,R11 295m C1,08-08-2022 04:22,42062651,6. Lets Go Yoyo,0,21,1,12.705098039215686274509803921568627451,1,1001,1,1001,816,816,0
201830743,AUS / Hobart (AUS) 8th Aug,R5 461m Inv,08-08-2022 12:05,39066140,8. Aston Paisley,0,3.95,1,1,1,1001,1,1001,0,5972.7,0
201830743,AUS / Hobart (AUS) 8th Aug,R5 461m Inv,08-08-2022 12:05,40273468,4. Rip Away,0,2.129893124706283,1,2.4504940018850836502491458130251310353,1,1001,1,1001,13.32,10682.94,0
201830753,AUS / Hobart (AUS) 8th Aug,R10 340m Gr4,08-08-2022 13:39,40014987,2. Seraphim,0,11.5,1,1,1,1001,1,1001,0,1534.1,0
201830753,AUS / Hobart (AUS) 8th Aug,R10 340m Gr4,08-08-2022 13:39,46426595,8. Handy Point,0,13,1,1,1,1001,1,1001,0,1225.51,0
201830753,AUS / Hobart (AUS) 8th Aug,R10 340m Gr4,08-08-2022 13:39,38206581,6. Alyssas Anarchy,0,35.01161098,1,1,1,1001,1,1001,0,769.47,0
201820827,AUS / Nowra (AUS) 8th Aug,R8 365m Final,08-08-2022 11:52,40130222,7. Winlock Lloyd,0,20.614227084778243,1,10.2697984883760938628986936725120712,1,1001,1,1001,871.91,871.91,0
201820832,AUS / Nowra (AUS) 8th Aug,R9 365m FFA,08-08-2022 12:14,38761662,1. Cop Magnet,0,4.541837333278526,1,4.39998047795409575490298726223113401006,1,1001,1,1001,10.38,2327.28,0
201830788,AUS / Cannington (AUS) 8th Aug,R12 275m Gr4/5,08-08-2022 10:19,38688204,8. Nitro Jack,0,4.6,1,3.12517403028642428122643198576288475207,1,1001,1,1001,3686.14,3686.14,0
201821444,AUS / Ballarat (AUS) 8th Aug,R2 545m Rest,08-08-2022 02:18,44161110,2. Loved By You,0,3.618446417,1,2.7185288278010574581514227419319453281,1,1001,1,1001,3646.48,3646.48,0
201821444,AUS / Ballarat (AUS) 8th Aug,R2 545m Rest,08-08-2022 02:18,42351912,3. Rothwell Whinny,0,10.530079286397086,1,6.62947485701552402881972814380153011959,1,1001,1,1001,1346.3,1346.3,0
201821447,AUS / Ballarat (AUS) 8th Aug,R3 450m Rest,08-08-2022 02:36,41308400,8. Real Talent,1,2.391122587660721,1,2.20905542416028102827047423520642527191,1,1001,1,1001,7754.38,7754.38,0
201821456,AUS / Ballarat (AUS) 8th Aug,R6 545m Gr5,08-08-2022 03:31,40165672,2. Crystal Opal,0,40,1,11.7758050880024594573822150488048574283,1,1001,1,1001,260.22,260.22,0
201821459,AUS / Ballarat (AUS) 8th Aug,R7 545m Rest,08-08-2022 03:54,40494210,1. Lap To Far,0,43.57349181160565,1,19.2774183796856106408706166868198307134,1,1001,1,1001,496.2,496.2,0
201821459,AUS / Ballarat (AUS) 8th Aug,R7 545m Rest,08-08-2022 03:54,41477368,8. Cambria Bale,0,42,1,19.8199776369735370853522176667909057026,1,1001,1,1001,241.47,241.47,0
201821459,AUS / Ballarat (AUS) 8th Aug,R7 545m Rest,08-08-2022 03:54,45565863,6. Reservior Frank,0,58.46626818789268,1,22.9716123619074255348902251433365962802,1,1001,1,1001,214.53,214.53,0
201821737,AUS / Bathurst (AUS) 8th Aug,R1 307m Mdn,08-08-2022 05:46,47179501,6. Smile Osti,0,16.91526969925704,1,13.4040621734587251828631138975966562174,1,1001,1,1001,612.48,612.48,0
201821740,AUS / Bathurst (AUS) 8th Aug,R2 307m Mdn,08-08-2022 06:11,45665447,10. Trouble Bubble,0,48.505141438,1,23.7172399014250508946748098146362370085,1,1001,1,1001,93.33,93.33,0
201821743,AUS / Bathurst (AUS) 8th Aug,R3 520m Final,08-08-2022 06:27,47366288,6. Zipping Senorita,0,7.961014259245859,1,6.3513348666703299291158716078843874371,1,1001,1,1001,1273.91,1273.91,0
201821749,AUS / Bathurst (AUS) 8th Aug,R5 618m Gr5,08-08-2022 07:07,40701666,2. Foxy Bourbski,1,2.72,1,2.49806055139417232048315620220400800031,1,1001,1,1001,7649.7,7649.7,0
201821755,AUS / Bathurst (AUS) 8th Aug,R7 450m Rest,08-08-2022 07:47,43859009,1. Raglan Mamba,1,3.221997269,1,2.29942509047177721876517057239948806214,1,1001,1,1001,7250.88,7250.88,0
201821758,AUS / Bathurst (AUS) 8th Aug,R8 520m Final,08-08-2022 08:06,39350409,7. Charlies Jar,0,7,1,5.05205929227930162610394123497621358642,1,1001,1,1001,1669.02,1669.02,0
201821471,AUS / Ballarat (AUS) 8th Aug,R11 545m Gr5,08-08-2022 05:32,11446405,6. Limiting,0,4.134449627394497,1,2.86347746514614396776450866251932053244,1,1001,1,1001,2600.86,2600.86,0
201821471,AUS / Ballarat (AUS) 8th Aug,R11 545m Gr5,08-08-2022 05:32,38582284,8. Pacific Express,0,55,1,16.3928636779505946935041171088746569076,1,1001,1,1001,327.9,327.9,0
201821474,AUS / Ballarat (AUS) 8th Aug,R12 450m Gr5,08-08-2022 05:52,41890888,3. Gild The Lily,0,17,1,13.453131876191873258031392107965380666,1,1001,1,1001,818.04,818.04,0
201821764,AUS / Bathurst (AUS) 8th Aug,R10 307m FFA,08-08-2022 08:51,41601770,7. Im Big Deal,0,70,1,35.5215656943405634505110944901520817751,1,1001,1,1001,240.66,240.66,0
201821767,AUS / Bathurst (AUS) 8th Aug,R11 307m Gr5,08-08-2022 09:08,41664893,6. Run Home Jack,0,38,1,16.0826920764698809666947216544427077071,1,1001,1,1001,665.36,665.36,0
201821770,AUS / Bathurst (AUS) 8th Aug,R12 307m Gr4/5,08-08-2022 09:31,25309446,7. Arrie A Blaze,0,6.320513110426476,1,3.94532436319023340473245442020896813186,1,1001,1,1001,1988.82,1988.82,0
201821770,AUS / Bathurst (AUS) 8th Aug,R12 307m Gr4/5,08-08-2022 09:31,39509609,3. Pandoras Star,0,74.3031979136914,1,24.4473417354773286976676807185281761553,1,1001,1,1001,276.12,276.12,0
201830764,AUS / Cannington (AUS) 8th Aug,R4 275m Gr5/6,08-08-2022 07:34,28246580,6. Global Event,0,13,1,7.01515339094263005422536954960754698294,1,1001,1,1001,807.74,807.74,0
201830764,AUS / Cannington (AUS) 8th Aug,R4 275m Gr5/6,08-08-2022 07:34,41500321,3. Zulu Finesse,0,1.89,1,1.67099048607992815446789402784014369106,1,1001,1,1001,7126.4,7126.4,0
201830776,AUS / Cannington (AUS) 8th Aug,R8 275m FFA,08-08-2022 08:54,33669534,2. Curium,0,8.662904136833971,1,6.03975232133213793248082377799099254972,1,1001,1,1001,1907.31,1907.31,0
201830776,AUS / Cannington (AUS) 8th Aug,R8 275m FFA,08-08-2022 08:54,40866462,6. Benidorm,0,32,1,15.755230983835234266021170099286124559,1,1001,1,1001,731.22,731.22,0
201830782,AUS / Cannington (AUS) 8th Aug,R10 275m Gr4,08-08-2022 09:34,42162712,4. Pitstop Prince,0,9.331982722382524,1,6.16943157219594323739276837970015232903,1,1001,1,1001,1247.3,1247.3,0
201824389,AUS / Angle Park (AUS) 8th Aug,R6 342m Gr6,08-08-2022 11:27,42972748,3. Radiant Way,0,9.782706876138764,1,4.71029454136498406000501900716602689816,1,1001,1,1001,2151.82,2151.82,0
201824389,AUS / Angle Park (AUS) 8th Aug,R6 342m Gr6,08-08-2022 11:27,44038409,4. Galena Lad,0,18.304706291663468,1,8.65774216395170721262332614102416286463,1,1001,1,1001,1214.26,1214.26,0
201835560,TRP / Swindon 8th Aug,A9 476m,08-08-2022 11:43,36859480,4. Confey Taylor,0,16.410741641332862,1,9.79520111574550002291730780563503859929,1,1001,1,1001,1527.23,1527.23,0
201830735,AUS / Hobart (AUS) 8th Aug,R1 461m Gr6,08-08-2022 10:41,47366515,10. Black Tommy,0,93.9149583925231,1,47.2054116784754458832152455411678475446,1,1001,1,1001,327.44,327.44,0
201824318,AUS / Albion Park (AUS) 8th Aug,R3 331m Gr4/5,08-08-2022 10:31,41075311,7. Peanut Crumble,0,66.77381342175539,1,38.2457918552036199095022624434389140272,1,1001,1,1001,497.25,497.25,0
201824318,AUS / Albion Park (AUS) 8th Aug,R3 331m Gr4/5,08-08-2022 10:31,41980289,4. What A Crumble,0,1.810158532105961,1,1.61993363499665462517196339422703758365,1,1001,1,1001,14378.06,14378.06,0
201824333,AUS / Albion Park (AUS) 8th Aug,R6 520m Gr5,08-08-2022 11:37,39870828,1. Killashandra,0,1.99,1,1.85625393114431488834611765147473209235,1,1001,1,1001,14919.32,14919.32,0
201824333,AUS / Albion Park (AUS) 8th Aug,R6 520m Gr5,08-08-2022 11:37,42062665,6. Springtime Son,0,11.314446835854472,1,9.83592248096432614824516615978866517193,1,1001,1,1001,2702.82,2702.82,0
201824333,AUS / Albion Park (AUS) 8th Aug,R6 520m Gr5,08-08-2022 11:37,46027105,3. Glittering Ace,0,140,1,49.8063686824423020742039146947122407245,1,1001,1,1001,171.15,171.15,0
201824338,AUS / Albion Park (AUS) 8th Aug,R7 600m Gr4/5,08-08-2022 11:55,41244174,2. Oh So Sassy,0,160,1,85.8962846559658772028286002918397126501,1,1001,1,1001,178.18,178.18,0
201824343,AUS / Albion Park (AUS) 8th Aug,R8 520m Final,08-08-2022 12:17,46260321,5. Haras Herbie,0,2.7988291996968835,1,1,1,1001,1,1001,0,7878.72,0
201824343,AUS / Albion Park (AUS) 8th Aug,R8 520m Final,08-08-2022 12:17,43328369,7. History,0,28,1,1,1,1001,1,1001,0,520.6,0
201835520,TRP / Perry Barr 8th Aug,D3 275m,08-08-2022 11:06,40921750,1. Shrewd Purchase,0,3.0320150603821103,1,2.73059749274998287397529285502249217912,1,1001,1,1001,4379.3,4379.3,0
201835520,TRP / Perry Barr 8th Aug,D3 275m,08-08-2022 11:06,44929306,2. Yellow Bandana,1,11.5,1,6.19297187362777045922022695232152349257,1,1001,1,1001,865.38,865.38,0
201835540,TRP / Perry Barr 8th Aug,A6 480m,08-08-2022 13:36,39692892,2. Beechwood Melody,0,3.1,1,1,1,1001,1,1001,0,11299.12,0
201835770,TRP / Sheffield 8th Aug,A2 500m,08-08-2022 14:54,43641385,6. Royston Tom,0,10.5,1,1,1,1001,1,1001,0,1089.56,0
201835895,TRP / Yarmouth 8th Aug,A1 462m,08-08-2022 19:26,44463731,6. Overnight Hit,0,9.2,1,1,1,1001,1,1001,0,1235.02,0
201835784,TRP / Sheffield 8th Aug,A8 500m,08-08-2022 17:03,37246241,1. Gatelodge Darcy,1,3.1,1,1,1,1001,1,1001,0,8876.68,0
201835804,SIS / Monmore 8th Aug,A7 480m,08-08-2022 14:23,41904127,3. Final Hannah,0,14.42991022138973,1,1,1,1001,1,1001,0,978.64,0
201835808,SIS / Monmore 8th Aug,A10 480m,08-08-2022 15:02,27209182,6. Clough Babyshark,0,20.94516241723467,1,1,1,1001,1,1001,0,2218.74,0
201835808,SIS / Monmore 8th Aug,A10 480m,08-08-2022 15:02,45450019,4. Townsend Sean,0,3.9104086043076673,1,4.19980721161550016611499157175780159245,1,1001,1,1001,4,11172.44,0
201835824,SIS / Monmore 8th Aug,A6 480m,08-08-2022 17:37,41050759,1. Connie Sings,0,10.06755585548565,1,1,1,1001,1,1001,0,1922.66,0
201835824,SIS / Monmore 8th Aug,A6 480m,08-08-2022 17:37,16011192,3. Blue Wolf,0,12,1,1,1,1001,1,1001,0,1649.28,0
201835854,SIS / Romford 8th Aug,A6 400m,08-08-2022 15:48,41866682,6. Killians Glory,1,4.5,1,1,1,1001,1,1001,0,2614.86,0
201821662,AUS / Shepparton (AUS) 8th Aug,R2 450m Heat,08-08-2022 10:22,47366227,8. All Inn Ryder,1,71.13311648620292,1,30.0347990159784088466407126991330101029,1,1001,1,1001,418.69,418.69,0
201836013,RPGTV / Towcester 8th Aug,A2 500m,08-08-2022 18:17,47370244,1. Overpaid,1,4.774015751273255,1,1,1,1001,1,1001,0,3870.36,0
201836017,RPGTV / Towcester 8th Aug,A3 500m,08-08-2022 18:48,43534814,3. Hippy Chick,0,7.2,1,1,1,1001,1,1001,0,1793.74,0
201836148,SIS / Suffolk Downs 8th Aug,A7 388m,08-08-2022 12:24,37635077,2. Oakgrovebillijay,0,30,1,14.7223299741591051752752633898830904722,1,1001,1,1001,23.88,875.46,0
201836148,SIS / Suffolk Downs 8th Aug,A7 388m,08-08-2022 12:24,47379222,5. Blackrose Niko,0,6.851810302345548,1,1,1,1001,1,1001,0,1720.12,0
201836156,SIS / Suffolk Downs 8th Aug,A1 388m,08-08-2022 13:24,5798982,1. Jethro,0,11.899462371529081,1,1,1,1001,1,1001,0,1098.68,0
201835766,TRP / Sheffield 8th Aug,A5 500m,08-08-2022 14:19,38966156,3. Sharpys Thunder,0,8.720507374518785,1,1,1,1001,1,1001,0,2086.14,0
201835598,SIS / Central Park 8th Aug,B2 450m,08-08-2022 11:31,27645026,1. Spot On Phoebe,0,32,1,19.7187899228371403750830395012519801727,1,1001,1,1001,782.76,782.76,0
201836025,RPGTV / Towcester 8th Aug,A7 500m,08-08-2022 20:03,43534810,5. Wessex Triptych,0,3.55,1,1,1,1001,1,1001,0,6063.92,0
201836025,RPGTV / Towcester 8th Aug,A7 500m,08-08-2022 20:03,46948606,3. Meena,0,16.5,1,1,1,1001,1,1001,0,1565.96,0
201835536,TRP / Perry Barr 8th Aug,D3 275m,08-08-2022 13:06,22407019,1. Barber Edge,0,6.8,1,1,1,1001,1,1001,0,1933.4,0
201835536,TRP / Perry Barr 8th Aug,D3 275m,08-08-2022 13:06,40473371,5. Westview Amber,0,4.8,1,1,1,1001,1,1001,0,4239.14,0
201835536,TRP / Perry Barr 8th Aug,D3 275m,08-08-2022 13:06,42681401,3. Shine Starlet,1,2.457733382461374,1,1,1,1001,1,1001,0,8394.04,0
201835612,SIS / Central Park 8th Aug,D2 265m,08-08-2022 13:17,36493041,1. Dapper Bob,0,13.5,1,1,1,1001,1,1001,0,1754.52,0
201835614,SIS / Central Park 8th Aug,D1 265m,08-08-2022 13:33,43753912,4. Faithful Sarah,0,11.5,1,1,1,1001,1,1001,0,1562.58,0
201835812,SIS / Monmore 8th Aug,A3 480m,08-08-2022 15:38,42852636,1. Fast Fit Wild,0,4.3,1,1,1,1001,1,1001,0,6201.18,0
201835772,TRP / Sheffield 8th Aug,A6 500m,08-08-2022 15:09,35985931,5. Rockstar Ellie,0,3.35,1,1,1,1001,1,1001,0,9087.2,0
201835782,TRP / Sheffield 8th Aug,A6 500m,08-08-2022 16:43,45551783,5. Confey Charm,0,6.2,1,1,1,1001,1,1001,0,2482.32,0
201835782,TRP / Sheffield 8th Aug,A6 500m,08-08-2022 16:43,47353256,1. Effernogue Sky,0,19.5,1,1,1,1001,1,1001,0,978.08,0
201835782,TRP / Sheffield 8th Aug,A6 500m,08-08-2022 16:43,47403776,4. Dutch Lily Rose (res),1,1.8190368927863831,1,1,1,1001,1,1001,0,17655.72,0
201835786,TRP / Sheffield 8th Aug,A4 500m,08-08-2022 17:22,42356099,6. Midian Oscar,0,7.6,1,1,1,1001,1,1001,0,2317.56,0
201835786,TRP / Sheffield 8th Aug,A4 500m,08-08-2022 17:22,12879061,2. Mac,1,3.45,1,1,1,1001,1,1001,0,5229.42,0
201835802,SIS / Monmore 8th Aug,A5 480m,08-08-2022 14:07,39101012,1. Corrin Obama,0,9.4,1,1,1,1001,1,1001,0,1112.4,0
201830715,NZL / Addington (NZL) 8th Aug,R3 295m C0,08-08-2022 01:52,47366203,1. Nick Baxter,0,25.580115084,1,5.14079465457582627371435389571650161079,1,1001,1,1001,167.62,167.62,0
201830715,NZL / Addington (NZL) 8th Aug,R3 295m C0,08-08-2022 01:52,45875329,7. Adobe Poppets,0,4.9,1,2.9652111726700314005293701810051457412,1,1001,1,1001,1216.54,1216.54,0
201830721,NZL / Addington (NZL) 8th Aug,R6 295m C1,08-08-2022 02:48,47112152,8. Homebush Noah,0,2.9,1,2.56939921998174425358891378308854037009,1,1001,1,1001,3374.28,3374.28,0
201830721,NZL / Addington (NZL) 8th Aug,R6 295m C1,08-08-2022 02:48,42815341,4. Homebush Crystal,0,5.624224049,1,4.29095478931914959032144010084395320595,1,1001,1,1001,1301.02,1301.02,0
201830729,NZL / Addington (NZL) 8th Aug,R10 295m C1,08-08-2022 03:57,38075055,2. Know Nugget,0,5.042682945,1,4.09264848243266328796765560047833266898,1,1001,1,1001,2458.54,2458.54,0
201835887,TRP / Yarmouth 8th Aug,A6 462m,08-08-2022 18:19,47350463,5. Old Fort Tycoon,0,11,1,1,1,1001,1,1001,0,937.42,0
201835977,RPGTV / Doncaster 8th Aug,A3 483m,08-08-2022 18:09,42306806,5. Keady Welcome,0,9.819654006757773,1,1,1,1001,1,1001,0,1673.84,0
201835977,RPGTV / Doncaster 8th Aug,A3 483m,08-08-2022 18:09,45031254,6. Pennys Hasili,0,9.359860428314132,1,1,1,1001,1,1001,0,2031.42,0
201836142,SIS / Suffolk Downs 8th Aug,A5 388m,08-08-2022 11:39,40124981,3. Kelva Goppy,0,11,1,4.10501282350198181394264397295406854745,1,1001,1,1001,600.46,600.46,0
201836144,SIS / Suffolk Downs 8th Aug,A4 388m,08-08-2022 11:54,36563166,4. Lipstick Taser,0,12,1,7.76467058505275065784619924747313282345,1,1001,1,1001,813.26,813.26,0
201830755,AUS / Cannington (AUS) 8th Aug,R1 275m Mdn,08-08-2022 06:38,44698583,1. Junk Yard Diana,0,2.888071120680833,1,2.7551751843736009990339530171296623548,1,1001,1,1001,5941.74,5941.74,0
201830755,AUS / Cannington (AUS) 8th Aug,R1 275m Mdn,08-08-2022 06:38,47366298,6. Kickstart Jake,0,7.2,1,3.50902249281244715034669372568915947911,1,1001,1,1001,1182.6,1182.6,0
201830767,AUS / Cannington (AUS) 8th Aug,R5 275m Gr5,08-08-2022 07:58,40917165,1. Turtle Fernando,0,3.6,1,2.83790921755823001262679209590770793438,1,1001,1,1001,4292.46,4292.46,0
201830767,AUS / Cannington (AUS) 8th Aug,R5 275m Gr5,08-08-2022 07:58,30094360,7. Maree Keeping,0,17.117120025,1,12.20498111850386621111310915303003057,1,1001,1,1001,889.76,889.76,0
201830767,AUS / Cannington (AUS) 8th Aug,R5 275m Gr5,08-08-2022 07:58,33270368,8. My Girl Kristy,0,58.65240063864737,1,36.3795247783194503090092510844113469732,1,1001,1,1001,260.51,260.51,0
201830779,AUS / Cannington (AUS) 8th Aug,R9 520m Gr5/6,08-08-2022 09:11,26962852,8. Moondyne Boy,0,905.5678645867027,1,243.275229357798165137614678899082568807,1,1001,1,1001,39.24,39.24,0
201830779,AUS / Cannington (AUS) 8th Aug,R9 520m Gr5/6,08-08-2022 09:11,38197992,1. West On Murphy,0,420,1,172.637389202256244963738920225624496374,1,1001,1,1001,49.64,49.64,0
201835534,TRP / Perry Barr 8th Aug,A6 480m,08-08-2022 12:51,41924091,3. Milktop Polly,0,5.4,1,1,1,1001,1,1001,0,2922.6,0
201835542,TRP / Perry Barr 8th Aug,A8 480m,08-08-2022 13:51,26986580,5. Witches Stacy,0,4.2,1,1,1,1001,1,1001,0,7837.22,0
201835574,TRP / Swindon 8th Aug,A6 476m,08-08-2022 13:28,36493116,1. Sober News,0,7.2,1,1,1,1001,1,1001,0,3413.36,0
201835602,SIS / Central Park 8th Aug,D5 265m,08-08-2022 12:01,38305582,6. Ownertealeaf,0,7.4,1,5.98886265689447661672770449728576475564,1,1001,1,1001,357.56,2109.52,0
201835858,SIS / Romford 8th Aug,A9 400m,08-08-2022 16:28,46119080,1. Shakshuka,1,4.2,1,1,1,1001,1,1001,0,5808.34,0
201835951,TRP / Nottingham 8th Aug,OR3 500m,08-08-2022 19:51,47350450,2. Patterdale Milo,0,8.4,1,1,1,1001,1,1001,0,2571.74,0
201830717,NZL / Addington (NZL) 8th Aug,R4 295m C0,08-08-2022 02:12,47366206,5. Homebush Sadie,0,140,1,55.0961303462321792260692464358452138493,1,1001,1,1001,49.1,49.1,0
201830717,NZL / Addington (NZL) 8th Aug,R4 295m C0,08-08-2022 02:12,47366207,6. Adobe Underworld,0,10.5,1,12.9016520990597271884518606807045424447,1,1001,1,1001,604.08,604.08,0
201830733,NZL / Addington (NZL) 8th Aug,R12 295m C1,08-08-2022 04:39,41601234,7. Opawa Lilly,0,28,1,24.9823909215417726472314615535120328703,1,1001,1,1001,511.1,511.1,0
201830733,NZL / Addington (NZL) 8th Aug,R12 295m C1,08-08-2022 04:39,40374596,3. Homebush Tails,0,32,1,27.210958720364843566614130981523087757,1,1001,1,1001,596.42,596.42,0
201830739,AUS / Hobart (AUS) 8th Aug,R3 461m Heat,08-08-2022 11:21,42062772,5. Special Bond,0,4.88122873,1,3.57598573377381128478214420722186611443,1,1001,1,1001,4867.44,4867.44,0
201830739,AUS / Hobart (AUS) 8th Aug,R3 461m Heat,08-08-2022 11:21,41132632,6. Golden Archer,0,41.034619709,1,18.3696842105263157894736842105263157895,1,1001,1,1001,546.25,546.25,0
201830747,AUS / Hobart (AUS) 8th Aug,R7 461m Gr3,08-08-2022 12:45,39791089,4. Superior Digby,0,26,1,1,1,1001,1,1001,0,919.22,0
201824379,AUS / Angle Park (AUS) 8th Aug,R4 530m Gr5,08-08-2022 10:47,28306465,8. Demolition,0,61.354407412856816,1,22.7966295344187375035704084547272207941,1,1001,1,1001,350.1,350.1,0
201824399,AUS / Angle Park (AUS) 8th Aug,R8 342m Gr6,08-08-2022 12:11,41234409,3. Magical Doll,0,28,1,18.9990755020310320424450925929713610165,1,1001,1,1001,.88,451.86,0
201824409,AUS / Angle Park (AUS) 8th Aug,R10 342m Gr2/3/4,08-08-2022 12:51,38320488,4. Wreck It Garros,1,22,1,1,1,1001,1,1001,0,664.4,0
201820635,AUS / Warrnambool (AUS) 8th Aug,R5 450m Gr6/7,08-08-2022 06:57,29447618,1. Saint Ellie,0,172.94915264,1,85.5702216236071997061344434921023631689,1,1001,1,1001,163.34,163.34,0
201820751,AUS / Maitland (AUS) 8th Aug,R5 450m Rest,08-08-2022 10:38,38222774,2. Able Key,0,85,1,30.2622242586895332853308895725600576029,1,1001,1,1001,305.54,305.54,0
201820662,AUS / Ipswich (AUS) 8th Aug,R2 288m Mdn,08-08-2022 02:24,47366309,3. Bounce House,1,4.833247851537017,1,3.89181498591964072076714950948813752738,1,1001,1,1001,2173.24,2173.24,0
201820674,AUS / Ipswich (AUS) 8th Aug,R6 288m Nvce,08-08-2022 03:44,43986193,2. Zack,1,10.067327400333438,1,6.81565077636245301313639805012817617915,1,1001,1,1001,1505.74,1505.74,0
201820677,AUS / Ipswich (AUS) 8th Aug,R7 288m M5,08-08-2022 04:07,39297477,7. Mink Lake,0,3.156635766,1,2.20139643567823460685052811625628369119,1,1001,1,1001,5939.98,5939.98,0
201820689,AUS / Ipswich (AUS) 8th Aug,R11 288m Heat,08-08-2022 05:42,42288817,7. Terrys Toil,0,2.9421651783413934,1,2.10293568407755258966331630691492283188,1,1001,1,1001,5826.24,5826.24,0
201820689,AUS / Ipswich (AUS) 8th Aug,R11 288m Heat,08-08-2022 05:42,39318353,9. Mr Murphy,0,11.937559581886454,1,8.01012197506354434568124050594835235904,1,1001,1,1001,1329.78,1329.78,0
201820689,AUS / Ipswich (AUS) 8th Aug,R11 288m Heat,08-08-2022 05:42,41617228,6. Scoots First,0,29,1,9.16216524867241477759378747216353565922,1,1001,1,1001,350.26,350.26,0
201820689,AUS / Ipswich (AUS) 8th Aug,R11 288m Heat,08-08-2022 05:42,42425017,1. My Gal Cookie,0,12.962004501745104,1,6.45739910313901345291479820627802690583,1,1001,1,1001,682.38,682.38,0
201820692,AUS / Ipswich (AUS) 8th Aug,R12 288m Heat,08-08-2022 06:07,42139455,2. Noaki Cruise,0,3.719044995655058,1,2.8974091036899251632997361249297054116,1,1001,1,1001,3698.72,3698.72,0
201820692,AUS / Ipswich (AUS) 8th Aug,R12 288m Heat,08-08-2022 06:07,41223255,8. Out Of Cash,1,4.963065533336485,1,3.73279513761894945437860339542090318462,1,1001,1,1001,3007.58,3007.58,0
201835800,SIS / Monmore 8th Aug,A5 480m,08-08-2022 13:49,43498428,5. Adams Anvil,0,22,1,1,1,1001,1,1001,0,848.24,0
201835800,SIS / Monmore 8th Aug,A5 480m,08-08-2022 13:49,44980329,2. Noduff Klondike,0,4.016896408243228,1,1,1,1001,1,1001,0,4971.94,0
201835814,SIS / Monmore 8th Aug,D1 264m,08-08-2022 15:58,39081391,6. Tommys Pukka,0,70.952838729,1,1,1,1001,1,1001,0,639.47,0
201835814,SIS / Monmore 8th Aug,D1 264m,08-08-2022 15:58,43188986,3. Crossfield Larry,1,1.8823441408579673,1,1,1,1001,1,1001,0,17179.54,0
201835820,SIS / Monmore 8th Aug,A6 480m,08-08-2022 16:58,42347260,3. Fearsome Flora,0,8.0030237524258,1,1,1,1001,1,1001,0,6794.92,0
201835820,SIS / Monmore 8th Aug,A6 480m,08-08-2022 16:58,44150033,5. Drumcrow Kirra,1,8.632264451369991,1,1,1,1001,1,1001,0,2665.7,0
201835997,RPGTV / Doncaster 8th Aug,B7 450m,08-08-2022 21:12,47350446,3. Dyno Rose,1,3.68856764157099,1,1,1,1001,1,1001,0,7165.64,0
201836027,RPGTV / Towcester 8th Aug,D1 270m,08-08-2022 20:23,41423027,3. Wessex Headford,0,5.9,1,1,1,1001,1,1001,0,2309,0
201836029,RPGTV / Towcester 8th Aug,A2 500m,08-08-2022 20:43,42767333,4. Fabulous Twirl,1,7.464449726209278,1,1,1,1001,1,1001,0,2894.5,0
201836029,RPGTV / Towcester 8th Aug,A2 500m,08-08-2022 20:43,47095785,5. Lamorna Alfie,0,14.470325372557276,1,1,1,1001,1,1001,0,1829.04,0
201836031,RPGTV / Towcester 8th Aug,D3 270m,08-08-2022 21:02,37127688,5. Salacres Greegsy,0,8.338151973274073,1,1,1,1001,1,1001,0,1520.18,0
201836031,RPGTV / Towcester 8th Aug,D3 270m,08-08-2022 21:02,46409779,2. Hang On Gracie,0,12.526616936614738,1,1,1,1001,1,1001,0,1689.74,0
201836146,SIS / Suffolk Downs 8th Aug,A5 388m,08-08-2022 12:09,40124983,1. Leaha Abbie,1,6.2,1,1,1,1001,1,1001,0,1298.08,0
201836146,SIS / Suffolk Downs 8th Aug,A5 388m,08-08-2022 12:09,42771100,5. Alwaysonmymind,0,8.6,1,1,1,1001,1,1001,0,900.5,0
201820797,AUS / Nowra (AUS) 8th Aug,R2 365m Mdn,08-08-2022 09:40,47366175,8. Ruby Blaze,0,4.807266634285916,1,3.70699972813484511682205626009499288353,1,1001,1,1001,2501.24,2501.24,0
201820812,AUS / Nowra (AUS) 8th Aug,R5 520m Gr5,08-08-2022 10:50,41244234,8. Winkler,0,272.6533431795611,1,73.8595495960116898745057589822932783222,1,1001,1,1001,116.34,116.34,0
201820847,AUS / Nowra (AUS) 8th Aug,R12 365m M1/2/3,08-08-2022 13:16,27045804,8. Tiggerlong Blaze,0,90,1,1,1,1001,1,1001,0,318.66,0
201824369,AUS / Angle Park (AUS) 8th Aug,R2 530m Gr6,08-08-2022 09:59,45249421,5. Spring Pony,0,37.32847458165487,1,20.6839541096966839541096966839541096967,1,1001,1,1001,636.3,636.3,0
201820766,AUS / Maitland (AUS) 8th Aug,R10 400m Gr5,08-08-2022 12:20,40908087,1. Sanguine,0,2.7566792763930237,1,1,1,1001,1,1001,0,7023.3,0
201820766,AUS / Maitland (AUS) 8th Aug,R10 400m Gr5,08-08-2022 12:20,43224734,6. Secret Chamber,0,65,1,1,1,1001,1,1001,0,291.98,0
201824414,AUS / Angle Park (AUS) 8th Aug,R11 342m Gr5,08-08-2022 13:10,42170058,4. Edgy Reggie,1,2.7021612282394925,1,1,1,1001,1,1001,0,12375.82,0
201820656,AUS / Warrnambool (AUS) 8th Aug,R12 390m Gr5,08-08-2022 09:21,38659406,2. Clever Trevor,0,1.9186599896279404,1,1.89219998436807961858114269337988171847,1,1001,1,1001,15353.2,15353.2,0
201820656,AUS / Warrnambool (AUS) 8th Aug,R12 390m Gr5,08-08-2022 09:21,39057752,8. Mt View Shark,1,12.60636659780051,1,6.88800781579465264696786527594253422924,1,1001,1,1001,1422.76,1422.76,0
201820623,AUS / Warrnambool (AUS) 8th Aug,R1 390m Mdn,08-08-2022 05:39,47366240,2. More Tilly,0,36.44128451674071,1,17.6098218248684293957263331431107729377,1,1001,1,1001,315.42,315.42,0
201820626,AUS / Warrnambool (AUS) 8th Aug,R2 390m Rest,08-08-2022 05:57,46408518,6. No Joke,0,48,1,21.9188960856096874119966206702337369755,1,1001,1,1001,355.1,355.1,0
201820650,AUS / Warrnambool (AUS) 8th Aug,R10 390m Gr6,08-08-2022 08:43,41890950,1. Penshurst Lass,0,399.4247205384821,1,103.778903611327617563003377500649519356,1,1001,1,1001,76.98,76.98,0
201820653,AUS / Warrnambool (AUS) 8th Aug,R11 390m Gr5,08-08-2022 09:02,26100224,5. Filorga Bale,0,243.482914021,1,45.7383999218521051089186285044446615219,1,1001,1,1001,102.37,102.37,0
201820659,AUS / Ipswich (AUS) 8th Aug,R1 288m Mdn,08-08-2022 02:06,41931112,9. Aerobic Rouge,1,3.52594833430845,1,2.95692166917665897782946031988104542768,1,1001,1,1001,5245.7,5245.7,0
201820680,AUS / Ipswich (AUS) 8th Aug,R8 288m FFA,08-08-2022 04:32,40600707,2. Ringbark Rattler,0,22.156457856,1,10.8626654578422484134179510426110607434,1,1001,1,1001,551.5,551.5,0
201820683,AUS / Ipswich (AUS) 8th Aug,R9 288m Heat,08-08-2022 04:57,39657942,1. Dance A Tango,0,3.565087813605207,1,2.99392764132052984915911927223990080376,1,1001,1,1001,4984.06,4984.06,0
201820683,AUS / Ipswich (AUS) 8th Aug,R9 288m Heat,08-08-2022 04:57,43549616,5. Farmor Approach,0,37.174536635735436,1,17.8347857454766379981393935941979457386,1,1001,1,1001,526.71,526.71,0
201821677,AUS / Shepparton (AUS) 8th Aug,R5 450m Gr5,08-08-2022 11:24,39436987,1. General Payton,0,8.833922431693502,1,4.77559159332760312473852753923037720493,1,1001,1,1001,2629.34,2629.34,0
201821682,AUS / Shepparton (AUS) 8th Aug,R6 450m Gr5,08-08-2022 11:46,44508996,3. Pierre Bale,0,11.689132377540083,1,6.96514323022933159226311923610544356484,1,1001,1,1001,1225.3,1225.3,0
201835524,TRP / Perry Barr 8th Aug,A7 480m,08-08-2022 11:36,41528414,1. Creevy Pearl,0,3.1696355802932517,1,2.86884127260083449235048678720445062587,1,1001,1,1001,11273.92,11273.92,0
201821697,AUS / Shepparton (AUS) 8th Aug,R9 385m Gr4,08-08-2022 12:48,28546083,6. Tango Icon,0,4.54792705,1,1,1,1001,1,1001,0,5978.2,0
201821702,AUS / Shepparton (AUS) 8th Aug,R10 385m Gr5,08-08-2022 13:07,42169954,8. Forrest Elbow,1,3.035287759,1,1,1,1001,1,1001,0,5958.94,0
201835909,TRP / Yarmouth 8th Aug,A7 462m,08-08-2022 21:16,42406726,3. Kilgarran Joss,1,1.6289638292540798,1,1,1,1001,1,1001,0,23813.56,0
201835959,TRP / Nottingham 8th Aug,OR 500m,08-08-2022 20:52,47350458,4. Keane,0,5.8,1,1,1,1001,1,1001,0,5756.62,0
201835842,SIS / Romford 8th Aug,A5 400m,08-08-2022 13:57,45502758,5. Swift Farrah,0,7.309259477415035,1,1,1,1001,1,1001,0,2541.74,0
201835844,SIS / Romford 8th Aug,A8 400m,08-08-2022 14:12,41710233,5. Headford Tom,0,10.5,1,1,1,1001,1,1001,0,1352.46,0
201835957,TRP / Nottingham 8th Aug,OR 500m,08-08-2022 20:36,45331737,6. Moanteen Sonny,0,7,1,1,1,1001,1,1001,0,4277.46,0
201835822,SIS / Monmore 8th Aug,A10 480m,08-08-2022 17:18,38680108,3. Supreme Loki,1,3.5506706146980287,1,1,1,1001,1,1001,0,8188.98,0
201835949,TRP / Nottingham 8th Aug,OR 500m,08-08-2022 19:34,47134678,2. Orange Aoife,1,6,1,1,1,1001,1,1001,0,5046.66,0
201835999,RPGTV / Doncaster 8th Aug,B7 450m,08-08-2022 21:28,46712343,5. Lagile Eclair,0,6.033432255531078,1,1,1,1001,1,1001,0,3777.54,0
201836021,RPGTV / Towcester 8th Aug,A4 500m,08-08-2022 19:24,44496714,1. Salacres Slater,0,4.793739226359756,1,1,1,1001,1,1001,0,6147.2,0
201835979,RPGTV / Doncaster 8th Aug,A2 483m,08-08-2022 18:28,41164169,6. Keady Yo Yo,0,5.6,1,1,1,1001,1,1001,0,2863.88,0
201835991,RPGTV / Doncaster 8th Aug,B6 450m,08-08-2022 20:17,37768672,5. Craan Maggie,1,13.5,1,1,1,1001,1,1001,0,1650.8,0
201835993,RPGTV / Doncaster 8th Aug,B5 450m,08-08-2022 20:38,41483488,2. Moneyhill Dude,0,4.4,1,1,1,1001,1,1001,0,3729,0
201835987,RPGTV / Doncaster 8th Aug,B5 450m,08-08-2022 19:36,43272560,5. Ballymac Puddles,0,12,1,1,1,1001,1,1001,0,1319.42,0
201835562,TRP / Swindon 8th Aug,D3 262m,08-08-2022 11:58,36763743,3. Blue Llama,0,13.824888764179779,1,8.25452997594426567527882782967290449561,1,1001,1,1001,1280.36,1280.36,0
201835604,SIS / Central Park 8th Aug,A3 480m,08-08-2022 12:16,39554506,5. Ratchies Finelli,0,25,1,1,1,1001,1,1001,0,656.4,0
201836136,SIS / Suffolk Downs 8th Aug,A6 388m,08-08-2022 10:53,43498657,5. Unknown Rush,0,30,1,19.4602651534429233039849356201333401191,1,1001,1,1001,1571.92,1571.92,0
201836150,SIS / Suffolk Downs 8th Aug,A4 388m,08-08-2022 12:39,39852457,3. Blackrose Jean,0,9.293407087,1,1,1,1001,1,1001,0,839.22,0
201836152,SIS / Suffolk Downs 8th Aug,A8 388m,08-08-2022 12:54,44133402,5. Unknown Ellie,0,8.789385788468788,1,1,1,1001,1,1001,0,2756.88,0
201820641,AUS / Warrnambool (AUS) 8th Aug,R7 450m Gr5,08-08-2022 07:37,28671857,8. Devils Disguise,0,16.815438854862006,1,5.90477802010478554059812990398836830363,1,1001,1,1001,797.82,797.82,0
201820641,AUS / Warrnambool (AUS) 8th Aug,R7 450m Gr5,08-08-2022 07:37,43527958,6. Hannahs Tiger,1,7.239764261282254,1,3.04027671022290545734050730207532667179,1,1001,1,1001,1144.88,1144.88,0
201820641,AUS / Warrnambool (AUS) 8th Aug,R7 450m Gr5,08-08-2022 07:37,39603160,1. Major Bandit,0,11.518599612598775,1,4.28414077155207568713808009134654595873,1,1001,1,1001,980.88,980.88,0
201820644,AUS / Warrnambool (AUS) 8th Aug,R8 450m Gr5,08-08-2022 08:02,43778775,8. Aston General,0,16.79034367546206,1,9.40753994131072709488099119660906423215,1,1001,1,1001,736.08,736.08,0
201820644,AUS / Warrnambool (AUS) 8th Aug,R8 450m Gr5,08-08-2022 08:02,38029878,7. Ranako Bale,1,17,1,9.46921405287939152480985150307859471206,1,1001,1,1001,552.2,552.2,0
201820647,AUS / Warrnambool (AUS) 8th Aug,R9 390m Gr6/7,08-08-2022 08:24,47366250,6. Rosalind Bale,1,10.5,1,7.4283848243618903209502148091988880465,1,1001,1,1001,1266.24,1266.24,0
201820647,AUS / Warrnambool (AUS) 8th Aug,R9 390m Gr6/7,08-08-2022 08:24,44011517,2. Kenzie Bale,0,12.5,1,8.20874660117533549688623804929392158583,1,1001,1,1001,1140.1,1140.1,0
201820742,AUS / Maitland (AUS) 8th Aug,R2 450m Mdn,08-08-2022 09:28,47366343,1. Burning Sand,0,18.177963019548912,1,9.29527840809914470239134229359399546169,1,1001,1,1001,1145.8,1145.8,0
201820742,AUS / Maitland (AUS) 8th Aug,R2 450m Mdn,08-08-2022 09:28,47366346,7. Ritza Mel,1,2.5049354795408725,1,1.90223958011112541655310560927527701931,1,1001,1,1001,11961.26,11961.26,0
201820742,AUS / Maitland (AUS) 8th Aug,R2 450m Mdn,08-08-2022 09:28,47366347,8. Sedona Lad,0,28.368224091,1,17.7381140827182536030480958604060446539,1,1001,1,1001,543.29,543.29,0
201820742,AUS / Maitland (AUS) 8th Aug,R2 450m Mdn,08-08-2022 09:28,41408934,6. Jackeys Hippy,0,150,1,78.7794984844309727197575089556351612014,1,1001,1,1001,181.45,181.45,0
201820769,AUS / Maitland (AUS) 8th Aug,R11 400m Gr5,08-08-2022 12:42,41191077,4. Zulu Boy,0,20.089875023281202,1,1,1,1001,1,1001,0,968.02,0
201821672,AUS / Shepparton (AUS) 8th Aug,R4 650m Gr4/5,08-08-2022 11:06,41146052,1. Golden Quest,1,1.192950212,1,1.16727827147299752909956633680159599913,1,1001,1,1001,24290.74,24290.74,0
201821692,AUS / Shepparton (AUS) 8th Aug,R8 450m Gr3/4,08-08-2022 12:30,37624440,3. Return Serve,0,290,1,1,1,1001,1,1001,0,106.91,0
201821692,AUS / Shepparton (AUS) 8th Aug,R8 450m Gr3/4,08-08-2022 12:30,38745611,4. Little Tiger,0,4.895947475812719,1,1,1,1001,1,1001,0,3454.5,0
201830719,NZL / Addington (NZL) 8th Aug,R5 295m C1,08-08-2022 02:30,38111056,7. Impressive Amy,0,80,1,30.0643268124280782508630609896432681243,1,1001,1,1001,173.8,173.8,0
201830719,NZL / Addington (NZL) 8th Aug,R5 295m C1,08-08-2022 02:30,42062655,6. Goldstar Jojo,0,98.82243212651458,1,32.2141591556890840459132578383791695555,1,1001,1,1001,129.81,129.81,0
201830727,NZL / Addington (NZL) 8th Aug,R9 295m C1,08-08-2022 03:40,40908107,1. Homebush Rio,0,59.555936634577826,1,29.1724317747262297931513992699461150704,1,1001,1,1001,230.12,230.12,0
201830737,AUS / Hobart (AUS) 8th Aug,R2 340m Gr6,08-08-2022 10:59,47366516,2. Twice Bitten,1,6.9005888862090075,1,3.49695917887643970853247669043328371073,1,1001,1,1001,2552.6,2552.6,0
201830745,AUS / Hobart (AUS) 8th Aug,R6 461m Gr4,08-08-2022 12:23,41860208,9. Crowdza Blest,0,115.21845707881704,1,1,1,1001,1,1001,0,134.46,0
201830745,AUS / Hobart (AUS) 8th Aug,R6 461m Gr4,08-08-2022 12:23,40494189,6. Maddies Help,0,40,1,30.9324534072270727173404417224937575439,1,1001,1,1001,15.42,654.96,0
201830751,AUS / Hobart (AUS) 8th Aug,R9 340m Gr4,08-08-2022 13:19,38256916,1. Loves A Dart,0,3.8335212604419215,1,1,1,1001,1,1001,0,5276.26,0
201830761,AUS / Cannington (AUS) 8th Aug,R3 275m Gr6,08-08-2022 07:18,35533525,4. Elsie Tux,1,4.1,1,2.83757636660233924363744922220682155004,1,1001,1,1001,3751.64,3751.64,0
201830761,AUS / Cannington (AUS) 8th Aug,R3 275m Gr6,08-08-2022 07:18,39243750,6. Ned Keeping,0,9.012876542576121,1,5.17696108065289445706781180296429092577,1,1001,1,1001,959.42,959.42,0
201820763,AUS / Maitland (AUS) 8th Aug,R9 400m N/G,08-08-2022 12:02,41719675,7. Fernando Hunter,0,4.2415962783937005,1,4.04522284884926627354814871423054217202,1,1001,1,1001,163.74,3005.74,0
201820807,AUS / Nowra (AUS) 8th Aug,R4 365m Final,08-08-2022 10:28,46765176,7. Just Ellie,1,26.364715173279983,1,17.6767212599662228506343034444837201995,1,1001,1,1001,509.22,509.22,0
201820807,AUS / Nowra (AUS) 8th Aug,R4 365m Final,08-08-2022 10:28,47366177,1. Party Barty,0,19,1,11.2545887884735672842568427409787977482,1,1001,1,1001,927.26,927.26,0
201820817,AUS / Nowra (AUS) 8th Aug,R6 520m Gr5,08-08-2022 11:12,43838180,6. Rocking The Ares,0,12.5,1,8.47860562537402752842609216038300418911,1,1001,1,1001,2807.28,2807.28,0
201820817,AUS / Nowra (AUS) 8th Aug,R6 520m Gr5,08-08-2022 11:12,42946997,2. Sox Intention,0,130,1,32.5192732383055611323027504517165227866,1,1001,1,1001,199.24,199.24,0
201830711,NZL / Addington (NZL) 8th Aug,R1 295m C0,08-08-2022 01:18,47039817,4. Homebush Gracen,1,12.689078748142347,1,7.55201242087662725426967634061865520124,1,1001,1,1001,669.84,669.84,0
201830711,NZL / Addington (NZL) 8th Aug,R1 295m C0,08-08-2022 01:18,46579007,2. Homebush Rose,0,7.664710885,1,3.01473336430746992927572143926488049146,1,1001,1,1001,387.42,387.42,0
201830731,NZL / Addington (NZL) 8th Aug,R11 295m C1,08-08-2022 04:22,44123558,4. Not Too Sure,0,14.5,1,17.17360741697697393418952807964131013,1,1001,1,1001,789.54,789.54,0
201820837,AUS / Nowra (AUS) 8th Aug,R10 365m Gr5,08-08-2022 12:36,43467678,7. Licorice,0,130,1,1,1,1001,1,1001,0,126.12,0
201820837,AUS / Nowra (AUS) 8th Aug,R10 365m Gr5,08-08-2022 12:36,45516957,8. Sirius Meraki,0,5.6492617822652385,1,1,1,1001,1,1001,0,2041.38,0
201830770,AUS / Cannington (AUS) 8th Aug,R6 380m Gr5,08-08-2022 08:14,40858003,8. Jaxons Journey,0,12.506101574162019,1,7.69112872071715120598286365212223267793,1,1001,1,1001,2019.1,2019.1,0
201830770,AUS / Cannington (AUS) 8th Aug,R6 380m Gr5,08-08-2022 08:14,39279057,3. Back Creek Bella,0,17.223603639825598,1,6.78518511391625615763546798029556650246,1,1001,1,1001,1039.36,1039.36,0
201830773,AUS / Cannington (AUS) 8th Aug,R7 275m Gr6,08-08-2022 08:35,37358858,1. Sebastian Mac,0,1.8782068898983344,1,1.73855481912843731905724672760581294909,1,1001,1,1001,16856.16,16856.16,0
201830773,AUS / Cannington (AUS) 8th Aug,R7 275m Gr6,08-08-2022 08:35,41523348,3. Monty Cristo,1,13.186905906,1,9.37793139428720490413460284335463675492,1,1001,1,1001,920.04,920.04,0
201821447,AUS / Ballarat (AUS) 8th Aug,R3 450m Rest,08-08-2022 02:36,39700600,4. Rock Icon,0,4,1,2.51572586669182805337359155206441314997,1,1001,1,1001,2543.58,2543.58,0
201821450,AUS / Ballarat (AUS) 8th Aug,R4 390m Gr5,08-08-2022 02:54,42393507,4. Rogan Bale,1,5.9,1,3.3417022456039358033377573809638027621,1,1001,1,1001,3752.22,3752.22,0
201821450,AUS / Ballarat (AUS) 8th Aug,R4 390m Gr5,08-08-2022 02:54,27701049,1. Aston Select,0,6.586164714424813,1,4.66641422519395671702735810534912209065,1,1001,1,1001,1567.36,1567.36,0
201821453,AUS / Ballarat (AUS) 8th Aug,R5 545m Gr5,08-08-2022 03:12,39931669,8. Back Net,0,8.8,1,5.45143618158201936831028756515019483402,1,1001,1,1001,1216.42,1216.42,0
201821453,AUS / Ballarat (AUS) 8th Aug,R5 545m Gr5,08-08-2022 03:12,41729382,3. Little Leo,0,9.413020853463099,1,5.61330307733837224996625725469024159806,1,1001,1,1001,1185.44,1185.44,0
201821453,AUS / Ballarat (AUS) 8th Aug,R5 545m Gr5,08-08-2022 03:12,42360949,5. Crackerjack Pop,1,3.7,1,2.06484042665206587204649791517499894706,1,1001,1,1001,3798.88,3798.88,0
201821453,AUS / Ballarat (AUS) 8th Aug,R5 545m Gr5,08-08-2022 03:12,37024537,2. Silver Compass,0,10.267699032237287,1,5.96226123484188000317032575097091226123,1,1001,1,1001,1009.36,1009.36,0
201821459,AUS / Ballarat (AUS) 8th Aug,R7 545m Rest,08-08-2022 03:54,42472149,2. Claretown Ryan,0,3.4546810244457453,1,2.65211463850227860573962310629387855647,1,1001,1,1001,5196.16,5196.16,0
201821462,AUS / Ballarat (AUS) 8th Aug,R8 545m Gr5,08-08-2022 04:19,41633021,6. Sugar Freak,0,12,1,8.74610914603335017685699848408287013643,1,1001,1,1001,1108.24,1108.24,0
201821465,AUS / Ballarat (AUS) 8th Aug,R9 390m Gr7,08-08-2022 04:42,46027125,8. Kiwi Turtle,0,5.8,1,4.26418419072230820565976117114174961307,1,1001,1,1001,1408.54,1408.54,0
201821465,AUS / Ballarat (AUS) 8th Aug,R9 390m Gr7,08-08-2022 04:42,41489885,6. Fritter,0,59.59925213754643,1,27.3007522224754957829952131297013904719,1,1001,1,1001,438.7,438.7,0
201821465,AUS / Ballarat (AUS) 8th Aug,R9 390m Gr7,08-08-2022 04:42,47366271,7. Lucky Tarra,1,4.239684888,1,3.1956768117649247022499426509519941969,1,1001,1,1001,3225.86,3225.86,0
201821468,AUS / Ballarat (AUS) 8th Aug,R10 390m Gr6,08-08-2022 05:07,42393498,2. Inter Angela,1,6.873496267,1,4.75988949202426732934431008871180463967,1,1001,1,1001,1440.62,1440.62,0
201821712,AUS / Shepparton (AUS) 8th Aug,R12 450m Vets,08-08-2022 13:43,27345834,7. Entranced,0,7.778227246,1,1,1,1001,1,1001,0,2393.3,0
201821737,AUS / Bathurst (AUS) 8th Aug,R1 307m Mdn,08-08-2022 05:46,46408454,8. Feral Agent,0,642.592310979,1,161.753066230580539656582174979558462796,1,1001,1,1001,48.92,48.92,0
201821740,AUS / Bathurst (AUS) 8th Aug,R2 307m Mdn,08-08-2022 06:11,47366279,3. Barking Zara,0,46,1,24.8114549045424621461487820934825543121,1,1001,1,1001,151.9,151.9,0
201821743,AUS / Bathurst (AUS) 8th Aug,R3 520m Final,08-08-2022 06:27,47366285,3. Widgee Woman,0,68.020548904,1,23.964971027574760504324025274437294354,1,1001,1,1001,343.43,343.43,0
201821749,AUS / Bathurst (AUS) 8th Aug,R5 618m Gr5,08-08-2022 07:07,40637193,1. Gunnadoo Grace,0,4.7,1,3.28994174770779315570323307173095504564,1,1001,1,1001,5754.28,5754.28,0
201821755,AUS / Bathurst (AUS) 8th Aug,R7 450m Rest,08-08-2022 07:47,45665442,5. Winlock King,0,26.707157070690908,1,14.7672785199666920097027623909344339452,1,1001,1,1001,552.42,552.42,0
201821758,AUS / Bathurst (AUS) 8th Aug,R8 520m Final,08-08-2022 08:06,46109083,6. Red Hot Frankie,0,6.321665529468445,1,5.19330972449957828895326603418740734144,1,1001,1,1001,3817.78,3817.78,0
201824323,AUS / Albion Park (AUS) 8th Aug,R4 395m Gr4/5,08-08-2022 10:53,36227854,4. Mummas Girl,0,12.647007667,1,8.60664896066811999140286775768368694157,1,1001,1,1001,1302.76,1302.76,0
201824323,AUS / Albion Park (AUS) 8th Aug,R4 395m Gr4/5,08-08-2022 10:53,46548728,3. Misuzulu,0,9.758820194511324,1,7.27491966668482108817602527095474102718,1,1001,1,1001,1468.88,1468.88,0
201824348,AUS / Albion Park (AUS) 8th Aug,R9 520m Gr3/4,08-08-2022 12:39,43351524,2. Haras River,1,1.253670452,1,1,1,1001,1,1001,0,28712.76,0
201824348,AUS / Albion Park (AUS) 8th Aug,R9 520m Gr3/4,08-08-2022 12:39,40535674,1. Glittering Zac,0,38.81103237828239,1,1,1,1001,1,1001,0,574.07,0
201821471,AUS / Ballarat (AUS) 8th Aug,R11 545m Gr5,08-08-2022 05:32,36555674,1. Redzin,1,9,1,3.60420939218308812602169713181750631595,1,1001,1,1001,1076.64,1076.64,0
201821474,AUS / Ballarat (AUS) 8th Aug,R12 450m Gr5,08-08-2022 05:52,45737551,1. Atomic Flea,0,2.930983556181382,1,2.43173507782125541324402089710555878042,1,1001,1,1001,4789.18,4789.18,0
201821761,AUS / Bathurst (AUS) 8th Aug,R9 450m Gr4/5,08-08-2022 08:32,44303566,3. Big Town Peppa,0,17.5,1,9.82995774931258802226544162028032995775,1,1001,1,1001,894.66,894.66,0
201821767,AUS / Bathurst (AUS) 8th Aug,R11 307m Gr5,08-08-2022 09:08,46520493,8. Daniella Magic,0,1.67046824914416,1,1.54719917891772862678478787988650557502,1,1001,1,1001,23169.42,23169.42,0
201821767,AUS / Bathurst (AUS) 8th Aug,R11 307m Gr5,08-08-2022 09:08,41601774,2. Hillside Terrace,0,35.580557693,1,19.8702615855801576542652005824170306773,1,1001,1,1001,398.34,398.34,0
201821767,AUS / Bathurst (AUS) 8th Aug,R11 307m Gr5,08-08-2022 09:08,45565974,3. Shes Harlequin,0,17.098365990489974,1,11.7528299577800893348834363335984825308,1,1001,1,1001,980.58,980.58,0
201830764,AUS / Cannington (AUS) 8th Aug,R4 275m Gr5/6,08-08-2022 07:34,46196135,8. Flamenco Monelli,0,6,1,4.60495216384338357443402975663582679552,1,1001,1,1001,1649.38,1649.38,0
201830776,AUS / Cannington (AUS) 8th Aug,R8 275m FFA,08-08-2022 08:54,41540223,3. Shoe Shine Jo,0,217.3610697327182,1,55.3098525011810403653351530103406645321,1,1001,1,1001,190.51,190.51,0
201824384,AUS / Angle Park (AUS) 8th Aug,R5 595m Gr5/6,08-08-2022 11:09,40786150,1. Locked,0,3.2,1,2.57523227297449601702752639443306701643,1,1001,1,1001,10185.86,10185.86,0
201824389,AUS / Angle Park (AUS) 8th Aug,R6 342m Gr6,08-08-2022 11:27,41818932,7. Spring Zoe,0,8.695875007144348,1,3.69585600446992776277454801846505873432,1,1001,1,1001,3006.76,3006.76,0
201824389,AUS / Angle Park (AUS) 8th Aug,R6 342m Gr6,08-08-2022 11:27,46765267,6. Singin Jules,0,3.702082835,1,2.21275946858372083719298461576338003896,1,1001,1,1001,6498.86,6498.86,0
201824394,AUS / Angle Park (AUS) 8th Aug,R7 342m Gr6,08-08-2022 11:49,39979921,4. Stocky Brocky,0,35.54414266180229,1,16.7747730566786177435349759707071477611,1,1001,1,1001,524.36,524.36,0
201824394,AUS / Angle Park (AUS) 8th Aug,R7 342m Gr6,08-08-2022 11:49,46889905,2. Urban Ranger,0,18.5,1,11.5605483742208848905400841290797998096,1,1001,1,1001,977.07,977.07,0
201835560,TRP / Swindon 8th Aug,A9 476m,08-08-2022 11:43,36326436,5. Slaneyside Omear,0,2.7046434747308923,1,2.48419589296227154246995664477384592152,1,1001,1,1001,9138.46,9138.46,0
201830735,AUS / Hobart (AUS) 8th Aug,R1 461m Gr6,08-08-2022 10:41,43493148,4. Manila Emperor,0,7.8,1,5.33216906434705029552804728448756551801,1,1001,1,1001,2690.1,2690.1,0
201830735,AUS / Hobart (AUS) 8th Aug,R1 461m Gr6,08-08-2022 10:41,47366513,6. Bennachie Ash,0,140,1,47.0541680921427756870794845478389782187,1,1001,1,1001,175.38,175.38,0
201830749,AUS / Hobart (AUS) 8th Aug,R8 461m Gr5,08-08-2022 13:04,37959023,8. Wizz Kev,0,38,1,1,1,1001,1,1001,0,451.48,0
201830749,AUS / Hobart (AUS) 8th Aug,R8 461m Gr5,08-08-2022 13:04,45920145,4. Hit The Switch,0,1.3468768752086002,1,1,1,1001,1,1001,0,12926.86,0
201835532,TRP / Perry Barr 8th Aug,D4 275m,08-08-2022 12:36,39038891,6. Walmley Kodi,0,3.35,1,1,1,1001,1,1001,0,8346.86,0
201824308,AUS / Albion Park (AUS) 8th Aug,R1 520m Mdn,08-08-2022 09:43,46578985,5. Replication,1,2.9768389571876464,1,2.71951024674306618388144387621785061033,1,1001,1,1001,7500.92,7500.92,0
201824313,AUS / Albion Park (AUS) 8th Aug,R2 520m Nvce,08-08-2022 10:09,41737820,9. Federal Ruby,0,270,1,83.516724685939155441198728621159376419,1,1001,1,1001,132.14,132.14,0
201824318,AUS / Albion Park (AUS) 8th Aug,R3 331m Gr4/5,08-08-2022 10:31,41435825,8. Master Blake,0,30,1,20.9866895445407842102056978090035941276,1,1001,1,1001,984.94,984.94,0
201824328,AUS / Albion Park (AUS) 8th Aug,R5 520m Gr5,08-08-2022 11:15,46196061,4. Ruby Shines,0,7.000124138410174,1,4.04003329080724732113035431712779180104,1,1001,1,1001,3652.66,3652.66,0
201824333,AUS / Albion Park (AUS) 8th Aug,R6 520m Gr5,08-08-2022 11:37,46603354,8. Yogis Girl,0,120,1,66.1068715569730356625108727167294868078,1,1001,1,1001,344.9,344.9,0
201835770,TRP / Sheffield 8th Aug,A2 500m,08-08-2022 14:54,39614244,4. Inca Merlin,0,7.755373721203506,1,1,1,1001,1,1001,0,1601.98,0
201835774,TRP / Sheffield 8th Aug,D2 280m,08-08-2022 15:26,41084947,2. Farm Shop Susan,0,52.23491130825785,1,1,1,1001,1,1001,0,709.22,0
201835784,TRP / Sheffield 8th Aug,A8 500m,08-08-2022 17:03,26837683,5. Good Miss,0,5.493312902654871,1,1,1,1001,1,1001,0,3653.02,0
201835804,SIS / Monmore 8th Aug,A7 480m,08-08-2022 14:23,44927145,2. Follow Lizzie,0,4.920720282562542,1,1,1,1001,1,1001,0,2780.92,0
201835806,SIS / Monmore 8th Aug,A5 480m,08-08-2022 14:42,42717551,3. Crossfield Gerty,1,4,1,1,1,1001,1,1001,0,6971.42,0
201835854,SIS / Romford 8th Aug,A6 400m,08-08-2022 15:48,27160694,2. Wisemans Angel,0,5.726334908480057,1,1,1,1001,1,1001,0,2058.74,0
201835854,SIS / Romford 8th Aug,A6 400m,08-08-2022 15:48,39036440,1. Weston Aurora,0,3.2837513237913667,1,1,1,1001,1,1001,0,4980.66,0
201836013,RPGTV / Towcester 8th Aug,A2 500m,08-08-2022 18:17,47407126,4. Aero Lennie (res),0,5.495038182700517,1,1,1,1001,1,1001,0,3839.94,0
201836019,RPGTV / Towcester 8th Aug,D3 270m,08-08-2022 19:07,39533085,6. Lilys Candy,0,5.4,1,1,1,1001,1,1001,0,5105.2,0
201836017,RPGTV / Towcester 8th Aug,A3 500m,08-08-2022 18:48,40066168,1. Glory Liz,0,3.05,1,1,1,1001,1,1001,0,6562.54,0
201836156,SIS / Suffolk Downs 8th Aug,A1 388m,08-08-2022 13:24,41165064,6. Fi Me Jezabelle,0,15,1,1,1,1001,1,1001,0,739.74,0
201835766,TRP / Sheffield 8th Aug,A5 500m,08-08-2022 14:19,41201328,4. Moranski Mo,1,4.2,1,1,1,1001,1,1001,0,7369.06,0
201835778,TRP / Sheffield 8th Aug,A3 500m,08-08-2022 16:04,38489335,1. Ballydoyle Steve,0,14.5,1,1,1,1001,1,1001,0,777.56,0
201835592,SIS / Central Park 8th Aug,D4 265m,08-08-2022 10:46,26806411,4. Velvet Davy,0,28,1,17.0716895376278297351630102263788130408,1,1001,1,1001,915.28,915.28,0
201835592,SIS / Central Park 8th Aug,D4 265m,08-08-2022 10:46,42092468,3. Croaghill Bella,1,11.5,1,10.3818647540983606557377049180327868853,1,1001,1,1001,1795.84,1795.84,0
201835594,SIS / Central Park 8th Aug,A4 480m,08-08-2022 11:01,45831335,5. Hollyoak Arthur,0,24.74954240130564,1,20.5834403839636842229700442125670872509,1,1001,1,1001,1268.87,1268.87,0
201835600,SIS / Central Park 8th Aug,D2 265m,08-08-2022 11:46,44869828,5. Thornhill Percy,0,33.488147116,1,16.6918245827538247566063977746870653686,1,1001,1,1001,460.16,460.16,0
201835816,SIS / Monmore 8th Aug,A8 480m,08-08-2022 16:18,39136026,5. Bravo Grace,0,15.749141058456154,1,1,1,1001,1,1001,0,1421.8,0
201835826,SIS / Monmore 8th Aug,A5 480m,08-08-2022 17:54,38036679,1. Skyfall Bowdrops,0,3.605502745658927,1,1,1,1001,1,1001,0,8222.88,0
201835596,SIS / Central Park 8th Aug,D3 265m,08-08-2022 11:16,46393328,6. Machine Learner,1,3.3,1,3.02833211670996414539364922601283895485,1,1001,1,1001,5589.24,5589.24,0
201835606,SIS / Central Park 8th Aug,D5 265m,08-08-2022 12:31,39412470,1. Hollyoak Minnie,0,6.998249760696195,1,1,1,1001,1,1001,0,2445.24,0
201835606,SIS / Central Park 8th Aug,D5 265m,08-08-2022 12:31,39959188,5. Down Load,0,15.886490329601802,1,1,1,1001,1,1001,0,1659.96,0
201820739,AUS / Maitland (AUS) 8th Aug,R1 400m Mdn,08-08-2022 09:05,43288717,2. Bamford,0,4.1,1,3.17360722630600515068306243924070062934,1,1001,1,1001,4690.64,4690.64,0
201820739,AUS / Maitland (AUS) 8th Aug,R1 400m Mdn,08-08-2022 09:05,47366341,7. Nightmare Run,0,28.120264846557987,1,15.1810166582140209885694222291577263684,1,1001,1,1001,512.66,512.66,0
201820757,AUS / Maitland (AUS) 8th Aug,R7 400m Final,08-08-2022 11:18,40324389,3. Ace Quality,1,1.6455478623350244,1,1.51691571481387791636667899048471522251,1,1001,1,1001,20556.4,20556.4,0
201820757,AUS / Maitland (AUS) 8th Aug,R7 400m Final,08-08-2022 11:18,42361074,6. Shaun Crouch,0,10.5,1,7.04439130293898447879200285149541492499,1,1001,1,1001,1543.05,1543.05,0
201835536,TRP / Perry Barr 8th Aug,D3 275m,08-08-2022 13:06,39127469,6. Chaddesley Daley,0,18.79499802618404,1,1,1,1001,1,1001,0,1046.12,0
201835556,TRP / Swindon 8th Aug,A6 476m,08-08-2022 11:13,36245172,3. Mohican Ayla,0,6.2,1,4.21527954151437184597886460760388255171,1,1001,1,1001,1811.18,1811.18,0
201835612,SIS / Central Park 8th Aug,D2 265m,08-08-2022 13:17,47030772,3. Baunaniska Lulu,0,2.60768689,1,1,1,1001,1,1001,0,9408.92,0
201835614,SIS / Central Park 8th Aug,D1 265m,08-08-2022 13:33,46662022,5. Nans Master,0,2.4,1,2.90996203950446484876113087252390858732,1,1001,1,1001,8,8715.2,0
201835812,SIS / Monmore 8th Aug,A3 480m,08-08-2022 15:38,42486727,4. Red Jellybean,0,8,1,1,1,1001,1,1001,0,3565.72,0
201835812,SIS / Monmore 8th Aug,A3 480m,08-08-2022 15:38,45006363,6. Longacres Snout,0,7,1,1,1,1001,1,1001,0,3180.94,0
201836015,RPGTV / Towcester 8th Aug,D3 270m,08-08-2022 18:33,45856364,5. Savana Twilight,0,6.2,1,1,1,1001,1,1001,0,1051,0
201835772,TRP / Sheffield 8th Aug,A6 500m,08-08-2022 15:09,46396380,3. Da Butcher Said,0,5.1,1,1,1,1001,1,1001,0,5219.64,0
201835780,TRP / Sheffield 8th Aug,A5 500m,08-08-2022 16:23,39727088,2. Hello Mary Lou,0,39.882464824100026,1,1,1,1001,1,1001,0,664.32,0
201835782,TRP / Sheffield 8th Aug,A6 500m,08-08-2022 16:43,36182920,3. Millabbey Frank,0,6.755887245728809,1,1,1,1001,1,1001,0,1818.24,0
201835786,TRP / Sheffield 8th Aug,A4 500m,08-08-2022 17:22,45032086,1. Laidbackpatsy,0,3.8,1,1,1,1001,1,1001,0,4471.38,0
201835786,TRP / Sheffield 8th Aug,A4 500m,08-08-2022 17:22,41755589,3. Buttons Gin,0,11,1,1,1,1001,1,1001,0,2168.08,0
201835802,SIS / Monmore 8th Aug,A5 480m,08-08-2022 14:07,45329523,6. Konna Baap,0,3.6,1,1,1,1001,1,1001,0,5069,0
201835810,SIS / Monmore 8th Aug,A4 480m,08-08-2022 15:18,40056012,5. Supreme Odin,0,7.016630024636977,1,1,1,1001,1,1001,0,2483.04,0
201835810,SIS / Monmore 8th Aug,A4 480m,08-08-2022 15:18,47354132,1. Drumdoit Theo,1,4.1,1,1,1,1001,1,1001,0,5411.44,0
201830715,NZL / Addington (NZL) 8th Aug,R3 295m C0,08-08-2022 01:52,44478698,3. Dark Wolf,0,2.98,1,2.28707833987344009615724537773535546364,1,1001,1,1001,2262.96,2262.96,0
201830721,NZL / Addington (NZL) 8th Aug,R6 295m C1,08-08-2022 02:48,23581025,7. Ezra Blueblood,1,15.177321810461581,1,8.31187449639045567413790268208054463831,1,1001,1,1001,1216.22,1216.22,0
201835862,SIS / Romford 8th Aug,A4 400m,08-08-2022 17:08,41288605,1. Kellsboro Ozzy,1,4.1,1,1,1,1001,1,1001,0,4047.84,0
201835868,SIS / Romford 8th Aug,A7 400m,08-08-2022 18:02,40254749,6. Waikiki Zippy,0,6.4,1,1,1,1001,1,1001,0,2937.02,0
201835887,TRP / Yarmouth 8th Aug,A6 462m,08-08-2022 18:19,28737286,4. Pretty Mystery,0,3.1164404466902482,1,1,1,1001,1,1001,0,5000.94,0
201835887,TRP / Yarmouth 8th Aug,A6 462m,08-08-2022 18:19,38234983,2. Rabble Rouser,0,7.6,1,1,1,1001,1,1001,0,1575.2,0
201835977,RPGTV / Doncaster 8th Aug,A3 483m,08-08-2022 18:09,40263774,3. Millers Bally,0,3.15,1,1,1,1001,1,1001,0,9639.5,0
201836142,SIS / Suffolk Downs 8th Aug,A5 388m,08-08-2022 11:39,38711592,4. Fair Rocket,0,6.039435387185076,1,2.69897192883819926910565840729287980402,1,1001,1,1001,996.04,996.04,0
201836144,SIS / Suffolk Downs 8th Aug,A4 388m,08-08-2022 11:54,41300217,2. Chanceme Ron,0,4.480022062620847,1,3.18452409518781837253786190773281045393,1,1001,1,1001,2917.18,2917.18,0
201830755,AUS / Cannington (AUS) 8th Aug,R1 275m Mdn,08-08-2022 06:38,45087622,3. Wizards Drama,0,170,1,56.508853681267474370922646784715750233,1,1001,1,1001,75.11,75.11,0
201835526,TRP / Perry Barr 8th Aug,D3 275m,08-08-2022 11:51,35858802,2. Stonepark Diva,1,3.635958332,1,2.83440610380031501017087495031469133467,1,1001,1,1001,9409.22,9409.22,0
201835534,TRP / Perry Barr 8th Aug,A6 480m,08-08-2022 12:51,40694254,5. Droopys Nimble,0,5.146417491182655,1,1,1,1001,1,1001,0,2857.62,0
201835542,TRP / Perry Barr 8th Aug,A8 480m,08-08-2022 13:51,40401700,2. Rathronan Alf,0,5.2,1,1,1,1001,1,1001,0,3135.18,0
201835558,TRP / Swindon 8th Aug,A9 476m,08-08-2022 11:28,25754313,1. Crossbarry Boy,0,3.95,1,3.30914729722708142092592271853404229524,1,1001,1,1001,4618.96,4618.96,0
201835572,TRP / Swindon 8th Aug,A6 476m,08-08-2022 13:13,36245146,1. Westwell Jenny,0,4.7,1,1,1,1001,1,1001,0,3487.38,0
201835574,TRP / Swindon 8th Aug,A6 476m,08-08-2022 13:28,39389681,2. Droopys Teff,0,3.4217290797283937,1,4.29986140582095551986816553704744400735,1,1001,1,1001,4,7746.26,0
201835608,SIS / Central Park 8th Aug,D4 265m,08-08-2022 12:46,37339484,4. Rosies Trixi,0,8.769687607168354,1,9.79973160818595032851498029310106041766,1,1001,1,1001,2,1564.2,0
201835608,SIS / Central Park 8th Aug,D4 265m,08-08-2022 12:46,40227539,5. Spot On Dotty,1,3.876330948298418,1,1,1,1001,1,1001,0,5240.16,0
201835858,SIS / Romford 8th Aug,A9 400m,08-08-2022 16:28,39352056,6. Mayses Maudie,0,3.546078129,1,1,1,1001,1,1001,0,8329.96,0
201835864,SIS / Romford 8th Aug,A9 400m,08-08-2022 17:28,8446020,2. Hello Stranger,0,13.397861947785131,1,1,1,1001,1,1001,0,1265.96,0
201835907,TRP / Yarmouth 8th Aug,A5 462m,08-08-2022 21:01,43930751,2. Darkies Bluebell,0,3.7295430211869833,1,1,1,1001,1,1001,0,8570.04,0
201835907,TRP / Yarmouth 8th Aug,A5 462m,08-08-2022 21:01,47350466,6. Cinque Terre,0,3.52252863,1,1,1,1001,1,1001,0,9873.5,0
201830717,NZL / Addington (NZL) 8th Aug,R4 295m C0,08-08-2022 02:12,46947664,3. Pinky,0,23,1,18.3582386050104844939852113453261229445,1,1001,1,1001,362.44,362.44,0
201830717,NZL / Addington (NZL) 8th Aug,R4 295m C0,08-08-2022 02:12,46134166,7. Homebush Cricket,0,7.111664023507039,1,3.86558729963577125820283084110713242865,1,1001,1,1001,1301.38,1301.38,0
201830733,NZL / Addington (NZL) 8th Aug,R12 295m C1,08-08-2022 04:39,47366214,4. Impressive Nixon,0,5.593788896380866,1,3.85113080212250785637009942815929112359,1,1001,1,1001,2329.32,2329.32,0
201830733,NZL / Addington (NZL) 8th Aug,R12 295m C1,08-08-2022 04:39,38111052,2. Homebush Zena,0,190,1,47.4811451135241855873642645607107601185,1,1001,1,1001,50.65,50.65,0
201824379,AUS / Angle Park (AUS) 8th Aug,R4 530m Gr5,08-08-2022 10:47,40880069,1. Flash Banner,0,5.1124775478704265,1,3.03426180213008635885585625620287665348,1,1001,1,1001,6750.9,6750.9,0
201824409,AUS / Angle Park (AUS) 8th Aug,R10 342m Gr2/3/4,08-08-2022 12:51,36483970,5. Craggy Island,0,2.8111606563059466,1,1,1,1001,1,1001,0,7715.64,0
201824409,AUS / Angle Park (AUS) 8th Aug,R10 342m Gr2/3/4,08-08-2022 12:51,36823622,7. Hukanui Lady,0,10.85574460626987,1,1,1,1001,1,1001,0,1687.04,0
201824409,AUS / Angle Park (AUS) 8th Aug,R10 342m Gr2/3/4,08-08-2022 12:51,39784868,2. Maxwell Hammer,0,13.209481579717252,1,1,1,1001,1,1001,0,1380.9,0
201820635,AUS / Warrnambool (AUS) 8th Aug,R5 450m Gr6/7,08-08-2022 06:57,41191131,4. Major Sentence,0,8.8,1,4.03522937615688628745810195607584171294,1,1001,1,1001,799.56,799.56,0
201820635,AUS / Warrnambool (AUS) 8th Aug,R5 450m Gr6/7,08-08-2022 06:57,41664950,6. Double Rainbow,0,6.239433593,1,3.37306590674479128803850012358423355966,1,1001,1,1001,1375.58,1375.58,0
201820635,AUS / Warrnambool (AUS) 8th Aug,R5 450m Gr6/7,08-08-2022 06:57,42249065,7. Darley Lass,0,4.9014078526459794,1,2.67367877962639887664354708310284668738,1,1001,1,1001,1880.08,1880.08,0
201820748,AUS / Maitland (AUS) 8th Aug,R4 400m Gr5,08-08-2022 10:12,38753551,3. Power Grip,1,140,1,44.2181981059636549782441771179933452777,1,1001,1,1001,156.28,156.28,0
201820662,AUS / Ipswich (AUS) 8th Aug,R2 288m Mdn,08-08-2022 02:24,47366310,4. Mad Meg,0,17,1,10.5478265710595466084710283703736694428,1,1001,1,1001,898.12,898.12,0
201820665,AUS / Ipswich (AUS) 8th Aug,R3 288m Mdn,08-08-2022 02:42,35517478,2. Sad Eyes,0,23.8448889293638,1,17.4632585108215167346001492622997875883,1,1001,1,1001,696.76,696.76,0
201820668,AUS / Ipswich (AUS) 8th Aug,R4 288m Nvce,08-08-2022 03:00,41931100,3. Cement City,0,20.401666895,1,8.65726684878453611812303329990663577579,1,1001,1,1001,578.38,578.38,0
201820668,AUS / Ipswich (AUS) 8th Aug,R4 288m Nvce,08-08-2022 03:00,45711674,7. Farmor Gullible,0,24.229710569484155,1,9.8225892548748704744559927151694037115,1,1001,1,1001,636.94,636.94,0
201820668,AUS / Ipswich (AUS) 8th Aug,R4 288m Nvce,08-08-2022 03:00,46260446,8. Tick And Flick,0,8.566826358280373,1,4.3216229068306103732889507829217757549,1,1001,1,1001,1177.64,1177.64,0
201820668,AUS / Ipswich (AUS) 8th Aug,R4 288m Nvce,08-08-2022 03:00,41979758,6. Rosdue Kodiak,0,34.555666016,1,12.6681056118863567914867985142054010642,1,1001,1,1001,398.44,398.44,0
201820677,AUS / Ipswich (AUS) 8th Aug,R7 288m M5,08-08-2022 04:07,40576924,3. Buck Or Two,1,4.529576494805804,1,3.29319838008314617479810770774597410044,1,1001,1,1001,3348.32,3348.32,0
201820689,AUS / Ipswich (AUS) 8th Aug,R11 288m Heat,08-08-2022 05:42,36739840,2. High Esteem,0,4.1,1,2.20980824259541417369653275855661674533,1,1001,1,1001,2690.9,2690.9,0
201820692,AUS / Ipswich (AUS) 8th Aug,R12 288m Heat,08-08-2022 06:07,40599742,1. Sandy Titan,0,4.9,1,3.37204263138552002940095553105475927968,1,1001,1,1001,2721,2721,0
201835814,SIS / Monmore 8th Aug,D1 264m,08-08-2022 15:58,42261224,4. Magical Rocket,0,12.229711489,1,1,1,1001,1,1001,0,1434.3,0
201835997,RPGTV / Doncaster 8th Aug,B7 450m,08-08-2022 21:12,36476304,5. Beautiful Deb,0,4.475998344198306,1,1,1,1001,1,1001,0,3328,0
201836027,RPGTV / Towcester 8th Aug,D1 270m,08-08-2022 20:23,45176673,4. Stefans Jet,1,2.6171073297180927,1,1,1,1001,1,1001,0,9270.28,0
201820760,AUS / Maitland (AUS) 8th Aug,R8 565m Gr5,08-08-2022 11:40,39790023,4. Plodder,0,50,1,25.006140775167714664255220710395154676,1,1001,1,1001,475.51,475.51,0
201820797,AUS / Nowra (AUS) 8th Aug,R2 365m Mdn,08-08-2022 09:40,43946214,1. My Rosie Bay,0,11.385723159742192,1,7.97410817031070195627157652474108170311,1,1001,1,1001,1390.4,1390.4,0
201820847,AUS / Nowra (AUS) 8th Aug,R12 365m M1/2/3,08-08-2022 13:16,5865963,2. Ad Astra,1,1.347339394,1,1,1,1001,1,1001,0,20297.14,0
201820847,AUS / Nowra (AUS) 8th Aug,R12 365m M1/2/3,08-08-2022 13:16,35818833,6. Nero Bale,0,208.0120751711051,1,1,1,1001,1,1001,0,190.32,0
201824364,AUS / Angle Park (AUS) 8th Aug,R1 342m Juv,08-08-2022 09:37,46732250,8. Ariel Coaster,0,347.1931789747999,1,132.433594782761963514585352956728650745,1,1001,1,1001,113.47,113.47,0
201824364,AUS / Angle Park (AUS) 8th Aug,R1 342m Juv,08-08-2022 09:37,47148566,5. Queen Of Scotch,1,1.7608467778942583,1,1.60709704958965979400370866763361301338,1,1001,1,1001,19608.12,19608.12,0
201824364,AUS / Angle Park (AUS) 8th Aug,R1 342m Juv,08-08-2022 09:37,47366254,1. Garside,0,3.687977945104212,1,2.94341545054760370857959160807820509229,1,1001,1,1001,5712.16,5712.16,0
201824414,AUS / Angle Park (AUS) 8th Aug,R11 342m Gr5,08-08-2022 13:10,37267060,5. Aston Ability,0,7.234015615149984,1,1,1,1001,1,1001,0,2594.92,0
201820656,AUS / Warrnambool (AUS) 8th Aug,R12 390m Gr5,08-08-2022 09:21,36661761,5. Myola Knight,0,16.94070549743251,1,9.30973671137605563835072031793343268753,1,1001,1,1001,724.68,724.68,0
201820656,AUS / Warrnambool (AUS) 8th Aug,R12 390m Gr5,08-08-2022 09:21,40324303,6. Zipping Pistol,0,7.096272941413336,1,4.76308837191298289076410931330804366339,1,1001,1,1001,2066.72,2066.72,0
201820656,AUS / Warrnambool (AUS) 8th Aug,R12 390m Gr5,08-08-2022 09:21,41500303,7. Far Out Frankie,0,5.433042705494808,1,3.97134349890365436582416123278773241271,1,1001,1,1001,5573.06,5573.06,0
201820623,AUS / Warrnambool (AUS) 8th Aug,R1 390m Mdn,08-08-2022 05:39,47366241,3. Solar Toby,0,17.5,1,8.47636721708831995152249659142554158461,1,1001,1,1001,462.07,462.07,0
201820623,AUS / Warrnambool (AUS) 8th Aug,R1 390m Mdn,08-08-2022 05:39,47366243,6. Ebony Magic,1,3.0312719393461878,1,2.20817088174982911825017088174982911825,1,1001,1,1001,3657.5,3657.5,0
201820626,AUS / Warrnambool (AUS) 8th Aug,R2 390m Rest,08-08-2022 05:57,2458269,5. Belair Bale,0,6.268904330180959,1,4.01835700880391827766673278505927768199,1,1001,1,1001,1310.78,1310.78,0
201820626,AUS / Warrnambool (AUS) 8th Aug,R2 390m Rest,08-08-2022 05:57,44508991,8. My Maximus,0,11.5,1,7.12585286609422139707588767695521002553,1,1001,1,1001,947.98,947.98,0
201820629,AUS / Warrnambool (AUS) 8th Aug,R3 390m Gr7,08-08-2022 06:17,46109006,7. Odie Mac,0,122.18494635776378,1,69.207841776544066620402498265093684941,1,1001,1,1001,172.92,172.92,0
201820629,AUS / Warrnambool (AUS) 8th Aug,R3 390m Gr7,08-08-2022 06:17,41308404,5. Patricas Damien,0,44,1,29.2453424298084492259249540802938861191,1,1001,1,1001,571.65,571.65,0
201820632,AUS / Warrnambool (AUS) 8th Aug,R4 390m Gr5,08-08-2022 06:41,41132692,5. Myola Pocket,0,70,1,22.2459183673469387755102040816326530612,1,1001,1,1001,137.2,137.2,0
201820680,AUS / Ipswich (AUS) 8th Aug,R8 288m FFA,08-08-2022 04:32,40410760,6. Ringbark Road,0,2.32325868243257,1,2.21080253222291670185989154855820396304,1,1001,1,1001,9471.52,9471.52,0
201835566,TRP / Swindon 8th Aug,A8 476m,08-08-2022 12:28,42474802,4. Corporate Model,0,5.782820389744449,1,5.49994312071895411242001901095970146937,1,1001,1,1001,10,3044.7,0
201835568,TRP / Swindon 8th Aug,A7 476m,08-08-2022 12:43,27469244,4. Moanteen Polly,0,5.210314674764232,1,1,1,1001,1,1001,0,3839.72,0
201835570,TRP / Swindon 8th Aug,D2 262m,08-08-2022 12:58,38386812,2. Lisacaha Vic,0,13,1,1,1,1001,1,1001,0,1150.34,0
201835524,TRP / Perry Barr 8th Aug,A7 480m,08-08-2022 11:36,45174352,4. Heathmill Buick,0,17.92407766653225,1,15.6863906269952751883539777806155024901,1,1001,1,1001,1252.96,1252.96,0
201835528,TRP / Perry Barr 8th Aug,A8 480m,08-08-2022 12:06,28654373,1. Derramore Lass,2,6.974013739,1,5.04039434368791256108652758730359201107,1,1001,1,1001,4,3305.72,0
201835528,TRP / Perry Barr 8th Aug,A8 480m,08-08-2022 12:06,45072740,3. Terrace Maid,2,3.713123628620451,1,3.45799078039495851492623086186851916067,1,1001,1,1001,37.6,7273.3,0
201821697,AUS / Shepparton (AUS) 8th Aug,R9 385m Gr4,08-08-2022 12:48,36794611,4. Zipping Valerie,1,5.98136538614548,1,1,1,1001,1,1001,0,3813.36,0
201821697,AUS / Shepparton (AUS) 8th Aug,R9 385m Gr4,08-08-2022 12:48,40324265,3. Sprinkler System,0,7.2,1,1,1,1001,1,1001,0,2397.62,0
201835947,TRP / Nottingham 8th Aug,A3 500m,08-08-2022 19:16,30187592,2. Plaza Matty,0,6.6,1,1,1,1001,1,1001,0,2863.06,0
201835844,SIS / Romford 8th Aug,A8 400m,08-08-2022 14:12,46231328,3. Dromulton Sonic,0,5.8,1,1,1,1001,1,1001,0,3341.74,0
201835848,SIS / Romford 8th Aug,A5 400m,08-08-2022 14:52,35701941,1. Dark Phoenix,1,4.362978222561795,1,1,1,1001,1,1001,0,5027.32,0
201835856,SIS / Romford 8th Aug,A6 400m,08-08-2022 16:08,43002431,4. Chopchop Blaze,0,14.45057855314575,1,1,1,1001,1,1001,0,1428.1,0
201835945,TRP / Nottingham 8th Aug,A2 500m,08-08-2022 18:59,28182190,6. Burghead Franby,0,7.683892726,1,1,1,1001,1,1001,0,2054,0
201835945,TRP / Nottingham 8th Aug,A2 500m,08-08-2022 18:59,45072739,4. Gleam Of Love,0,16.73176343253707,1,1,1,1001,1,1001,0,951.64,0
201835957,TRP / Nottingham 8th Aug,OR 500m,08-08-2022 20:36,46393322,4. Bellmore Cricket,0,2.9044582732489657,1,1,1,1001,1,1001,0,12208.66,0
201835822,SIS / Monmore 8th Aug,A10 480m,08-08-2022 17:18,43659297,2. Summer Suzy,0,4.155949860811374,1,5.99938507563569680929245702778558237337,1,1001,1,1001,2,8976.46,0
201835889,TRP / Yarmouth 8th Aug,A4 462m,08-08-2022 18:36,42165797,5. Harleys Paddox,0,6.4,1,1,1,1001,1,1001,0,1924.04,0
201835889,TRP / Yarmouth 8th Aug,A4 462m,08-08-2022 18:36,44285229,2. Bosheen Lil,0,14.579637293211416,1,1,1,1001,1,1001,0,774.81,0
201835905,TRP / Yarmouth 8th Aug,A8 462m,08-08-2022 20:46,46712170,3. Old Fort Corral,1,4.1,1,1,1,1001,1,1001,0,5553.2,0
201835949,TRP / Nottingham 8th Aug,OR 500m,08-08-2022 19:34,47350447,1. Droopys By Amile,0,3.444914363,1,1,1,1001,1,1001,0,11726.7,0
201835963,TRP / Nottingham 8th Aug,OR3 305m,08-08-2022 21:26,44150021,3. Alabama Kid,0,61.48500722934249,1,1,1,1001,1,1001,0,507.76,0
201835963,TRP / Nottingham 8th Aug,OR3 305m,08-08-2022 21:26,40737883,5. Churchill Blaze,0,15.032162250741965,1,1,1,1001,1,1001,0,1278.66,0
201835989,RPGTV / Doncaster 8th Aug,B4 450m,08-08-2022 19:56,38556042,4. Clearway Vicky,0,17.5,1,1,1,1001,1,1001,0,1201.67,0
201836021,RPGTV / Towcester 8th Aug,A4 500m,08-08-2022 19:24,40548234,2. Tommys Hawk,0,7.093441526,1,1,1,1001,1,1001,0,3336.64,0
201835979,RPGTV / Doncaster 8th Aug,A2 483m,08-08-2022 18:28,40302475,1. Springwood Edel,1,2.92,1,1,1,1001,1,1001,0,12283.1,0
201835995,RPGTV / Doncaster 8th Aug,B7 450m,08-08-2022 20:54,47350445,6. Margys Star,1,2.4321418071084615,1,1,1,1001,1,1001,0,14210.56,0
201835562,TRP / Swindon 8th Aug,D3 262m,08-08-2022 11:58,40591210,4. Dennys Blackroad,0,3.919825161863555,1,3.01318458089713665041251646599339049248,1,1001,1,1001,4327.1,4327.1,0
201836136,SIS / Suffolk Downs 8th Aug,A6 388m,08-08-2022 10:53,27150670,2. Eves Fairy,0,8.4,1,5.74570284049526584122359796067006554989,1,1001,1,1001,1537.76,1537.76,0
201836136,SIS / Suffolk Downs 8th Aug,A6 388m,08-08-2022 10:53,36259759,3. Coney Affair,0,2.7788361345088926,1,2.70324587695555730481766970029084846613,1,1001,1,1001,9908.94,9908.94,0
201836140,SIS / Suffolk Downs 8th Aug,A7 388m,08-08-2022 11:24,37631363,1. Kilcash Pa,1,5.098448349,1,3.80828083234647267805785823041786499746,1,1001,1,1001,2955.5,2955.5,0
201835522,TRP / Perry Barr 8th Aug,A4 480m,08-08-2022 11:21,42437560,4. Drahbeg Dancer,1,3.7051548265418957,1,2.99769817779838105766144848981920621902,1,1001,1,1001,5047.74,5047.74,0
201835522,TRP / Perry Barr 8th Aug,A4 480m,08-08-2022 11:21,42852584,5. Hilltop Dessie,0,18.537157013,1,10.5172310579707800087368744640574692187,1,1001,1,1001,1236.14,1236.14,0
201820641,AUS / Warrnambool (AUS) 8th Aug,R7 450m Gr5,08-08-2022 07:37,38321372,2. Big Bash Jess,0,5.63411809381796,1,3.20145323063282721932838302116812590048,1,1001,1,1001,1443.68,1443.68,0
201820641,AUS / Warrnambool (AUS) 8th Aug,R7 450m Gr5,08-08-2022 07:37,38960838,5. Premier Slice,0,11,1,6.40939267273174329972953036636341283501,1,1001,1,1001,1382.78,1382.78,0
201820647,AUS / Warrnambool (AUS) 8th Aug,R9 390m Gr6/7,08-08-2022 08:24,34971096,1. Nancy Baker,0,177.343025956,1,92.8641077729070886346626750775152357532,1,1001,1,1001,93.53,93.53,0
201820742,AUS / Maitland (AUS) 8th Aug,R2 450m Mdn,08-08-2022 09:28,40812773,4. Birdhill Bandit,0,11,1,7.71041661335312332062338459963661488855,1,1001,1,1001,1563.08,1563.08,0
201821672,AUS / Shepparton (AUS) 8th Aug,R4 650m Gr4/5,08-08-2022 11:06,35909234,4. Lump Sum,0,162.8366035121217,1,56.5814268356188161777469189376844297865,1,1001,1,1001,288.05,288.05,0
201821692,AUS / Shepparton (AUS) 8th Aug,R8 450m Gr3/4,08-08-2022 12:30,37676377,7. All Inn Billy,0,58.709183885482425,1,1,1,1001,1,1001,0,391.7,0
201830719,NZL / Addington (NZL) 8th Aug,R5 295m C1,08-08-2022 02:30,37788019,5. Delaroche,0,7.2,1,5.48270940651423195621995571515436595803,1,1001,1,1001,1743.26,1743.26,0
201830727,NZL / Addington (NZL) 8th Aug,R9 295m C1,08-08-2022 03:40,45690883,4. Maxima,1,1.8256664101044406,1,1.58131936053772502512970991684350536608,1,1001,1,1001,7879.12,7879.12,0
201830727,NZL / Addington (NZL) 8th Aug,R9 295m C1,08-08-2022 03:40,43378677,8. Smash Talk,0,39.52193211273292,1,13.3241662428249654871757610985976894572,1,1001,1,1001,550.52,550.52,0
201830737,AUS / Hobart (AUS) 8th Aug,R2 340m Gr6,08-08-2022 10:59,46055914,1. Love Again,0,2.763126396530242,1,2.20478048421889322052198603718363699434,1,1001,1,1001,8705.98,8705.98,0
201830751,AUS / Hobart (AUS) 8th Aug,R9 340m Gr4,08-08-2022 13:19,36997446,10. Whiskey Woman,0,149.95854984053176,1,1,1,1001,1,1001,0,184.32,0
201830751,AUS / Hobart (AUS) 8th Aug,R9 340m Gr4,08-08-2022 13:19,36483949,8. Double Breeze,0,26,1,1,1,1001,1,1001,0,976.99,0
201830758,AUS / Cannington (AUS) 8th Aug,R2 275m Nvce,08-08-2022 06:54,41676234,7. Ronas Rocket,0,3.7,1,2.73187508831425745372332909424897555461,1,1001,1,1001,4246.2,4246.2,0
201820802,AUS / Nowra (AUS) 8th Aug,R3 365m Gr5,08-08-2022 10:06,41818814,6. Valencia Bale,0,38,1,21.8213995986507834849067076555228213996,1,1001,1,1001,468.42,468.42,0
201820807,AUS / Nowra (AUS) 8th Aug,R4 365m Final,08-08-2022 10:28,47366178,2. Fiery Ruby,0,1.83,1,1.83731408893948773002151412703291185268,1,1001,1,1001,18480.88,18480.88,0
201820817,AUS / Nowra (AUS) 8th Aug,R6 520m Gr5,08-08-2022 11:12,38079699,4. Bucket Girl,0,160,1,44.4199668256272029856935517312875803442,1,1001,1,1001,192.92,192.92,0
201820822,AUS / Nowra (AUS) 8th Aug,R7 365m Gr4/5,08-08-2022 11:34,42162645,4. Ocean King,0,6.880511698531917,1,5.12322377254947749430789888493198668924,1,1001,1,1001,2740.64,2740.64,0
201830723,NZL / Addington (NZL) 8th Aug,R7 645m C0,08-08-2022 03:06,41274843,5. Opawa Chrissy,1,1.1262996566085905,1,1.08122607651179967651526868167685927836,1,1001,1,1001,13836.82,13836.82,0
201830723,NZL / Addington (NZL) 8th Aug,R7 645m C0,08-08-2022 03:06,47366210,1. Replica Rosco,0,22,1,11.9885145953935213696268013302130804286,1,1001,1,1001,324.76,324.76,0
201830731,NZL / Addington (NZL) 8th Aug,R11 295m C1,08-08-2022 04:22,45279990,1. Homebush Stella,0,3.812840698371368,1,2.71997049492103836548972210125929809906,1,1001,1,1001,2250.46,2250.46,0
201830743,AUS / Hobart (AUS) 8th Aug,R5 461m Inv,08-08-2022 12:05,42248824,1. Black Roses,1,28.949724541326276,1,25.23784718646606294118593667127340285,1,1001,1,1001,3.02,1063.68,0
201830753,AUS / Hobart (AUS) 8th Aug,R10 340m Gr4,08-08-2022 13:39,40041384,3. Fox Watch Nights,0,3.35,1,1,1,1001,1,1001,0,4556.1,0
201830753,AUS / Hobart (AUS) 8th Aug,R10 340m Gr4,08-08-2022 13:39,42011662,5. Toxic Turtle,0,2.5,1,1,1,1001,1,1001,0,8684.8,0
201820837,AUS / Nowra (AUS) 8th Aug,R10 365m Gr5,08-08-2022 12:36,47366188,4. Tackle Four,0,6.733229980564794,1,1,1,1001,1,1001,0,1852.28,0
201820842,AUS / Nowra (AUS) 8th Aug,R11 365m Gr5,08-08-2022 12:54,41552168,5. Ruby Yap,0,14.885073503,1,1,1,1001,1,1001,0,714.08,0
201820842,AUS / Nowra (AUS) 8th Aug,R11 365m Gr5,08-08-2022 12:54,42424949,1. Winry Bale,0,4.514108659,1,3.29998209217923253483125865214034527542,1,1001,1,1001,8.04,4279.04,0
201820842,AUS / Nowra (AUS) 8th Aug,R11 365m Gr5,08-08-2022 12:54,36651730,4. King Messy,0,6.6,1,1,1,1001,1,1001,0,1794.38,0
201830770,AUS / Cannington (AUS) 8th Aug,R6 380m Gr5,08-08-2022 08:14,44144517,5. Rapido Modelo,0,11,1,5.88970852917945331416954770876225252172,1,1001,1,1001,1544.58,1544.58,0
201830785,AUS / Cannington (AUS) 8th Aug,R11 380m Gr6,08-08-2022 09:53,38659366,5. Impress Venus,0,39.910208448451016,1,15.4826414743112434847356664184661206255,1,1001,1,1001,429.76,429.76,0
201830785,AUS / Cannington (AUS) 8th Aug,R11 380m Gr6,08-08-2022 09:53,43912112,8. Zulu Brave,0,15.323976689595732,1,9.70083870622542069076219267503143476283,1,1001,1,1001,1495.16,1495.16,0
201830788,AUS / Cannington (AUS) 8th Aug,R12 275m Gr4/5,08-08-2022 10:19,45690955,4. Diago Joe,1,3.455700728,1,2.95447881229271347842796748893285695985,1,1001,1,1001,5620.24,5620.24,0
201821441,AUS / Ballarat (AUS) 8th Aug,R1 450m Mdn,08-08-2022 02:00,47366259,1. Disorder,0,5,1,3.48615805980104162231966736202761576341,1,1001,1,1001,1409.34,1409.34,0
201821441,AUS / Ballarat (AUS) 8th Aug,R1 450m Mdn,08-08-2022 02:00,47366263,8. Arcus,0,6.4,1,4.11384452195908043163413091814046467984,1,1001,1,1001,980.46,980.46,0
201821441,AUS / Ballarat (AUS) 8th Aug,R1 450m Mdn,08-08-2022 02:00,47366262,7. Shanias Gift,0,370,1,68.3478951548848292295472597299444003177,1,1001,1,1001,62.95,62.95,0
201821444,AUS / Ballarat (AUS) 8th Aug,R2 545m Rest,08-08-2022 02:18,46548820,4. Rustic Bling,0,145.35021157,1,63.2063808574277168494516450648055832503,1,1001,1,1001,100.3,100.3,0
201821447,AUS / Ballarat (AUS) 8th Aug,R3 450m Rest,08-08-2022 02:36,46626137,7. Jack Alan,0,8.966218304820359,1,5.58379761643635300138919353659428237187,1,1001,1,1001,1094.16,1094.16,0
201821453,AUS / Ballarat (AUS) 8th Aug,R5 545m Gr5,08-08-2022 03:12,42627027,1. Blue Tequila,0,4.6,1,2.31985830220275666623727940229292799176,1,1001,1,1001,2328.9,2328.9,0
201821456,AUS / Ballarat (AUS) 8th Aug,R6 545m Gr5,08-08-2022 03:31,43493142,3. Our Shout,0,2.14,1,1.84666695901944876882934637226741508979,1,1001,1,1001,4560.7,4560.7,0
201821459,AUS / Ballarat (AUS) 8th Aug,R7 545m Rest,08-08-2022 03:54,46548823,7. Zilker Park,1,2.252856937,1,2.11229453891114066706993376624120079458,1,1001,1,1001,10481.06,10481.06,0
201821465,AUS / Ballarat (AUS) 8th Aug,R9 390m Gr7,08-08-2022 04:42,47295987,1. Fuse To Burn,0,9.4,1,5.00143242446907368373336959724394279368,1,1001,1,1001,882.42,882.42,0
201821465,AUS / Ballarat (AUS) 8th Aug,R9 390m Gr7,08-08-2022 04:42,44913555,2. My Mate Martha,0,30,1,16.0378491543165665803536995206875654234,1,1001,1,1001,363.02,363.02,0
201821468,AUS / Ballarat (AUS) 8th Aug,R10 390m Gr6,08-08-2022 05:07,38074513,7. My Annabelle,0,110,1,51.1235583084152071764203331909440410081,1,1001,1,1001,187.28,187.28,0
201821737,AUS / Bathurst (AUS) 8th Aug,R1 307m Mdn,08-08-2022 05:46,40410619,3. Blue Hill Girl,0,548.2199608514459,1,211.651181417701241489787745294353223869,1,1001,1,1001,49.94,49.94,0
201821737,AUS / Bathurst (AUS) 8th Aug,R1 307m Mdn,08-08-2022 05:46,45665434,7. Peeks Hammer,0,38.49710815375206,1,20.0935366291904101853277889008676010062,1,1001,1,1001,194.79,194.79,0
201821740,AUS / Bathurst (AUS) 8th Aug,R2 307m Mdn,08-08-2022 06:11,47366281,5. Secret Rebel,1,2.4013137118160377,1,1.78898342807302475262413907185178501609,1,1001,1,1001,4654.86,4654.86,0
201821743,AUS / Bathurst (AUS) 8th Aug,R3 520m Final,08-08-2022 06:27,2172293,7. Hank The Tank,0,158.829553700164,1,36.7855221077212041220366516066805421595,1,1001,1,1001,196.99,196.99,0
201821743,AUS / Bathurst (AUS) 8th Aug,R3 520m Final,08-08-2022 06:27,47366286,4. Wrecker Ruby,0,60,1,36.1579802524684414448193975753030871141,1,1001,1,1001,320.04,320.04,0
201821746,AUS / Bathurst (AUS) 8th Aug,R4 307m Gr5,08-08-2022 06:47,41729420,5. Peta Stop,0,2.9000473397208406,1,2.48036641642428110098098008215988788799,1,1001,1,1001,6236.62,6236.62,0
201821746,AUS / Bathurst (AUS) 8th Aug,R4 307m Gr5,08-08-2022 06:47,44816287,2. Miss Ono,0,9.696620873174396,1,5.10586479089860448284441227693212403592,1,1001,1,1001,884.26,884.26,0
201821749,AUS / Bathurst (AUS) 8th Aug,R5 618m Gr5,08-08-2022 07:07,41540203,6. Hickman,0,5.1,1,4.05935395801505120805748882476093475924,1,1001,1,1001,2827.68,2827.68,0
201821749,AUS / Bathurst (AUS) 8th Aug,R5 618m Gr5,08-08-2022 07:07,38123728,4. Free Road,0,263.5008796016817,1,39.5672364932809214736264740835542554164,1,1001,1,1001,109.39,109.39,0
201821749,AUS / Bathurst (AUS) 8th Aug,R5 618m Gr5,08-08-2022 07:07,42070436,7. Natisas Sparkle,0,13.372261262401008,1,7.37302738818134594371898901964999014814,1,1001,1,1001,1674.81,1674.81,0
201821755,AUS / Bathurst (AUS) 8th Aug,R7 450m Rest,08-08-2022 07:47,47366293,4. Winlock Peppa,0,18.415756548338102,1,13.2224638192728556300741263678079774091,1,1001,1,1001,708.25,708.25,0
201824323,AUS / Albion Park (AUS) 8th Aug,R4 395m Gr4/5,08-08-2022 10:53,40482059,8. Kentucky Showman,0,34,1,20.8207840696950840074673304293714996889,1,1001,1,1001,514.24,514.24,0
201824323,AUS / Albion Park (AUS) 8th Aug,R4 395m Gr4/5,08-08-2022 10:53,40763201,6. Kick Off,0,19.5,1,12.4400359556698450265116173224404341989,1,1001,1,1001,878.86,878.86,0
201824348,AUS / Albion Park (AUS) 8th Aug,R9 520m Gr3/4,08-08-2022 12:39,38914313,7. Action Now,0,22.19030078224663,1,1,1,1001,1,1001,0,1187.63,0
201824348,AUS / Albion Park (AUS) 8th Aug,R9 520m Gr3/4,08-08-2022 12:39,38669226,8. Ringbark Rage,0,12.96530767,1,11.999917794208655380155521969408769543,1,1001,1,1001,11.24,1557.5,0
201821471,AUS / Ballarat (AUS) 8th Aug,R11 545m Gr5,08-08-2022 05:32,39499462,4. Zippy Audi,0,4.5,1,3.03840060636469420217138342959017005968,1,1001,1,1001,1873.46,1873.46,0
201821471,AUS / Ballarat (AUS) 8th Aug,R11 545m Gr5,08-08-2022 05:32,41818922,5. Shivers,0,15.5,1,8.16494163424124513618677042801556420233,1,1001,1,1001,514,514,0
201821761,AUS / Bathurst (AUS) 8th Aug,R9 450m Gr4/5,08-08-2022 08:32,41676391,8. Claddin Boys,0,4.8,1,3.86293002640031455693940183117075437495,1,1001,1,1001,3916.62,3916.62,0
201821761,AUS / Bathurst (AUS) 8th Aug,R9 450m Gr4/5,08-08-2022 08:32,35866614,2. My Mate Holden,0,3.2741928287429625,1,2.70786783245959330273731565294683186098,1,1001,1,1001,5512.7,5512.7,0
201821761,AUS / Bathurst (AUS) 8th Aug,R9 450m Gr4/5,08-08-2022 08:32,40812669,6. Jacobite Swan,0,18.5,1,9.14780706116360019890601690701143709597,1,1001,1,1001,603.3,603.3,0
201821764,AUS / Bathurst (AUS) 8th Aug,R10 307m FFA,08-08-2022 08:51,38461698,8. Snooze Mcgraw,0,30,1,16.0964101184068891280947255113024757804,1,1001,1,1001,371.6,371.6,0
201821764,AUS / Bathurst (AUS) 8th Aug,R10 307m FFA,08-08-2022 08:51,44303563,1. Clare A Chance,0,1.801118618651417,1,1.67556945139785512898210850833970119364,1,1001,1,1001,18216.48,18216.48,0
201821767,AUS / Bathurst (AUS) 8th Aug,R11 307m Gr5,08-08-2022 09:08,47366296,5. Pistol Girl,0,7.887819679403327,1,5.76152023967114888873406256531735525674,1,1001,1,1001,1722.36,1722.36,0
201821767,AUS / Bathurst (AUS) 8th Aug,R11 307m Gr5,08-08-2022 09:08,40298842,1. Fusion Typhoon,1,8.2,1,5.625489397388283215526536480172517072,1,1001,1,1001,1669.4,1669.4,0
201821770,AUS / Bathurst (AUS) 8th Aug,R12 307m Gr4/5,08-08-2022 09:31,39785120,2. Snipes,0,2.2468268876898216,1,1.83909496199688649190536092113570750375,1,1001,1,1001,8299.32,8299.32,0
201830776,AUS / Cannington (AUS) 8th Aug,R8 275m FFA,08-08-2022 08:54,40364410,8. Global Trader,1,1.9401018917474415,1,1.83594997675540739728864496143160251086,1,1001,1,1001,18154.76,18154.76,0
201830776,AUS / Cannington (AUS) 8th Aug,R8 275m FFA,08-08-2022 08:54,27850255,5. Huey Blue,0,16.5,1,11.7277470262631021081144741490990460488,1,1001,1,1001,849.1,849.1,0
201830782,AUS / Cannington (AUS) 8th Aug,R10 275m Gr4,08-08-2022 09:34,39007610,2. Jumping Jazz,0,16.11264339132701,1,8.62511558501920301377235255265539763693,1,1001,1,1001,817.58,817.58,0
201824384,AUS / Angle Park (AUS) 8th Aug,R5 595m Gr5/6,08-08-2022 11:09,39428758,2. Zipping Nebraska,0,32,1,15.4620116421484305117866431805358691015,1,1001,1,1001,726.67,726.67,0
201824419,AUS / Angle Park (AUS) 8th Aug,R12 342m Gr5,08-08-2022 13:35,40250608,2. Lucius Malfoy,1,3.25,1,1,1,1001,1,1001,0,5199.78,0
201824419,AUS / Angle Park (AUS) 8th Aug,R12 342m Gr5,08-08-2022 13:35,45169393,4. Impeached,0,1.7934487143174918,1,1,1,1001,1,1001,0,13140.12,0
201835578,TRP / Swindon 8th Aug,A4 476m,08-08-2022 13:59,40340541,6. Stormy Emma,0,6.8,1,1,1,1001,1,1001,0,1106.16,0
201830735,AUS / Hobart (AUS) 8th Aug,R1 461m Gr6,08-08-2022 10:41,46603143,8. Manila Sultan,0,5.2,1,3.78227492089871839943750199750711112532,1,1001,1,1001,3128.9,3128.9,0
201830735,AUS / Hobart (AUS) 8th Aug,R1 461m Gr6,08-08-2022 10:41,47366514,9. Mob Rules,0,42,1,29.6627153232098913630634415701338455075,1,1001,1,1001,666.44,666.44,0
201830741,AUS / Hobart (AUS) 8th Aug,R4 461m Heat,08-08-2022 11:43,47366525,3. Slower Than Pop,0,12,1,8.61791083129898496723628420917384042143,1,1001,1,1001,1945.75,1945.75,0
201835532,TRP / Perry Barr 8th Aug,D4 275m,08-08-2022 12:36,47029415,2. My Wee Ivy,0,14.164607316618785,1,1,1,1001,1,1001,0,1130.48,0
201835532,TRP / Perry Barr 8th Aug,D4 275m,08-08-2022 12:36,22311714,3. Izzy Dancer,0,6,1,1,1,1001,1,1001,0,1555.72,0
201824308,AUS / Albion Park (AUS) 8th Aug,R1 520m Mdn,08-08-2022 09:43,46548677,1. Potato Peeler,0,4.8,1,4.50550754130500871701648477779363316561,1,1001,1,1001,6447.16,6447.16,0
201824313,AUS / Albion Park (AUS) 8th Aug,R2 520m Nvce,08-08-2022 10:09,42070262,8. Longest Ride,0,13,1,8.43850498992927778534974936774037223812,1,1001,1,1001,1320.66,1320.66,0
201824333,AUS / Albion Park (AUS) 8th Aug,R6 520m Gr5,08-08-2022 11:37,43594847,7. Blue Queen,0,130.800989152,1,61.0455267984511921744446708783370694926,1,1001,1,1001,245.35,245.35,0
201824338,AUS / Albion Park (AUS) 8th Aug,R7 600m Gr4/5,08-08-2022 11:55,39318338,7. Romantic Verses,0,15.680247520338742,1,11.3124657598572479534177532205299982782,1,1001,1,1001,1277.74,1277.74,0
201824338,AUS / Albion Park (AUS) 8th Aug,R7 600m Gr4/5,08-08-2022 11:55,45565907,1. Old Money,0,85,1,38.5525464834276475343573160873080032336,1,1001,1,1001,296.88,296.88,0
201824338,AUS / Albion Park (AUS) 8th Aug,R7 600m Gr4/5,08-08-2022 11:55,38427728,8. Fifty Fathoms,0,80,1,42.4780653836456845113034708799058744432,1,1001,1,1001,237.98,237.98,0
201824343,AUS / Albion Park (AUS) 8th Aug,R8 520m Final,08-08-2022 12:17,44094400,8. Speedy Paws,0,25,1,1,1,1001,1,1001,0,432.38,0
201824343,AUS / Albion Park (AUS) 8th Aug,R8 520m Final,08-08-2022 12:17,47366239,9. Rockstar Cooper,0,55.627464253325016,1,1,1,1001,1,1001,0,316.42,0
201824353,AUS / Albion Park (AUS) 8th Aug,R10 520m Gr5,08-08-2022 12:57,36395484,8. Perfect Freeze,0,6,1,1,1,1001,1,1001,0,5969.93,0
201824353,AUS / Albion Park (AUS) 8th Aug,R10 520m Gr5,08-08-2022 12:57,38047422,2. Swift Sharni,1,2.62,1,1,1,1001,1,1001,0,13103.44,0
201835540,TRP / Perry Barr 8th Aug,A6 480m,08-08-2022 13:36,39330146,1. Phoenix Rocket,0,8,1,1,1,1001,1,1001,0,2712.88,0
201835540,TRP / Perry Barr 8th Aug,A6 480m,08-08-2022 13:36,42437557,3. Good Ruler,0,5.4,1,1,1,1001,1,1001,0,5238.12,0
201835764,TRP / Sheffield 8th Aug,A4 500m,08-08-2022 14:04,38558839,5. Tromora Pat,0,4.8,1,1,1,1001,1,1001,0,3770.58,0
201835764,TRP / Sheffield 8th Aug,A4 500m,08-08-2022 14:04,42389987,1. Swift Vini,0,7.6,1,1,1,1001,1,1001,0,2405.14,0
201835768,TRP / Sheffield 8th Aug,A5 500m,08-08-2022 14:36,39727092,3. Rathmeehan Rollo,0,4.4,1,1,1,1001,1,1001,0,4557.28,0
201835768,TRP / Sheffield 8th Aug,A5 500m,08-08-2022 14:36,40367857,6. Effernogue Beef,1,8.6,1,1,1,1001,1,1001,0,1702.14,0
201835768,TRP / Sheffield 8th Aug,A5 500m,08-08-2022 14:36,46535398,1. Sandwood Brooke,0,5.172932887674252,1,1,1,1001,1,1001,0,3149.8,0
201835784,TRP / Sheffield 8th Aug,A8 500m,08-08-2022 17:03,43933373,6. Private Grace,0,12.499504262,1,1,1,1001,1,1001,0,1858.76,0
201835808,SIS / Monmore 8th Aug,A10 480m,08-08-2022 15:02,45650909,3. Fourball Daisy,1,4.8,1,1,1,1001,1,1001,0,4815.48,0
201835824,SIS / Monmore 8th Aug,A6 480m,08-08-2022 17:37,43641239,2. This Boy,0,4.73433809,1,1,1,1001,1,1001,0,4156.58,0
201835824,SIS / Monmore 8th Aug,A6 480m,08-08-2022 17:37,47354138,5. Knockroe Blitz,0,8.2,1,1,1,1001,1,1001,0,2808.5,0
201821662,AUS / Shepparton (AUS) 8th Aug,R2 450m Heat,08-08-2022 10:22,47366224,3. Scott To Burn,0,200,1,49.3249503639973527465254798146922567836,1,1001,1,1001,151.1,151.1,0
201836019,RPGTV / Towcester 8th Aug,D3 270m,08-08-2022 19:07,47370245,3. Salacres Palermo,1,3.8554371532323417,1,1,1,1001,1,1001,0,5478.56,0
201836148,SIS / Suffolk Downs 8th Aug,A7 388m,08-08-2022 12:24,39102284,3. Blackrose Jane,0,27.77384246741422,1,1,1,1001,1,1001,0,879.48,0
201836156,SIS / Suffolk Downs 8th Aug,A1 388m,08-08-2022 13:24,40401137,5. Luna Jezabelle,0,15.5,1,1,1,1001,1,1001,0,723.82,0
201835766,TRP / Sheffield 8th Aug,A5 500m,08-08-2022 14:19,38966157,6. Inca Starlet,0,8.986891905,1,1,1,1001,1,1001,0,3423.58,0
201835776,TRP / Sheffield 8th Aug,A3 500m,08-08-2022 15:44,40944301,6. Nox Sensor,1,5,1,1,1,1001,1,1001,0,3195.1,0
201835778,TRP / Sheffield 8th Aug,A3 500m,08-08-2022 16:04,36549718,6. Aayamza Duchess,0,20.38920693928363,1,1,1,1001,1,1001,0,553.24,0
201835778,TRP / Sheffield 8th Aug,A3 500m,08-08-2022 16:04,47353255,3. Easy Do Da,1,4.5,1,1,1,1001,1,1001,0,2951.32,0
201835598,SIS / Central Park 8th Aug,B2 450m,08-08-2022 11:31,42172529,2. Its Dolly,1,2.070346875669783,1,2.02935494670131523122613491726771319474,1,1001,1,1001,12067.84,12067.84,0
201835598,SIS / Central Park 8th Aug,B2 450m,08-08-2022 11:31,42375263,3. Knockbann Lady,0,13.5,1,8.23779688478108774901498692786390249291,1,1001,1,1001,1086.28,1086.28,0
201835600,SIS / Central Park 8th Aug,D2 265m,08-08-2022 11:46,36493053,1. Snakesinthegrass,0,2.92,1,2.59906849370970186668532186038919397904,1,1001,1,1001,6861.36,6861.36,0
201836025,RPGTV / Towcester 8th Aug,A7 500m,08-08-2022 20:03,28791156,1. Salacres Armani,0,7.6,1,1,1,1001,1,1001,0,2611.12,0
201836025,RPGTV / Towcester 8th Aug,A7 500m,08-08-2022 20:03,39059996,4. Slippy Carrie,1,9,1,1,1,1001,1,1001,0,1765.08,0
201835606,SIS / Central Park 8th Aug,D5 265m,08-08-2022 12:31,45745963,3. Half Back Baby,0,3.9,1,1,1,1001,1,1001,0,5961.5,0
201820739,AUS / Maitland (AUS) 8th Aug,R1 400m Mdn,08-08-2022 09:05,42393400,6. Just Naturally,0,55,1,15.3171804128482828843839674164583911876,1,1001,1,1001,432.12,432.12,0
201820745,AUS / Maitland (AUS) 8th Aug,R3 400m Gr5,08-08-2022 09:50,40879977,4. Magnum Key Eye,0,2.8088045054949538,1,2.60528606050614129090759211936361388179,1,1001,1,1001,6065.5,6065.5,0
201820757,AUS / Maitland (AUS) 8th Aug,R7 400m Final,08-08-2022 11:18,47366354,9. Fat Boys Flying,0,30,1,21.2013563700952688519295979331503310189,1,1001,1,1001,557.37,557.37,0
201835556,TRP / Swindon 8th Aug,A6 476m,08-08-2022 11:13,43701936,2. Tullymurry Candy,0,7,1,5.18508487804878048780487804878048780488,1,1001,1,1001,1537.5,1537.5,0
201835612,SIS / Central Park 8th Aug,D2 265m,08-08-2022 13:17,27299426,2. Hollyoak Eve,0,13.5,1,1,1,1001,1,1001,0,2230.7,0
201835614,SIS / Central Park 8th Aug,D1 265m,08-08-2022 13:33,30567672,3. Murlens Tweet,0,13,1,1,1,1001,1,1001,0,1891.12,0
201835812,SIS / Monmore 8th Aug,A3 480m,08-08-2022 15:38,37768388,2. Moorstown Timmy,0,5.457782725413708,1,1,1,1001,1,1001,0,3387.54,0
201835812,SIS / Monmore 8th Aug,A3 480m,08-08-2022 15:38,39558320,5. Ballinakill John,0,18,1,1,1,1001,1,1001,0,1778.18,0
201836015,RPGTV / Towcester 8th Aug,D3 270m,08-08-2022 18:33,45464608,2. Farran Reebok,0,11.72356391953455,1,1,1,1001,1,1001,0,894.32,0
201836015,RPGTV / Towcester 8th Aug,D3 270m,08-08-2022 18:33,46231376,3. Feora Lilly,0,11.5,1,1,1,1001,1,1001,0,789.3,0
201835772,TRP / Sheffield 8th Aug,A6 500m,08-08-2022 15:09,39022644,4. Brennans Darcy,1,7.6,1,1,1,1001,1,1001,0,2808.04,0
201835772,TRP / Sheffield 8th Aug,A6 500m,08-08-2022 15:09,44670829,1. Blacklabel Lina,0,3.9498244472536683,1,1,1,1001,1,1001,0,7082.64,0
201835780,TRP / Sheffield 8th Aug,A5 500m,08-08-2022 16:23,43755377,3. Glenside Park,1,5.3,1,1,1,1001,1,1001,0,4000.28,0
201835780,TRP / Sheffield 8th Aug,A5 500m,08-08-2022 16:23,47196337,5. Drumdoit Lisa,0,6.8,1,1,1,1001,1,1001,0,3491.46,0
201835786,TRP / Sheffield 8th Aug,A4 500m,08-08-2022 17:22,43599749,4. Try Again Alex,0,6.4,1,1,1,1001,1,1001,0,2144.2,0
201835802,SIS / Monmore 8th Aug,A5 480m,08-08-2022 14:07,45951833,3. Lady Pixie,0,10.261713361,1,1,1,1001,1,1001,0,1656.72,0
201830715,NZL / Addington (NZL) 8th Aug,R3 295m C0,08-08-2022 01:52,47366204,5. Miss Rowdy,0,6.2,1,4.54916010688235718928287715750704123637,1,1001,1,1001,1384.7,1384.7,0
201830715,NZL / Addington (NZL) 8th Aug,R3 295m C0,08-08-2022 01:52,45848397,8. Homebush Leana,0,27,1,3.14828985507246376811594202898550724638,1,1001,1,1001,172.5,172.5,0
201830721,NZL / Addington (NZL) 8th Aug,R6 295m C1,08-08-2022 02:48,36961106,5. Know Pops,0,7.421531035774387,1,4.80992042630472185050659529726629707513,1,1001,1,1001,1673.92,1673.92,0
201830729,NZL / Addington (NZL) 8th Aug,R10 295m C1,08-08-2022 03:57,42062653,4. Goldstar Odette,0,21.345932721,1,14.5672246150671859283522038531968122147,1,1001,1,1001,775.46,775.46,0
201835860,SIS / Romford 8th Aug,A8 400m,08-08-2022 16:48,44251959,1. Ellaha Princess,1,4.6,1,1,1,1001,1,1001,0,3099.12,0
201835868,SIS / Romford 8th Aug,A7 400m,08-08-2022 18:02,38037064,1. Walthamstowtrev,0,3.559544080517717,1,1,1,1001,1,1001,0,9833.56,0
201835977,RPGTV / Doncaster 8th Aug,A3 483m,08-08-2022 18:09,39961615,4. Ashgrove Rover,1,19,1,1,1,1001,1,1001,0,1123.86,0
201830767,AUS / Cannington (AUS) 8th Aug,R5 275m Gr5,08-08-2022 07:58,38981593,6. Exploded Ravioli,0,4.298640499828033,1,2.76237560917883231310447215259324604908,1,1001,1,1001,1859.06,1859.06,0
201830767,AUS / Cannington (AUS) 8th Aug,R5 275m Gr5,08-08-2022 07:58,40022709,4. Quick Tin,0,14.315624550480862,1,8.68076493579006141820212171970965940815,1,1001,1,1001,1146.24,1146.24,0
201835542,TRP / Perry Barr 8th Aug,A8 480m,08-08-2022 13:51,45449994,4. Falcor,0,7,1,1,1,1001,1,1001,0,2351.74,0
201835558,TRP / Swindon 8th Aug,A9 476m,08-08-2022 11:28,43477254,3. Bay Ranger,0,9.507055686190727,1,6.46049895723895692534458156273030906496,1,1001,1,1001,1275.46,1275.46,0
201835558,TRP / Swindon 8th Aug,A9 476m,08-08-2022 11:28,36492815,5. Tirley Bonnygirl,0,35.927752329,1,19.4098565677883300113338804861843905108,1,1001,1,1001,511.74,511.74,0
201835572,TRP / Swindon 8th Aug,A6 476m,08-08-2022 13:13,39511655,4. Clashduff Spice,0,4.7,1,1,1,1001,1,1001,0,4860.18,0
201835572,TRP / Swindon 8th Aug,A6 476m,08-08-2022 13:13,43022298,3. Fayes Smasher,0,8.817882909636541,1,1,1,1001,1,1001,0,2044.34,0
201835574,TRP / Swindon 8th Aug,A6 476m,08-08-2022 13:28,36493163,6. Ferndale Limo,0,5.8,1,1,1,1001,1,1001,0,2769.98,0
201835608,SIS / Central Park 8th Aug,D4 265m,08-08-2022 12:46,28077262,3. Boreen Jackie,0,3.8329265955456506,1,1,1,1001,1,1001,0,4157.16,0
201835564,TRP / Swindon 8th Aug,A5 476m,08-08-2022 12:13,38983819,5. Fire Height Lola,0,7.987555079499435,1,7.79988338199999870002229461764730734868,1,1001,1,1001,4,1606.72,0
201835564,TRP / Swindon 8th Aug,A5 476m,08-08-2022 12:13,44545714,1. Homeward Hero,1,5.2815136855730085,1,5.499909101836142909913219752960990188,1,1001,1,1001,4,2113.2,0
201835602,SIS / Central Park 8th Aug,D5 265m,08-08-2022 12:01,47350460,4. Slowlane Lily,0,1.69,1,1.73708120443313977696336583792043274401,1,1001,1,1001,4775.72,24834.78,0
201835610,SIS / Central Park 8th Aug,A2 480m,08-08-2022 13:02,46393330,2. Hollyoak Athena,0,13.178510562372399,1,1,1,1001,1,1001,0,1716.36,0
201835610,SIS / Central Park 8th Aug,A2 480m,08-08-2022 13:02,47350462,3. Ragtime Jet,1,2.24,1,3.26255876616321007902858425527386351137,1,1001,1,1001,12.3,12425.48,0
201835858,SIS / Romford 8th Aug,A9 400m,08-08-2022 16:28,45971455,3. Carmar Delboy,0,6.8,1,1,1,1001,1,1001,0,2556.48,0
201835864,SIS / Romford 8th Aug,A9 400m,08-08-2022 17:28,47393941,3. Moranski Choice (res),0,8.255030128529759,1,1,1,1001,1,1001,0,1999.58,0
201835891,TRP / Yarmouth 8th Aug,A2 462m,08-08-2022 18:51,46393339,4. Annies Son,0,6.8,1,1,1,1001,1,1001,0,3296.32,0
201835897,TRP / Yarmouth 8th Aug,A3 462m,08-08-2022 19:41,38809076,4. Swift Effigy,1,5.51612202,1,1,1,1001,1,1001,0,2061.44,0
201835907,TRP / Yarmouth 8th Aug,A5 462m,08-08-2022 21:01,37415749,1. Ratchies Cheban,0,5.5,1,1,1,1001,1,1001,0,4310.68,0
201835907,TRP / Yarmouth 8th Aug,A5 462m,08-08-2022 21:01,39389821,4. Farneys Mickey,1,7.8,1,1,1,1001,1,1001,0,2541.66,0
201835955,TRP / Nottingham 8th Aug,OR 480m,08-08-2022 20:21,47350453,1. Prime Event,0,11,1,1,1,1001,1,1001,0,3199.42,0
201835983,RPGTV / Doncaster 8th Aug,D4 275m,08-08-2022 18:58,40314058,6. Makemydaypunk,0,7.829702488658951,1,1,1,1001,1,1001,0,1953.42,0
201830733,NZL / Addington (NZL) 8th Aug,R12 295m C1,08-08-2022 04:39,47366216,6. Epic Grace,0,6,1,4.11372296393116111162978869075405346528,1,1001,1,1001,1927.98,1927.98,0
201830733,NZL / Addington (NZL) 8th Aug,R12 295m C1,08-08-2022 04:39,46765237,1. Homebush Shadow,1,15,1,11.0332289725431730649770157783575599453,1,1001,1,1001,804.9,804.9,0
201830739,AUS / Hobart (AUS) 8th Aug,R3 461m Heat,08-08-2022 11:21,38836025,8. Fleeting One,0,8.420776142166654,1,5.77501014934029288096273742206756560824,1,1001,1,1001,2758.8,2758.8,0
201830739,AUS / Hobart (AUS) 8th Aug,R3 461m Heat,08-08-2022 11:21,39296644,7. Locknane Fee,0,25,1,14.5552010383149014412027147608360598113,1,1001,1,1001,739.66,739.66,0
201830747,AUS / Hobart (AUS) 8th Aug,R7 461m Gr3,08-08-2022 12:45,42088101,6. Wynburn Chief,0,21,1,16.4999273012259323031493746091279394884,1,1001,1,1001,13.56,1302.48,0
201824399,AUS / Angle Park (AUS) 8th Aug,R8 342m Gr6,08-08-2022 12:11,40812544,6. Calais Prince,0,2.4255884032558237,1,3.20011559780063338660267510881074541952,1,1001,1,1001,138,10843.74,0
201824404,AUS / Angle Park (AUS) 8th Aug,R9 730m S/E,08-08-2022 12:33,38835968,5. Dashing Jinx,1,2.8598485385231465,1,1,1,1001,1,1001,0,4753.13,0
201824404,AUS / Angle Park (AUS) 8th Aug,R9 730m S/E,08-08-2022 12:33,42077870,7. Chatting,0,6.554859745631402,1,1,1,1001,1,1001,0,2254.66,0
201820638,AUS / Warrnambool (AUS) 8th Aug,R6 450m Gr5,08-08-2022 07:22,43670731,6. Mighty Thanos,0,9.974487378576232,1,7.23218560103642925444955118911749282828,1,1001,1,1001,2593.52,2593.52,0
201820638,AUS / Warrnambool (AUS) 8th Aug,R6 450m Gr5,08-08-2022 07:22,42879699,4. Inga Letty,0,39.0285238528793,1,16.6170153803519467922959678536788139116,1,1001,1,1001,288.68,288.68,0
201820748,AUS / Maitland (AUS) 8th Aug,R4 400m Gr5,08-08-2022 10:12,45848372,1. Tinker Train,0,150,1,37.525847543303902406146795174226595673,1,1001,1,1001,148.37,148.37,0
201820748,AUS / Maitland (AUS) 8th Aug,R4 400m Gr5,08-08-2022 10:12,40447803,4. Bobby Bull Shark,0,28.87113823588239,1,17.5325195472688501284925364973481327574,1,1001,1,1001,731.56,731.56,0
201820748,AUS / Maitland (AUS) 8th Aug,R4 400m Gr5,08-08-2022 10:12,23771621,7. Hound Em Down,0,566.2727280136755,1,170.297221514147336222278868213102217691,1,1001,1,1001,78.46,78.46,0
201820751,AUS / Maitland (AUS) 8th Aug,R5 450m Rest,08-08-2022 10:38,44232744,4. Ichabod Mudd,1,2.170971197,1,2.12947151208544125913434513771781899944,1,1001,1,1001,17790,17790,0
201820754,AUS / Maitland (AUS) 8th Aug,R6 450m Rest,08-08-2022 10:56,47366350,4. Gold Rush Lad,0,4.884796373354185,1,3.54930993211062937965901359277303495781,1,1001,1,1001,4027.14,4027.14,0
201820754,AUS / Maitland (AUS) 8th Aug,R6 450m Rest,08-08-2022 10:56,42385570,2. Super Tanga,0,9.21868312514336,1,5.75280555789001876908423677059696893296,1,1001,1,1001,2141.82,2141.82,0
201820754,AUS / Maitland (AUS) 8th Aug,R6 450m Rest,08-08-2022 10:56,47366351,6. Gary The Goat,0,25.5178291467845,1,8.78873771730914588057445200302343159486,1,1001,1,1001,529.2,529.2,0
201820665,AUS / Ipswich (AUS) 8th Aug,R3 288m Mdn,08-08-2022 02:42,47366320,6. Nickel White,0,48,1,20.88690324227725299974470257850395711,1,1001,1,1001,235.02,235.02,0
201820665,AUS / Ipswich (AUS) 8th Aug,R3 288m Mdn,08-08-2022 02:42,47366317,3. Always Broke,0,7.8,1,5.18326163161249203314212874442319949012,1,1001,1,1001,5397.36,5397.36,0
201820665,AUS / Ipswich (AUS) 8th Aug,R3 288m Mdn,08-08-2022 02:42,47366318,4. Second Stringer,0,6.4,1,5.02817750751076845115285771165888442466,1,1001,1,1001,2762.7,2762.7,0
201820668,AUS / Ipswich (AUS) 8th Aug,R4 288m Nvce,08-08-2022 03:00,43328498,2. Farmor Attitude,0,17.5,1,10.5104301301511918001743364693859148156,1,1001,1,1001,665.38,665.38,0
201820671,AUS / Ipswich (AUS) 8th Aug,R5 288m Final,08-08-2022 03:19,47366326,6. Canya Goddess,0,9.133773553434583,1,6.13706447354708722687324139368464932087,1,1001,1,1001,2302.96,2302.96,0
201820671,AUS / Ipswich (AUS) 8th Aug,R5 288m Final,08-08-2022 03:19,47366327,7. High Times,0,7.790413461449061,1,6.29381967094876705961549249497127012494,1,1001,1,1001,2495.66,2495.66,0
201820671,AUS / Ipswich (AUS) 8th Aug,R5 288m Final,08-08-2022 03:19,47366324,2. Bundy Traveller,0,21,1,13.0174543090922994570620172822512808748,1,1001,1,1001,523.08,523.08,0
201820671,AUS / Ipswich (AUS) 8th Aug,R5 288m Final,08-08-2022 03:19,47366325,3. This Time Buddy,0,36.280678820763725,1,17.6389092443319343592476628250394155397,1,1001,1,1001,450.33,450.33,0
201820677,AUS / Ipswich (AUS) 8th Aug,R7 288m M5,08-08-2022 04:07,35545604,1. Sweet Vegas,0,10.675391045196447,1,5.50197355652595827268316351285783600194,1,1001,1,1001,1648.8,1648.8,0
201820686,AUS / Ipswich (AUS) 8th Aug,R10 288m Heat,08-08-2022 05:17,41223369,8. Sunset Matilda,0,12,1,6.05450557120422763417005259615624298926,1,1001,1,1001,802.34,802.34,0
201820692,AUS / Ipswich (AUS) 8th Aug,R12 288m Heat,08-08-2022 06:07,40846678,6. Rosdue Swagman,0,217.10604415355866,1,32.3255425709515859766277128547579298831,1,1001,1,1001,167.72,167.72,0
201820692,AUS / Ipswich (AUS) 8th Aug,R12 288m Heat,08-08-2022 06:07,47366333,3. Beau Boy,0,7.64373633427458,1,4.99635187943126996855946334695332289558,1,1001,1,1001,1571.22,1571.22,0
201835818,SIS / Monmore 8th Aug,A8 480m,08-08-2022 16:38,40954259,5. Church St Lucky,0,3.2615400828397574,1,1,1,1001,1,1001,0,7139.7,0
201835818,SIS / Monmore 8th Aug,A8 480m,08-08-2022 16:38,43389065,4. Ballycian Bubba,0,5.5723256394025515,1,1,1,1001,1,1001,0,2909.83,0
201835818,SIS / Monmore 8th Aug,A8 480m,08-08-2022 16:38,47354134,1. Roxhill Meadow,0,9.2,1,1,1,1001,1,1001,0,1848.46,0
201835820,SIS / Monmore 8th Aug,A6 480m,08-08-2022 16:58,47354135,2. Knockroe Tom,0,2.76,1,1,1,1001,1,1001,0,12173.92,0
201835903,TRP / Yarmouth 8th Aug,D1 277m,08-08-2022 20:27,38603372,1. Waikiki Stephen,0,5.8,1,1,1,1001,1,1001,0,3110.22,0
201835903,TRP / Yarmouth 8th Aug,D1 277m,08-08-2022 20:27,46207322,6. Colosseum,1,6.9045996987425315,1,1,1,1001,1,1001,0,3218.4,0
201835903,TRP / Yarmouth 8th Aug,D1 277m,08-08-2022 20:27,37773854,5. Adamant Rumble,0,2.679791803212283,1,1,1,1001,1,1001,0,11188.28,0
201836031,RPGTV / Towcester 8th Aug,D3 270m,08-08-2022 21:02,28183395,6. Sten Gun,1,3.7240354112423297,1,1,1,1001,1,1001,0,4616.64,0
201836031,RPGTV / Towcester 8th Aug,D3 270m,08-08-2022 21:02,42466009,1. Romeo Legend,0,3.725895674227031,1,1,1,1001,1,1001,0,6650.36,0
201820797,AUS / Nowra (AUS) 8th Aug,R2 365m Mdn,08-08-2022 09:40,46472526,4. Blinks Princess,0,21,1,11.9593320017754105636928539724811362628,1,1001,1,1001,540.72,540.72,0
201824369,AUS / Angle Park (AUS) 8th Aug,R2 530m Gr6,08-08-2022 09:59,46472583,2. Rushes Raw,1,1.39,1,1.30759539647164900222861128595974889845,1,1001,1,1001,16458.68,16458.68,0
201824369,AUS / Angle Park (AUS) 8th Aug,R2 530m Gr6,08-08-2022 09:59,40434335,1. Cyclone Jane,0,29.946272919466715,1,17.9404909323320284413198050651114484301,1,1001,1,1001,1001.36,1001.36,0
201824414,AUS / Angle Park (AUS) 8th Aug,R11 342m Gr5,08-08-2022 13:10,36557306,2. Spiritual Vision,0,11.6829625816131,1,1,1,1001,1,1001,0,1358.54,0
201824414,AUS / Angle Park (AUS) 8th Aug,R11 342m Gr5,08-08-2022 13:10,38407272,1. Didelis,0,7,1,1,1,1001,1,1001,0,2583.28,0
201824414,AUS / Angle Park (AUS) 8th Aug,R11 342m Gr5,08-08-2022 13:10,41419775,8. Capitulate,0,4.397724414488184,1,1,1,1001,1,1001,0,4069.94,0
201820623,AUS / Warrnambool (AUS) 8th Aug,R1 390m Mdn,08-08-2022 05:39,47366242,4. Myola Frank,0,50,1,27.2458782821086912273559943008345206595,1,1001,1,1001,245.65,245.65,0
201820629,AUS / Warrnambool (AUS) 8th Aug,R3 390m Gr7,08-08-2022 06:17,45875417,6. Piper Bale,0,15.674401768394894,1,10.3812273591334600624080915318675800725,1,1001,1,1001,1115.24,1115.24,0
201820650,AUS / Warrnambool (AUS) 8th Aug,R10 390m Gr6,08-08-2022 08:43,46765372,6. Afro Puff,0,13,1,8.44532735234433408095695823988038022001,1,1001,1,1001,1123.56,1123.56,0
201820659,AUS / Ipswich (AUS) 8th Aug,R1 288m Mdn,08-08-2022 02:06,42573345,5. Tiger Knight,0,7.4,1,4.99535990481856038072575847709696609161,1,1001,1,1001,1277.56,1277.56,0
201820680,AUS / Ipswich (AUS) 8th Aug,R8 288m FFA,08-08-2022 04:32,41762079,1. Shining Force,0,4.3,1,2.8487546091308919131039997630647573635,1,1001,1,1001,2701.16,2701.16,0
201820683,AUS / Ipswich (AUS) 8th Aug,R9 288m Heat,08-08-2022 04:57,39931522,4. Dixie Zambora,0,2.9952494283576376,1,2.53572494706972739811471593354944697748,1,1001,1,1001,4553.16,4553.16,0
201821667,AUS / Shepparton (AUS) 8th Aug,R3 385m Final,08-08-2022 10:44,40880163,4. Bearish,0,6.7780299483457185,1,4.62646967778246798930631771492894329534,1,1001,1,1001,2842.8,2842.8,0
201821667,AUS / Shepparton (AUS) 8th Aug,R3 385m Final,08-08-2022 10:44,38266919,2. Bold Edge,1,23.493434472725262,1,10.3089270891905641684740407529386563847,1,1001,1,1001,746.94,746.94,0
201821687,AUS / Shepparton (AUS) 8th Aug,R7 385m FFA,08-08-2022 12:08,39447625,2. Kepal,0,1.6549074812494293,1,1.6850915237828619963366121550292036573,1,1001,1,1001,63.5,14578.86,0
201821687,AUS / Shepparton (AUS) 8th Aug,R7 385m FFA,08-08-2022 12:08,40092139,8. Body Hack,0,5.87403582536761,1,1,1,1001,1,1001,0,2405.94,0
201821687,AUS / Shepparton (AUS) 8th Aug,R7 385m FFA,08-08-2022 12:08,43838322,3. Maximum Brooke,0,90,1,1,1,1001,1,1001,0,123.28,0
201835568,TRP / Swindon 8th Aug,A7 476m,08-08-2022 12:43,42149793,2. Batties Swift,1,4.994421651382872,1,1,1,1001,1,1001,0,4450.98,0
201835570,TRP / Swindon 8th Aug,D2 262m,08-08-2022 12:58,42211767,6. Mohican Zoa,1,5.5,1,7.9998547530138749620945365383668288883,1,1001,1,1001,4,2920.24,0
201835524,TRP / Perry Barr 8th Aug,A7 480m,08-08-2022 11:36,36492806,2. Sharp Jet,0,3.6,1,3.10803170534588111171603155655799515087,1,1001,1,1001,5914.46,5914.46,0
201835524,TRP / Perry Barr 8th Aug,A7 480m,08-08-2022 11:36,40228486,6. Cle Cle Princess,1,9.4,1,7.98353879766294622996846361452453214438,1,1001,1,1001,2023.06,2023.06,0
201821697,AUS / Shepparton (AUS) 8th Aug,R9 385m Gr4,08-08-2022 12:48,42845323,5. Oriental Onyx,0,5.804834613763669,1,1,1,1001,1,1001,0,4105.5,0
201821697,AUS / Shepparton (AUS) 8th Aug,R9 385m Gr4,08-08-2022 12:48,40410441,8. Shanias Dream,0,68.864887825,1,27.4567778195064635711875762978683459066,1,1001,1,1001,10.9,558.26,0
201821702,AUS / Shepparton (AUS) 8th Aug,R10 385m Gr5,08-08-2022 13:07,41989172,4. Maximum Ang,0,12.177843224336392,1,1,1,1001,1,1001,0,1605,0
201835846,SIS / Romford 8th Aug,A5 400m,08-08-2022 14:32,47352839,2. Tober Sydney,1,2.3460184345164454,1,1,1,1001,1,1001,0,11959.66,0
201835901,TRP / Yarmouth 8th Aug,A3 462m,08-08-2022 20:12,47226633,6. Dulcify,0,4.1,1,1,1,1001,1,1001,0,4819.58,0
201835943,TRP / Nottingham 8th Aug,A3 500m,08-08-2022 18:41,44602866,3. Drombeg Magic,0,8.2,1,1,1,1001,1,1001,0,1421.92,0
201835844,SIS / Romford 8th Aug,A8 400m,08-08-2022 14:12,45802070,1. Sparrow Hawk,0,8.4,1,1,1,1001,1,1001,0,1826.78,0
201835848,SIS / Romford 8th Aug,A5 400m,08-08-2022 14:52,39174599,2. Malbay Ezra,0,5.7,1,1,1,1001,1,1001,0,4710.14,0
201835848,SIS / Romford 8th Aug,A5 400m,08-08-2022 14:52,40390006,5. Maysons Maid,0,18.627037887498737,1,1,1,1001,1,1001,0,1601.02,0
201835850,SIS / Romford 8th Aug,A11 400m,08-08-2022 15:11,46066079,4. Belfast Simba,0,6.2,1,1,1,1001,1,1001,0,1127.96,0
201835852,SIS / Romford 8th Aug,A3 400m,08-08-2022 15:28,40756512,3. Faithful Frankie,0,7.689098032580805,1,1,1,1001,1,1001,0,2413.78,0
201835856,SIS / Romford 8th Aug,A6 400m,08-08-2022 16:08,46394372,5. Young Direction,0,9.8,1,1,1,1001,1,1001,0,1862.08,0
201835957,TRP / Nottingham 8th Aug,OR 500m,08-08-2022 20:36,47134680,5. Crokers Brandy,0,29.067215033685777,1,1,1,1001,1,1001,0,1022.36,0
201835957,TRP / Nottingham 8th Aug,OR 500m,08-08-2022 20:36,47350456,2. Milton Estrella,0,12.5,1,1,1,1001,1,1001,0,2068.2,0
201835889,TRP / Yarmouth 8th Aug,A4 462m,08-08-2022 18:36,42375255,6. Jumbos Mistake,0,6.602234861487522,1,1,1,1001,1,1001,0,1449.8,0
201835949,TRP / Nottingham 8th Aug,OR 500m,08-08-2022 19:34,46393319,5. One Day Ray,0,7.220515596,1,1,1,1001,1,1001,0,3671.7,0
201835949,TRP / Nottingham 8th Aug,OR 500m,08-08-2022 19:34,43046351,4. Distant Puma,0,8.46142114682072,1,1,1,1001,1,1001,0,2584.92,0
201835961,TRP / Nottingham 8th Aug,OR3 305m,08-08-2022 21:11,42328004,2. Drumdoit Jewel,0,6.8,1,1,1,1001,1,1001,0,3043.88,0
201835961,TRP / Nottingham 8th Aug,OR3 305m,08-08-2022 21:11,43898965,6. Roman Arch,1,3.4,1,1,1,1001,1,1001,0,14824.24,0
201835963,TRP / Nottingham 8th Aug,OR3 305m,08-08-2022 21:26,28737700,4. Shrewd Call,1,2.18079186,1,1,1,1001,1,1001,0,12742.12,0
201835989,RPGTV / Doncaster 8th Aug,B4 450m,08-08-2022 19:56,43046512,6. Baa,1,2.46,1,1,1,1001,1,1001,0,13827.4,0
201836021,RPGTV / Towcester 8th Aug,A4 500m,08-08-2022 19:24,39291380,6. Footfield Simba,0,3.8987494118523314,1,1,1,1001,1,1001,0,5848.42,0
201836021,RPGTV / Towcester 8th Aug,A4 500m,08-08-2022 19:24,47370246,4. Scarty Cougar,0,12.945206323391464,1,1,1,1001,1,1001,0,1647.88,0
201836023,RPGTV / Towcester 8th Aug,D4 270m,08-08-2022 19:44,42190961,6. Some Pretender,0,5.2,1,1,1,1001,1,1001,0,2404.88,0
201836023,RPGTV / Towcester 8th Aug,D4 270m,08-08-2022 19:44,39673399,3. Salacres Vienna,1,8.6,1,1,1,1001,1,1001,0,1063.63,0
201835979,RPGTV / Doncaster 8th Aug,A2 483m,08-08-2022 18:28,41695188,5. Pennys Endeavour,0,6.5069207986874975,1,1,1,1001,1,1001,0,2021.26,0
201835985,RPGTV / Doncaster 8th Aug,D4 275m,08-08-2022 19:18,42052563,3. Ballygur Ava,0,12.679563520366793,1,1,1,1001,1,1001,0,533.74,0
201835993,RPGTV / Doncaster 8th Aug,B5 450m,08-08-2022 20:38,44669999,3. Fahy Queen,0,14.708702622893615,1,1,1,1001,1,1001,0,1401.12,0
201835987,RPGTV / Doncaster 8th Aug,B5 450m,08-08-2022 19:36,39258022,2. Kidya Not,0,6.6,1,1,1,1001,1,1001,0,3195.62,0
201835604,SIS / Central Park 8th Aug,A3 480m,08-08-2022 12:16,45930768,3. Chilly Mo,0,6,1,3.69994006133063845982619185854074039556,1,1001,1,1001,4,2520.96,0
201836138,SIS / Suffolk Downs 8th Aug,A8 388m,08-08-2022 11:09,47250708,3. Blackrose Joe,0,5.721744718601875,1,3.89142618826599938114649338768481521841,1,1001,1,1001,2973.24,2973.24,0
201836138,SIS / Suffolk Downs 8th Aug,A8 388m,08-08-2022 11:09,47379221,5. Calibrate,0,9.6,1,6.89378008481384966849940965648294990114,1,1001,1,1001,1431.37,1431.37,0
201836140,SIS / Suffolk Downs 8th Aug,A7 388m,08-08-2022 11:24,44927906,3. Olivetree Eva,0,6.4,1,3.79479721357044777119126561505743661877,1,1001,1,1001,1194.36,1194.36,0
201836150,SIS / Suffolk Downs 8th Aug,A4 388m,08-08-2022 12:39,44081069,2. Kingswood Costa,0,10.5,1,1,1,1001,1,1001,0,1467.78,0
201836150,SIS / Suffolk Downs 8th Aug,A4 388m,08-08-2022 12:39,43318165,6. Savana Bill,0,6,1,1,1,1001,1,1001,0,1928.98,0
201836152,SIS / Suffolk Downs 8th Aug,A8 388m,08-08-2022 12:54,44331308,6. Energize Tilly,0,3.865632012495407,1,1,1,1001,1,1001,0,2938.98,0
201820641,AUS / Warrnambool (AUS) 8th Aug,R7 450m Gr5,08-08-2022 07:37,42236836,3. Saint Prue,0,66.44979487773473,1,29.7701946744238084582680689192213023048,1,1001,1,1001,357.52,357.52,0
201820644,AUS / Warrnambool (AUS) 8th Aug,R8 450m Gr5,08-08-2022 08:02,42393473,1. Reiko Cleo,0,5.1,1,3.37549179654010123668479218293069632518,1,1001,1,1001,1702.94,1702.94,0
201820647,AUS / Warrnambool (AUS) 8th Aug,R9 390m Gr6/7,08-08-2022 08:24,41832409,4. Majestic Jewel,0,4.5,1,3.63974379322072327400521482825076521936,1,1001,1,1001,2646.3,2646.3,0
201820647,AUS / Warrnambool (AUS) 8th Aug,R9 390m Gr6/7,08-08-2022 08:24,43778696,3. Vans Turbo,0,2.38,1,2.15405074320729353282423912177393029813,1,1001,1,1001,7781.14,7781.14,0
201820647,AUS / Warrnambool (AUS) 8th Aug,R9 390m Gr6/7,08-08-2022 08:24,42235915,7. Dr Chelsea,0,43.87935824415646,1,21.1909164879059102004586138027960647977,1,1001,1,1001,270.38,270.38,0
201820769,AUS / Maitland (AUS) 8th Aug,R11 400m Gr5,08-08-2022 12:42,28506837,1. Agland Smoke,0,26.326445397218674,1,1,1,1001,1,1001,0,662.08,0
201821657,AUS / Shepparton (AUS) 8th Aug,R1 450m Heat,08-08-2022 09:56,46426623,4. Smart Talk,0,3.4,1,2.83028686606310800382881648246461085647,1,1001,1,1001,4742.98,4742.98,0
201821657,AUS / Shepparton (AUS) 8th Aug,R1 450m Heat,08-08-2022 09:56,46889977,3. Crackerjack King,0,3.6,1,2.71854361880600679242194852489872744384,1,1001,1,1001,3910.24,3910.24,0
201821657,AUS / Shepparton (AUS) 8th Aug,R1 450m Heat,08-08-2022 09:56,42845253,8. Dry Lightning,1,6.8,1,4.71941400548257324931467834383566520702,1,1001,1,1001,2808.9,2808.9,0
201821692,AUS / Shepparton (AUS) 8th Aug,R8 450m Gr3/4,08-08-2022 12:30,40198637,1. Axedale Pirate,1,6.9612390138939375,1,1,1,1001,1,1001,0,3835.94,0
201821707,AUS / Shepparton (AUS) 8th Aug,R11 385m Gr5,08-08-2022 13:22,40743781,4. Kraken Rover,0,4.426204387,1,1,1,1001,1,1001,0,2179.58,0
201830713,NZL / Addington (NZL) 8th Aug,R2 295m C0,08-08-2022 01:35,47366198,2. Goldstar Dynasty,0,3.487435185,1,2.61304508258446709172147196144384758271,1,1001,1,1001,2390.28,2390.28,0
201830719,NZL / Addington (NZL) 8th Aug,R5 295m C1,08-08-2022 02:30,47366208,8. Homebush Leroy,1,2.06,1,1.74881104615555926730137520182617894327,1,1001,1,1001,8980.5,8980.5,0
201830719,NZL / Addington (NZL) 8th Aug,R5 295m C1,08-08-2022 02:30,39811693,2. Homebush Saint,0,60,1,33.1447075490791337785873304998988059097,1,1001,1,1001,197.64,197.64,0
201830727,NZL / Addington (NZL) 8th Aug,R9 295m C1,08-08-2022 03:40,28571895,5. Young Mase,0,3.95869819387849,1,2.77368432809149392423159399571122230164,1,1001,1,1001,3133.76,3133.76,0
201830737,AUS / Hobart (AUS) 8th Aug,R2 340m Gr6,08-08-2022 10:59,47366519,5. Circles,0,13,1,6.48206199399271197035997987406040831262,1,1001,1,1001,1311.74,1311.74,0
201830737,AUS / Hobart (AUS) 8th Aug,R2 340m Gr6,08-08-2022 10:59,47366522,8. Smoking Yogi,0,5.03849319748624,1,3.28473973028240105609194212202003468537,1,1001,1,1001,3090.64,3090.64,0
201830745,AUS / Hobart (AUS) 8th Aug,R6 461m Gr4,08-08-2022 12:23,39318319,5. Brindle Burner,0,5.722434118460807,1,1,1,1001,1,1001,0,2583.07,0
201830758,AUS / Cannington (AUS) 8th Aug,R2 275m Nvce,08-08-2022 06:54,40743623,6. Robben Tux,0,13,1,8.31608088589311506981222917669715936447,1,1001,1,1001,581.56,581.56,0
201830758,AUS / Cannington (AUS) 8th Aug,R2 275m Nvce,08-08-2022 06:54,43111472,1. Simply Accused,0,130,1,68.8416084344734583793061174451391442933,1,1001,1,1001,163.14,163.14,0
201820763,AUS / Maitland (AUS) 8th Aug,R9 400m N/G,08-08-2022 12:02,25989038,2. Ebby Infrared,0,34.74472642929294,1,23.906167744246252699126308190175791794,1,1001,1,1001,122.36,1190.26,0
201820763,AUS / Maitland (AUS) 8th Aug,R9 400m N/G,08-08-2022 12:02,39478407,1. Cherokee Outlaw,0,3.0301087973451653,1,3.45554771192739279896335957617159851634,1,1001,1,1001,244.92,7074.3,0
201820792,AUS / Nowra (AUS) 8th Aug,R1 520m Mdn,08-08-2022 09:18,46836675,7. Blue Intention,0,82.43149279119449,1,37.2323970178477294977031402967090895399,1,1001,1,1001,265.58,265.58,0
201820807,AUS / Nowra (AUS) 8th Aug,R4 365m Final,08-08-2022 10:28,47366181,6. Im Loving It,0,11.5,1,7.23162079086644017656983059465206036654,1,1001,1,1001,865.38,865.38,0
201830725,NZL / Addington (NZL) 8th Aug,R8 295m C1,08-08-2022 03:22,46315122,4. Homebush Valden,0,5.6,1,4.87687763953886542632119621047825590686,1,1001,1,1001,1401.76,1401.76,0
201830725,NZL / Addington (NZL) 8th Aug,R8 295m C1,08-08-2022 03:22,47148511,2. Homebush Chilli,0,4.801076151,1,2.2717910519873735746956129614120981769,1,1001,1,1001,2483.68,2483.68,0
201830731,NZL / Addington (NZL) 8th Aug,R11 295m C1,08-08-2022 04:22,40410575,7. Homebush Maggie,0,16.42474848518119,1,9.43784383921693025785108986269089590792,1,1001,1,1001,441.34,441.34,0
201830743,AUS / Hobart (AUS) 8th Aug,R5 461m Inv,08-08-2022 12:05,28353731,3. Cape Fernando,0,70,1,67.0370734568838525736386436121734420456,1,1001,1,1001,39.32,297.12,0
201820827,AUS / Nowra (AUS) 8th Aug,R8 365m Final,08-08-2022 11:52,41690543,4. Panyam Bale,0,4.341688329376922,1,3.62363264552731794513095515660216056579,1,1001,1,1001,4117.44,4117.44,0
201820832,AUS / Nowra (AUS) 8th Aug,R9 365m FFA,08-08-2022 12:14,35784359,2. Kalany Bale,0,36,1,1,1,1001,1,1001,0,299.66,0
201820832,AUS / Nowra (AUS) 8th Aug,R9 365m FFA,08-08-2022 12:14,39849407,7. Ameenas Meraki,0,21.302476770728248,1,1,1,1001,1,1001,0,1075.48,0
201820832,AUS / Nowra (AUS) 8th Aug,R9 365m FFA,08-08-2022 12:14,41729397,4. Bindi,1,3.258252534,1,3.96287004602492773809751620519512354968,1,1001,1,1001,48.62,5102.66,0
201820837,AUS / Nowra (AUS) 8th Aug,R10 365m Gr5,08-08-2022 12:36,37789542,3. Aqua Vite,0,58.24298588385224,1,1,1,1001,1,1001,0,321.58,0
201820842,AUS / Nowra (AUS) 8th Aug,R11 365m Gr5,08-08-2022 12:54,43670616,7. Barrys Rocket,1,15,1,1,1,1001,1,1001,0,644.92,0
201830770,AUS / Cannington (AUS) 8th Aug,R6 380m Gr5,08-08-2022 08:14,43746975,4. Rumblin Moment,0,2.7306131851904487,1,2.31196362156140200531322306967177992973,1,1001,1,1001,9335.2,9335.2,0
201830770,AUS / Cannington (AUS) 8th Aug,R6 380m Gr5,08-08-2022 08:14,40928477,1. Fundamentalist,0,23.88930872527417,1,9.44450008136900216566728840929859920133,1,1001,1,1001,798.83,798.83,0
201830773,AUS / Cannington (AUS) 8th Aug,R7 275m Gr6,08-08-2022 08:35,39849212,4. Sapphire Girl,0,15.867568743643059,1,15.9023450409591112048658720950673276377,1,1001,1,1001,1422.15,1422.15,0
201830785,AUS / Cannington (AUS) 8th Aug,R11 380m Gr6,08-08-2022 09:53,37511292,3. Youre Kidding,0,39.69677018848248,1,15.1141070146037826191046205410581757242,1,1001,1,1001,668.32,668.32,0
201821441,AUS / Ballarat (AUS) 8th Aug,R1 450m Mdn,08-08-2022 02:00,46920331,6. Like A Lorry,1,2.78,1,2.02971823836220121049842412071514238697,1,1001,1,1001,3585.3,3585.3,0
201821441,AUS / Ballarat (AUS) 8th Aug,R1 450m Mdn,08-08-2022 02:00,46548819,3. Jelly Bean Jade,0,61.18961003114597,1,21.0312524114515008874141523265684080562,1,1001,1,1001,129.59,129.59,0
201821447,AUS / Ballarat (AUS) 8th Aug,R3 450m Rest,08-08-2022 02:36,45516928,6. Faint Perfume,0,9.260510140880944,1,6.41643137792397660818713450292397660819,1,1001,1,1001,1751.04,1751.04,0
201821450,AUS / Ballarat (AUS) 8th Aug,R4 390m Gr5,08-08-2022 02:54,44160968,6. Man Of Power,0,3.3741652657427768,1,2.85668298192771084337349397590361445783,1,1001,1,1001,2496.64,2496.64,0
201821453,AUS / Ballarat (AUS) 8th Aug,R5 545m Gr5,08-08-2022 03:12,47366268,7. Pecheys Babe,0,9.578651954188242,1,5.2914724474250993713775411931569454902,1,1001,1,1001,1142.18,1142.18,0
201821459,AUS / Ballarat (AUS) 8th Aug,R7 545m Rest,08-08-2022 03:54,47366269,3. Majestic Stella,0,13.416491265,1,6.78981234171521886547004525387840960988,1,1001,1,1001,1445.18,1445.18,0
201821462,AUS / Ballarat (AUS) 8th Aug,R8 545m Gr5,08-08-2022 04:19,40494223,1. Phoenix Flight,0,13,1,7.01295344361341876385606743489170950374,1,1001,1,1001,820.94,820.94,0
201821465,AUS / Ballarat (AUS) 8th Aug,R9 390m Gr7,08-08-2022 04:42,47366270,5. Lets Play Hooky,0,7.6,1,4.83067862530969286772135254467189857299,1,1001,1,1001,1444.98,1444.98,0
201821712,AUS / Shepparton (AUS) 8th Aug,R12 450m Vets,08-08-2022 13:43,25144810,4. Double Em Up,0,20.191479419820183,1,1,1,1001,1,1001,0,1361.04,0
201821712,AUS / Shepparton (AUS) 8th Aug,R12 450m Vets,08-08-2022 13:43,25370050,2. Dewana Success,0,28,1,1,1,1001,1,1001,0,639.73,0
201821737,AUS / Bathurst (AUS) 8th Aug,R1 307m Mdn,08-08-2022 05:46,47366275,4. Hay Hay,0,12.5,1,8.33243492800279503880611913852911082828,1,1001,1,1001,801.42,801.42,0
201821737,AUS / Bathurst (AUS) 8th Aug,R1 307m Mdn,08-08-2022 05:46,45665439,2. Winlock Rewards,0,80,1,25.5204237937196834311973449068164411539,1,1001,1,1001,156.68,156.68,0
201821752,AUS / Bathurst (AUS) 8th Aug,R6 307m Gr5,08-08-2022 07:26,35421111,5. Bad Monday,0,50,1,23.9250338176899245101889427062879085395,1,1001,1,1001,229.17,229.17,0
201821755,AUS / Bathurst (AUS) 8th Aug,R7 450m Rest,08-08-2022 07:47,40812665,2. Flying Frog,0,5.120226634111313,1,3.47104774894328123464071561977784331072,1,1001,1,1001,3255.36,3255.36,0
201821758,AUS / Bathurst (AUS) 8th Aug,R8 520m Final,08-08-2022 08:06,45169454,4. Extremist,0,320,1,90.3183330414988618455611976886709858168,1,1001,1,1001,114.22,114.22,0
201821758,AUS / Bathurst (AUS) 8th Aug,R8 520m Final,08-08-2022 08:06,42688901,1. Devil King,0,6.315952680825721,1,4.31566645152339532274506728756612639567,1,1001,1,1001,3315.62,3315.62,0
201824323,AUS / Albion Park (AUS) 8th Aug,R4 395m Gr4/5,08-08-2022 10:53,41258915,1. Davey Fawner,0,4.424130985182708,1,3.22105540573670017161068889433684726649,1,1001,1,1001,3263.2,3263.2,0
201824323,AUS / Albion Park (AUS) 8th Aug,R4 395m Gr4/5,08-08-2022 10:53,45823761,2. Unstitch,1,5.2,1,4.03260599254720170349675348645634595284,1,1001,1,1001,5147.06,5147.06,0
201821474,AUS / Ballarat (AUS) 8th Aug,R12 450m Gr5,08-08-2022 05:52,44186251,8. My Compass,0,11,1,5.97857638439737996401566376988840151934,1,1001,1,1001,850.37,850.37,0
201821770,AUS / Bathurst (AUS) 8th Aug,R12 307m Gr4/5,08-08-2022 09:31,32345700,1. Turbo Tank,1,12.35883583253948,1,7.19085387737073130331557297849432680893,1,1001,1,1001,1448.92,1448.92,0
201830764,AUS / Cannington (AUS) 8th Aug,R4 275m Gr5/6,08-08-2022 07:34,19931045,5. Rocca Jet,0,45.63111539524285,1,23.1647804723411000158503724837533682042,1,1001,1,1001,315.45,315.45,0
201830776,AUS / Cannington (AUS) 8th Aug,R8 275m FFA,08-08-2022 08:54,42483674,4. Hello Im Miley,0,32,1,17.1661289534144791513907220022486190546,1,1001,1,1001,818.28,818.28,0
201830782,AUS / Cannington (AUS) 8th Aug,R10 275m Gr4,08-08-2022 09:34,39498518,6. Express Malt,0,6.116997343632734,1,3.7020212812350093759539488029305307226,1,1001,1,1001,1834.48,1834.48,0
201824384,AUS / Angle Park (AUS) 8th Aug,R5 595m Gr5/6,08-08-2022 11:09,38859301,4. Resurgence,0,34.37113655616027,1,20.0204661521330107898475598049379871751,1,1001,1,1001,520.86,520.86,0
201835576,TRP / Swindon 8th Aug,A5 476m,08-08-2022 13:44,36262509,6. Derramore Lark,0,6,1,1,1,1001,1,1001,0,3325.36,0
201835578,TRP / Swindon 8th Aug,A4 476m,08-08-2022 13:59,40263383,5. Outdoor Harley,0,29,1,1,1,1001,1,1001,0,368.54,0
201830741,AUS / Hobart (AUS) 8th Aug,R4 461m Heat,08-08-2022 11:43,41729341,6. Wilanns Way,0,19,1,13.2657466952483029653447659878528045731,1,1001,1,1001,1119.6,1119.6,0
201830741,AUS / Hobart (AUS) 8th Aug,R4 461m Heat,08-08-2022 11:43,42070558,4. Wave Blade,0,220,1,113.9334851936218678815489749430523918,1,1001,1,1001,153.65,153.65,0
201830749,AUS / Hobart (AUS) 8th Aug,R8 461m Gr5,08-08-2022 13:04,41762283,6. Gracies Joy,0,24.17679179854604,1,1,1,1001,1,1001,0,835.44,0
201835532,TRP / Perry Barr 8th Aug,D4 275m,08-08-2022 12:36,36160045,5. Longwood Mayo,1,4.1,1,1,1,1001,1,1001,0,2919.08,0
201835538,TRP / Perry Barr 8th Aug,A9 480m,08-08-2022 13:21,41710194,3. Apple Pie,0,4.287936131887545,1,5.4996295653799663934643520045093962032,1,1001,1,1001,1.72,5835.1,0
201824313,AUS / Albion Park (AUS) 8th Aug,R2 520m Nvce,08-08-2022 10:09,42343376,10. Storm Away,0,140,1,64.3383447527973579139350322866860551092,1,1001,1,1001,202.87,202.87,0
201824318,AUS / Albion Park (AUS) 8th Aug,R3 331m Gr4/5,08-08-2022 10:31,45629273,5. Slap Happy Chap,0,162.743778358,1,53.1686181901669454557381350651054478664,1,1001,1,1001,304.89,304.89,0
201824333,AUS / Albion Park (AUS) 8th Aug,R6 520m Gr5,08-08-2022 11:37,40846614,5. Futures Changed,0,10.924076127,1,8.99435175065157409601259582533992677912,1,1001,1,1001,2616.74,2616.74,0
201824338,AUS / Albion Park (AUS) 8th Aug,R7 600m Gr4/5,08-08-2022 11:55,40812455,6. Springtime Rose,0,5.66006307184056,1,3.8809414411180510685141311891258046761,1,1001,1,1001,3342.96,3342.96,0
201824353,AUS / Albion Park (AUS) 8th Aug,R10 520m Gr5,08-08-2022 12:57,27407508,1. Hurricane Ashy,0,10.551256455572767,1,1,1,1001,1,1001,0,3013.22,0
201835520,TRP / Perry Barr 8th Aug,D3 275m,08-08-2022 11:06,47398570,5. Diegos Duchess (res),0,10.5,1,4.89979398663697104677060133630289532294,1,1001,1,1001,718.4,718.4,0
201835520,TRP / Perry Barr 8th Aug,D3 275m,08-08-2022 11:06,35791246,4. Right Badge,0,7.125931976674474,1,3.16848026933160486422165681503768127159,1,1001,1,1001,2067.34,2067.34,0
201835530,TRP / Perry Barr 8th Aug,A7 480m,08-08-2022 12:21,41084939,1. Blistering News,0,4.769544639634551,1,1,1,1001,1,1001,0,3001.64,0
201835530,TRP / Perry Barr 8th Aug,A7 480m,08-08-2022 12:21,43498654,3. Arizona Duke,0,32.44718134,1,1,1,1001,1,1001,0,472.18,0
201835540,TRP / Perry Barr 8th Aug,A6 480m,08-08-2022 13:36,39352055,6. Glengar Pauline,1,9.367506244439863,1,1,1,1001,1,1001,0,2949.68,0
201835764,TRP / Sheffield 8th Aug,A4 500m,08-08-2022 14:04,41494005,4. Lemming Pepper,1,8.8,1,1,1,1001,1,1001,0,2623.08,0
201835768,TRP / Sheffield 8th Aug,A5 500m,08-08-2022 14:36,44081609,4. Coologue Ellie,0,5.1,1,1,1,1001,1,1001,0,3463.94,0
201835770,TRP / Sheffield 8th Aug,A2 500m,08-08-2022 14:54,42127335,3. Flying Ada,1,6.8,1,1,1,1001,1,1001,0,2382.08,0
201835893,TRP / Yarmouth 8th Aug,A7 462m,08-08-2022 19:09,40009096,2. Folding Honey,0,13.11162883,1,1,1,1001,1,1001,0,1366.74,0
201835893,TRP / Yarmouth 8th Aug,A7 462m,08-08-2022 19:09,47350464,4. Mythical Trend,1,4.288770202263988,1,1,1,1001,1,1001,0,2512.32,0
201835893,TRP / Yarmouth 8th Aug,A7 462m,08-08-2022 19:09,39961278,6. Saleen Tuc Tuc,0,5.9,1,1,1,1001,1,1001,0,1965.68,0
201835941,TRP / Nottingham 8th Aug,A4 500m,08-08-2022 18:26,25316216,6. Newinn Nidge,0,4.6,1,1,1,1001,1,1001,0,2752.62,0
201835941,TRP / Nottingham 8th Aug,A4 500m,08-08-2022 18:26,46820899,2. Swift Main,0,3.520310171,1,1,1,1001,1,1001,0,5431.36,0
201835774,TRP / Sheffield 8th Aug,D2 280m,08-08-2022 15:26,43898974,1. Dingys Tommy,0,11,1,7.499888526911763463256605149221690848,1,1001,1,1001,8,3543.52,0
201835784,TRP / Sheffield 8th Aug,A8 500m,08-08-2022 17:03,44150042,4. Swift Emerald,0,4.5,1,1,1,1001,1,1001,0,3357.72,0
201835804,SIS / Monmore 8th Aug,A7 480m,08-08-2022 14:23,38929373,6. Noduff Aria,0,12,1,1,1,1001,1,1001,0,2713.14,0
201835804,SIS / Monmore 8th Aug,A7 480m,08-08-2022 14:23,45329524,5. Parkgate Getaway,1,5.686269807,1,1,1,1001,1,1001,0,3404.26,0
201835804,SIS / Monmore 8th Aug,A7 480m,08-08-2022 14:23,47354131,1. Macaulies Storm,0,2.9,1,1,1,1001,1,1001,0,9063.28,0
201835806,SIS / Monmore 8th Aug,A5 480m,08-08-2022 14:42,38217935,6. Not That Fussie,0,4.305753155495163,1,1,1,1001,1,1001,0,6664.34,0
201835806,SIS / Monmore 8th Aug,A5 480m,08-08-2022 14:42,43682348,2. Bloos Boy Alfie,0,11,1,1,1,1001,1,1001,0,1855.09,0
201835806,SIS / Monmore 8th Aug,A5 480m,08-08-2022 14:42,44695850,5. Gatchells Sky,0,4.826291513317519,1,1,1,1001,1,1001,0,4409.54,0
201835808,SIS / Monmore 8th Aug,A10 480m,08-08-2022 15:02,44249841,2. Salopian Dotty,0,19.083992550540717,1,1,1,1001,1,1001,0,2205.54,0
201835808,SIS / Monmore 8th Aug,A10 480m,08-08-2022 15:02,45197232,1. Shes A Angel,0,3.158640391446025,1,1,1,1001,1,1001,0,11285.72,0
201835824,SIS / Monmore 8th Aug,A6 480m,08-08-2022 17:37,46066070,6. Vixons Beauty,0,5.109969700510846,1,1,1,1001,1,1001,0,4592.04,0
201835824,SIS / Monmore 8th Aug,A6 480m,08-08-2022 17:37,47354137,4. Pennys Donna,1,3.4541627543451163,1,1,1,1001,1,1001,0,8605.74,0
201835854,SIS / Romford 8th Aug,A6 400m,08-08-2022 15:48,41443232,3. Kahuna Donna,0,9.151711480571539,1,1,1,1001,1,1001,0,1039.64,0
201821662,AUS / Shepparton (AUS) 8th Aug,R2 450m Heat,08-08-2022 10:22,47366223,2. Udita Bale,0,4.499290160883628,1,3.60270695570173154913769662888846463139,1,1001,1,1001,3457.02,3457.02,0
201836013,RPGTV / Towcester 8th Aug,A2 500m,08-08-2022 18:17,46948605,3. Salacres Liam,0,3.0986382963100914,1,1,1,1001,1,1001,0,6520.52,0
201836019,RPGTV / Towcester 8th Aug,D3 270m,08-08-2022 19:07,36401450,1. Moanteen Sutty,0,3.3870825488711853,1,1,1,1001,1,1001,0,6911.54,0
201836019,RPGTV / Towcester 8th Aug,D3 270m,08-08-2022 19:07,37364145,4. Ravens Claw,0,23,1,1,1,1001,1,1001,0,884.18,0
201836019,RPGTV / Towcester 8th Aug,D3 270m,08-08-2022 19:07,44376392,5. Borstal Breakout,0,16.5,1,1,1,1001,1,1001,0,1072.44,0
201836017,RPGTV / Towcester 8th Aug,A3 500m,08-08-2022 18:48,39399129,4. Tuftys Topgear,0,7.923078860575334,1,1,1,1001,1,1001,0,2033.52,0
201836017,RPGTV / Towcester 8th Aug,A3 500m,08-08-2022 18:48,39862405,6. Carnalea,0,5,1,1,1,1001,1,1001,0,3238.68,0
201836148,SIS / Suffolk Downs 8th Aug,A7 388m,08-08-2022 12:24,43641657,4. Like Bamford,0,5.908991421415122,1,5.99996200028879780513668096122469469232,1,1001,1,1001,10,1902.55,0
201836156,SIS / Suffolk Downs 8th Aug,A1 388m,08-08-2022 13:24,36219665,2. Glenvale Tony,0,4.8,1,1,1,1001,1,1001,0,2980.14,0
201835776,TRP / Sheffield 8th Aug,A3 500m,08-08-2022 15:44,36776129,2. Ancient East,0,6.608682085624737,1,1,1,1001,1,1001,0,3237.12,0
201835776,TRP / Sheffield 8th Aug,A3 500m,08-08-2022 15:44,37095033,1. Lightfoot Trump,0,6.629472909655597,1,1,1,1001,1,1001,0,2902.4,0
201835776,TRP / Sheffield 8th Aug,A3 500m,08-08-2022 15:44,46847883,3. Lemming Pilot,0,5.7,1,1,1,1001,1,1001,0,3634.44,0
201835594,SIS / Central Park 8th Aug,A4 480m,08-08-2022 11:01,40167113,4. Effernogue Mac,0,5.8,1,4.61735195882688111771491043178965020452,1,1001,1,1001,4317.38,4317.38,0
201835826,SIS / Monmore 8th Aug,A5 480m,08-08-2022 17:54,42328003,4. Final Bullet,0,7.374855457786763,1,1,1,1001,1,1001,0,1798.64,0
201835826,SIS / Monmore 8th Aug,A5 480m,08-08-2022 17:54,47354139,3. Steely Rachael,0,7.065892789541978,1,1,1,1001,1,1001,0,2471.22,0
201835596,SIS / Central Park 8th Aug,D3 265m,08-08-2022 11:16,25172984,3. Ouruniquespencer,0,4.7,1,3.38086742139137647655181948049953149721,1,1001,1,1001,2604.04,2604.04,0
201820745,AUS / Maitland (AUS) 8th Aug,R3 400m Gr5,08-08-2022 09:50,40797552,8. Raudonikis,0,4.322319643144219,1,3.64051887664276889853014134378739092793,1,1001,1,1001,4111.96,4111.96,0
201820745,AUS / Maitland (AUS) 8th Aug,R3 400m Gr5,08-08-2022 09:50,46701640,7. Fine Vintage,0,2.857151458676963,1,2.30605083018518327894839778891782556332,1,1001,1,1001,7771.76,7771.76,0
201820745,AUS / Maitland (AUS) 8th Aug,R3 400m Gr5,08-08-2022 09:50,44913590,1. Flying Husband,0,27.251546780433564,1,15.2682694173187609131475134191295350191,1,1001,1,1001,1237.04,1237.04,0
201820757,AUS / Maitland (AUS) 8th Aug,R7 400m Final,08-08-2022 11:18,45058735,1. Sankey,0,116.13020420665937,1,48.5670388200348253610570521356140530575,1,1001,1,1001,195.26,195.26,0
201820757,AUS / Maitland (AUS) 8th Aug,R7 400m Final,08-08-2022 11:18,47366353,2. Too Right Mate,0,44,1,23.651596496185363096920033907883582933,1,1001,1,1001,424.68,424.68,0
201835556,TRP / Swindon 8th Aug,A6 476m,08-08-2022 11:13,47166778,5. Reality Force,0,13.81134035047522,1,9.09722751641962951282719282609589886331,1,1001,1,1001,1458.62,1458.62,0
201835614,SIS / Central Park 8th Aug,D1 265m,08-08-2022 13:33,44331305,1. Chilly Pete,0,2.5087504013813673,1,1,1,1001,1,1001,0,9586.22,0
201835780,TRP / Sheffield 8th Aug,A5 500m,08-08-2022 16:23,3311715,6. Race For Grace,0,4.128227518355708,1,1,1,1001,1,1001,0,5585.36,0
201835782,TRP / Sheffield 8th Aug,A6 500m,08-08-2022 16:43,38888410,6. Adams Conquest,0,47.80185207115019,1,1,1,1001,1,1001,0,510.28,0
201835782,TRP / Sheffield 8th Aug,A6 500m,08-08-2022 16:43,40191575,2. Adams Fizzy,0,14.447879997597191,1,1,1,1001,1,1001,0,777.92,0
201835786,TRP / Sheffield 8th Aug,A4 500m,08-08-2022 17:22,40229040,5. Stunning Aria,0,14,1,1,1,1001,1,1001,0,1293.82,0
201835802,SIS / Monmore 8th Aug,A5 480m,08-08-2022 14:07,38833487,2. Agent Moore,1,6.517417210191072,1,1,1,1001,1,1001,0,1509.3,0
201830721,NZL / Addington (NZL) 8th Aug,R6 295m C1,08-08-2022 02:48,38166315,1. Goldstar Farryn,0,28,1,22.2467540433884719978735150387470096305,1,1001,1,1001,489.07,489.07,0
201830721,NZL / Addington (NZL) 8th Aug,R6 295m C1,08-08-2022 02:48,42651389,2. Maxi Milly,0,55,1,26.4626024590163934426229508196721311475,1,1001,1,1001,156.16,156.16,0
201830729,NZL / Addington (NZL) 8th Aug,R10 295m C1,08-08-2022 03:57,41274818,1. Homebush Brash,0,16,1,7.78898341333586806710707665985456964973,1,1001,1,1001,2104.1,2104.1,0
201835860,SIS / Romford 8th Aug,A8 400m,08-08-2022 16:48,26896903,2. Bingo Wings Lad,0,32,1,1,1,1001,1,1001,0,749.16,0
201835860,SIS / Romford 8th Aug,A8 400m,08-08-2022 16:48,42252563,4. Latch The Bolt,0,5.6,1,1,1,1001,1,1001,0,2877.14,0
201835862,SIS / Romford 8th Aug,A4 400m,08-08-2022 17:08,37307253,2. Jasons Gold,0,7.2,1,1,1,1001,1,1001,0,1148.04,0
201835868,SIS / Romford 8th Aug,A7 400m,08-08-2022 18:02,40954844,2. Newinn Ellie,0,3.75,1,1,1,1001,1,1001,0,6716.18,0
201836142,SIS / Suffolk Downs 8th Aug,A5 388m,08-08-2022 11:39,39236411,1. Peters Point,1,2.101848543,1,1.71053611238607304439053176840862894236,1,1001,1,1001,4880.32,4880.32,0
201836144,SIS / Suffolk Downs 8th Aug,A4 388m,08-08-2022 11:54,42475579,5. Avongate Stella,0,4.381811797695191,1,3.37631610019397824070169520114700177111,1,1001,1,1001,3557.1,3557.1,0
201836154,SIS / Suffolk Downs 8th Aug,A3 388m,08-08-2022 13:09,25274814,5. Indian Trump,1,4.4,1,1,1,1001,1,1001,0,2625.76,0
201830755,AUS / Cannington (AUS) 8th Aug,R1 275m Mdn,08-08-2022 06:38,47366300,9. Shinboner Archer,0,10.834423100600892,1,7.33741880950262478868226710561437850343,1,1001,1,1001,899.12,899.12,0
201830755,AUS / Cannington (AUS) 8th Aug,R1 275m Mdn,08-08-2022 06:38,47366299,7. Simply No Doubt,0,14.5,1,9.06223280582014550363759093977349433736,1,1001,1,1001,533.32,533.32,0
201830779,AUS / Cannington (AUS) 8th Aug,R9 520m Gr5/6,08-08-2022 09:11,39484265,2. Electrified,1,1.1314554921321358,1,1.10866610977605616409773075356242024565,1,1001,1,1001,28180.28,28180.28,0
201835526,TRP / Perry Barr 8th Aug,D3 275m,08-08-2022 11:51,45131058,3. Agincourt Dawn,0,9.272697652731445,1,6.30139869425694367599867212570543321899,1,1001,1,1001,1807.4,1807.4,0
201835558,TRP / Swindon 8th Aug,A9 476m,08-08-2022 11:28,45150294,2. Shunters Blubell,1,7.49904565,1,5.15505553215544569819769890709171118845,1,1001,1,1001,1804.36,1804.36,0
201835574,TRP / Swindon 8th Aug,A6 476m,08-08-2022 13:28,39522707,3. Westwell Natalee,1,3.9,1,4.09994916083376232629784871528106939046,1,1001,1,1001,8,5669.6,0
201835602,SIS / Central Park 8th Aug,D5 265m,08-08-2022 12:01,38842960,3. Hollyoak Maryann,0,17,1,18.8483967935484612523346811064908215653,1,1001,1,1001,265.04,1223.32,0
201835610,SIS / Central Park 8th Aug,A2 480m,08-08-2022 13:02,38201065,1. Smiling Sarah,0,12.926663715434259,1,1.99998430024648613016775636622505026671,1,1001,1,1001,4,1415.82,0
201835610,SIS / Central Park 8th Aug,A2 480m,08-08-2022 13:02,45197177,6. Hazelwood Magic,0,10.203628197706909,1,1,1,1001,1,1001,0,1696.48,0
201835858,SIS / Romford 8th Aug,A9 400m,08-08-2022 16:28,42507348,2. Mandeville Tiger,0,12,1,1,1,1001,1,1001,0,1738.49,0
201835864,SIS / Romford 8th Aug,A9 400m,08-08-2022 17:28,45971453,6. Orange Niamh,1,3.2106989181688363,1,1,1,1001,1,1001,0,5265.04,0
201835891,TRP / Yarmouth 8th Aug,A2 462m,08-08-2022 18:51,45197074,3. Freedom Special,0,5.6,1,1,1,1001,1,1001,0,3492.38,0
201835907,TRP / Yarmouth 8th Aug,A5 462m,08-08-2022 21:01,38918341,3. Lavan Pepper,0,12,1,1,1,1001,1,1001,0,1987.5,0
201835951,TRP / Nottingham 8th Aug,OR3 500m,08-08-2022 19:51,40562941,3. De Bumblebee,0,2.808398847,1,1,1,1001,1,1001,0,12183.3,0
201835951,TRP / Nottingham 8th Aug,OR3 500m,08-08-2022 19:51,45746214,1. Magical Tate,0,7.2,1,1,1,1001,1,1001,0,3214.36,0
201835953,TRP / Nottingham 8th Aug,OR 500m,08-08-2022 20:06,45971451,2. Romeo Hotshot,0,6.6,1,1,1,1001,1,1001,0,3657.3,0
201835955,TRP / Nottingham 8th Aug,OR 480m,08-08-2022 20:21,6362381,6. Retweet,1,2.724317722216947,1,1,1,1001,1,1001,0,10947.04,0
201835955,TRP / Nottingham 8th Aug,OR 480m,08-08-2022 20:21,41953520,5. Palatine Bella,0,4.2,1,1,1,1001,1,1001,0,6878.4,0
201830733,NZL / Addington (NZL) 8th Aug,R12 295m C1,08-08-2022 04:39,40385534,8. Goldstar Smiles,0,4.2,1,3.8306167170191339375629405840886203424,1,1001,1,1001,2482.5,2482.5,0
201830747,AUS / Hobart (AUS) 8th Aug,R7 461m Gr3,08-08-2022 12:45,40812759,2. Run Red Run,1,3.9,1,1,1,1001,1,1001,0,4927.94,0
201824399,AUS / Angle Park (AUS) 8th Aug,R8 342m Gr6,08-08-2022 12:11,36652090,1. Spring Brooke,0,109.10466301253994,1,1,1,1001,1,1001,0,224.08,0
201824409,AUS / Angle Park (AUS) 8th Aug,R10 342m Gr2/3/4,08-08-2022 12:51,38166188,8. Colonel Trigger,0,14.5,1,1,1,1001,1,1001,0,1091.82,0
201820635,AUS / Warrnambool (AUS) 8th Aug,R5 450m Gr6/7,08-08-2022 06:57,46221064,8. Thai Gem,0,12.140562449704447,1,8.33800703568095340656184937899346686769,1,1001,1,1001,835.74,835.74,0
201820638,AUS / Warrnambool (AUS) 8th Aug,R6 450m Gr5,08-08-2022 07:22,40977386,1. Bourne Rose,0,12.01643314988847,1,7.42221815060897404989440592484016239308,1,1001,1,1001,2073.98,2073.98,0
201820638,AUS / Warrnambool (AUS) 8th Aug,R6 450m Gr5,08-08-2022 07:22,35648473,8. Crumb Snags,0,26.75015648244763,1,14.3541073076768730687427264336450098319,1,1001,1,1001,498.38,498.38,0
201820748,AUS / Maitland (AUS) 8th Aug,R4 400m Gr5,08-08-2022 10:12,46947637,8. Hudson Magic,0,5.1,1,4.2361499604651514159519336821801076758,1,1001,1,1001,3971.18,3971.18,0
201820751,AUS / Maitland (AUS) 8th Aug,R5 450m Rest,08-08-2022 10:38,44887439,7. Frank And Vie,0,3.815552104,1,2.98338449324222630263989645104000481623,1,1001,1,1001,5315.36,5315.36,0
201820754,AUS / Maitland (AUS) 8th Aug,R6 450m Rest,08-08-2022 10:56,45249452,1. Seymour Thunder,0,5.9,1,4.62019102295551130535226322549501323196,1,1001,1,1001,2320.14,2320.14,0
201820754,AUS / Maitland (AUS) 8th Aug,R6 450m Rest,08-08-2022 10:56,47366352,7. Redeem Me,0,14.57526346365399,1,9.51954162830461659871103511771669077996,1,1001,1,1001,1216.48,1216.48,0
201820754,AUS / Maitland (AUS) 8th Aug,R6 450m Rest,08-08-2022 10:56,40494294,8. My Mate Phil,0,180,1,56.0760979303382130237253912165572942958,1,1001,1,1001,158.48,158.48,0
201820662,AUS / Ipswich (AUS) 8th Aug,R2 288m Mdn,08-08-2022 02:24,47366312,6. Vecna,0,4.3,1,3.28284269363854138940644130955549640671,1,1001,1,1001,2254.2,2254.2,0
201820662,AUS / Ipswich (AUS) 8th Aug,R2 288m Mdn,08-08-2022 02:24,47366314,8. Annika Mac,0,22.737137200717108,1,9.33649590988333109829690223950650395601,1,1001,1,1001,298.28,298.28,0
201820665,AUS / Ipswich (AUS) 8th Aug,R3 288m Mdn,08-08-2022 02:42,47366321,7. Bertas Babe,0,4.3,1,3.06806537997844850579863222695217061955,1,1001,1,1001,1874.58,1874.58,0
201820665,AUS / Ipswich (AUS) 8th Aug,R3 288m Mdn,08-08-2022 02:42,46260450,8. Full Of Cheek,1,4.268239833728876,1,3.54773081275377754110364108367170338814,1,1001,1,1001,3004.6,3004.6,0
201820671,AUS / Ipswich (AUS) 8th Aug,R5 288m Final,08-08-2022 03:19,47148627,5. Flaming Hope,0,4.870032685339684,1,3.79081647470632743058474660470946095702,1,1001,1,1001,2616.86,2616.86,0
201820671,AUS / Ipswich (AUS) 8th Aug,R5 288m Final,08-08-2022 03:19,45565900,8. Simmering,0,95,1,39.7613591465823785065191623864085341762,1,1001,1,1001,126.55,126.55,0
201820674,AUS / Ipswich (AUS) 8th Aug,R6 288m Nvce,08-08-2022 03:44,42537260,8. Teragrams Star,0,12,1,5.46351303264834089493817276043056667556,1,1001,1,1001,1348.92,1348.92,0
201820674,AUS / Ipswich (AUS) 8th Aug,R6 288m Nvce,08-08-2022 03:44,41901792,3. Dirty Martini,0,140,1,59.9886345698500394632991318074191002368,1,1001,1,1001,126.7,126.7,0
201820674,AUS / Ipswich (AUS) 8th Aug,R6 288m Nvce,08-08-2022 03:44,47366330,7. Joe Bananas,0,5.477121435864642,1,3.99174208488473755810381552608215719171,1,1001,1,1001,2962.37,2962.37,0
201820677,AUS / Ipswich (AUS) 8th Aug,R7 288m M5,08-08-2022 04:07,38321438,5. Jezebels Gem,0,5.9,1,4.27615313560513263318540532942428562823,1,1001,1,1001,1991.96,1991.96,0
201820677,AUS / Ipswich (AUS) 8th Aug,R7 288m M5,08-08-2022 04:07,41500318,8. Mistletoe Magic,0,9.239608327236489,1,8.00986245394472512160302276476974499697,1,1001,1,1001,2339.58,2339.58,0
201820686,AUS / Ipswich (AUS) 8th Aug,R10 288m Heat,08-08-2022 05:17,40762507,1. Flawless Scottie,0,3.25,1,2.26288787753413322300372362432767894084,1,1001,1,1001,6042.5,6042.5,0
201820689,AUS / Ipswich (AUS) 8th Aug,R11 288m Heat,08-08-2022 05:42,35994369,5. Rosdue Rockette,0,33.40728542957454,1,15.8000673362886482240053869030918579204,1,1001,1,1001,356.42,356.42,0
201820692,AUS / Ipswich (AUS) 8th Aug,R12 288m Heat,08-08-2022 06:07,41989159,4. Wonders Magic,0,18.5,1,10.0972312916285751599843280658221235471,1,1001,1,1001,918.84,918.84,0
201835899,TRP / Yarmouth 8th Aug,A2 462m,08-08-2022 19:58,36494810,5. Buckos Ace,0,8.504243889825304,1,1,1,1001,1,1001,0,1842.98,0
201835899,TRP / Yarmouth 8th Aug,A2 462m,08-08-2022 19:58,39706469,4. Adamant Sky,0,6.8,1,1,1,1001,1,1001,0,1627.8,0
201835997,RPGTV / Doncaster 8th Aug,B7 450m,08-08-2022 21:12,40547940,2. Movin Stream,0,9.806111558,1,1,1,1001,1,1001,0,2165.28,0
201836027,RPGTV / Towcester 8th Aug,D1 270m,08-08-2022 20:23,43806334,5. Romeo Indy,0,5.4,1,1,1,1001,1,1001,0,3305.76,0
201836027,RPGTV / Towcester 8th Aug,D1 270m,08-08-2022 20:23,36747004,2. Ay Up Buster,0,7.2,1,1,1,1001,1,1001,0,1603.88,0
201836029,RPGTV / Towcester 8th Aug,A2 500m,08-08-2022 20:43,41606613,3. Fabulous Legacy,0,3.55,1,1,1,1001,1,1001,0,10377.6,0
201836029,RPGTV / Towcester 8th Aug,A2 500m,08-08-2022 20:43,41835800,2. Romeo Nitro,0,6,1,1,1,1001,1,1001,0,5696.08,0
201836031,RPGTV / Towcester 8th Aug,D3 270m,08-08-2022 21:02,40943879,3. Footfield Magic,0,6.86446740533691,1,1,1,1001,1,1001,0,1857.84,0
201836158,SIS / Suffolk Downs 8th Aug,A3 388m,08-08-2022 13:39,45102496,3. Kranky Brett,0,10,1,1,1,1001,1,1001,0,1142.6,0
201836158,SIS / Suffolk Downs 8th Aug,A3 388m,08-08-2022 13:39,41201399,2. Savana Reggie,0,5.4,1,1,1,1001,1,1001,0,1328.94,0
201820760,AUS / Maitland (AUS) 8th Aug,R8 565m Gr5,08-08-2022 11:40,41860103,7. Garden Party,0,4.319002648,1,3.16336354156876960738244521121150687629,1,1001,1,1001,4468.98,4468.98,0
201820812,AUS / Nowra (AUS) 8th Aug,R5 520m Gr5,08-08-2022 10:50,39350406,4. Glittering Jazzy,0,7.0251347475242785,1,4.22072571474983755685510071474983755686,1,1001,1,1001,1969.92,1969.92,0
201820847,AUS / Nowra (AUS) 8th Aug,R12 365m M1/2/3,08-08-2022 13:16,26766846,4. Give Us Ebony,0,219.61525556180746,1,1,1,1001,1,1001,0,162.23,0
201824369,AUS / Angle Park (AUS) 8th Aug,R2 530m Gr6,08-08-2022 09:59,47017121,7. Sambuca Talks,0,80,1,34.2221718724712736688784592976209742677,1,1001,1,1001,308.95,308.95,0
201824374,AUS / Angle Park (AUS) 8th Aug,R3 530m Gr6,08-08-2022 10:25,38989985,2. Hes Our Design,1,7.508559777498013,1,6.11772968494150604667679378168833474718,1,1001,1,1001,3041.34,3041.34,0
201824374,AUS / Angle Park (AUS) 8th Aug,R3 530m Gr6,08-08-2022 10:25,47366256,6. Spring Honour,0,4.481867156324807,1,3.26623181221752442046945618894882635953,1,1001,1,1001,3429.5,3429.5,0
201820766,AUS / Maitland (AUS) 8th Aug,R10 400m Gr5,08-08-2022 12:20,42049720,7. Sketchy Geisha,1,9.320388894706849,1,1,1,1001,1,1001,0,1601.5,0
201824364,AUS / Angle Park (AUS) 8th Aug,R1 342m Juv,08-08-2022 09:37,2481861,7. Impulsive,0,9.01632219824474,1,8.2567495394392144269609748677472239593,1,1001,1,1001,2958.35,2958.35,0
201820626,AUS / Warrnambool (AUS) 8th Aug,R2 390m Rest,08-08-2022 05:57,47366244,2. Solar Tigress,0,13,1,4.72925500509902850088562073962750254951,1,1001,1,1001,745.24,745.24,0
201820629,AUS / Warrnambool (AUS) 8th Aug,R3 390m Gr7,08-08-2022 06:17,43137061,2. Wrong Is Right,1,5.667355597210989,1,3.91417942446183380921289844762563707768,1,1001,1,1001,2052.34,2052.34,0
201820629,AUS / Warrnambool (AUS) 8th Aug,R3 390m Gr7,08-08-2022 06:17,47366248,8. Have A Shiraz,0,15.649536076374353,1,10.6687353482920294708640321500334896182,1,1001,1,1001,955.52,955.52,0
201820629,AUS / Warrnambool (AUS) 8th Aug,R3 390m Gr7,08-08-2022 06:17,42627083,4. Fur Real Zeal,0,3.549421224264808,1,3.01145878815261425376732742811798787317,1,1001,1,1001,5267.66,5267.66,0
201820632,AUS / Warrnambool (AUS) 8th Aug,R4 390m Gr5,08-08-2022 06:41,40187737,4. Molly Byrnes,1,7.728181637771195,1,3.56849399045159852129813676134569300217,1,1001,1,1001,1076.62,1076.62,0
201820650,AUS / Warrnambool (AUS) 8th Aug,R10 390m Gr6,08-08-2022 08:43,42315336,8. Gold Comet,0,5.3,1,4.52182583282881509219603710264517045242,1,1001,1,1001,2675.82,2675.82,0
201820653,AUS / Warrnambool (AUS) 8th Aug,R11 390m Gr5,08-08-2022 09:02,39369801,4. Over Load,0,6.2,1,4.67944199217123344715582576830182393604,1,1001,1,1001,2401.4,2401.4,0
201820659,AUS / Ipswich (AUS) 8th Aug,R1 288m Mdn,08-08-2022 02:06,42280217,3. Dragon Smoke,0,9,1,5.4030488076665923779808335190550479162,1,1001,1,1001,673.05,673.05,0
201820680,AUS / Ipswich (AUS) 8th Aug,R8 288m FFA,08-08-2022 04:32,2051775,4. Mine,1,7.064709599752679,1,5.62521196042668435306472116288067208313,1,1001,1,1001,1809.3,1809.3,0
201821677,AUS / Shepparton (AUS) 8th Aug,R5 450m Gr5,08-08-2022 11:24,28671846,3. Swansie Delight,0,10.814182205897167,1,6.07446164611213154902475290824805387912,1,1001,1,1001,1143.3,1143.3,0
201821677,AUS / Shepparton (AUS) 8th Aug,R5 450m Gr5,08-08-2022 11:24,41408863,8. Wichita Bale,0,93.43401410744303,1,32.7723734392142521289378820333315918709,1,1001,1,1001,191.41,191.41,0
201821677,AUS / Shepparton (AUS) 8th Aug,R5 450m Gr5,08-08-2022 11:24,42209280,2. Frosty Jack,0,3.760115570404923,1,2.65627870180990236560799598657044726585,1,1001,1,1001,4664.34,4664.34,0
201821682,AUS / Shepparton (AUS) 8th Aug,R6 450m Gr5,08-08-2022 11:46,38517454,8. Orlando,1,3.1,1,2.21524337988333038713098815626657238819,1,1001,1,1001,5657,5657,0
201821682,AUS / Shepparton (AUS) 8th Aug,R6 450m Gr5,08-08-2022 11:46,40785760,6. Forgive Me,0,36.92086910119279,1,23.9563672429054378312661967174652603739,1,1001,1,1001,937.69,937.69,0
201821687,AUS / Shepparton (AUS) 8th Aug,R7 385m FFA,08-08-2022 12:08,47366231,4. Without Reason,1,61.81704803474247,1,1,1,1001,1,1001,0,278.68,0
201835566,TRP / Swindon 8th Aug,A8 476m,08-08-2022 12:28,36383890,1. Sunset Places,1,4.8,1,4.89985356049880326993721385761964638228,1,1001,1,1001,4,4573.48,0
201835566,TRP / Swindon 8th Aug,A8 476m,08-08-2022 12:28,46270818,3. Fairest Spirit,0,5.41844994,1,8.93321063300887612938253221683504628462,1,1001,1,1001,6,2483.22,0
201835568,TRP / Swindon 8th Aug,A7 476m,08-08-2022 12:43,39300397,3. Marians Shy,0,5.4,1,1,1,1001,1,1001,0,3454.06,0
201835570,TRP / Swindon 8th Aug,D2 262m,08-08-2022 12:58,39590532,3. Bulmers Diamond,0,4.6,1,1,1,1001,1,1001,0,2368.66,0
201835570,TRP / Swindon 8th Aug,D2 262m,08-08-2022 12:58,41227196,1. Indian Chancer,0,5.158119999556513,1,1,1,1001,1,1001,0,3085.76,0
201835524,TRP / Perry Barr 8th Aug,A7 480m,08-08-2022 11:36,40582527,3. Playa Del Norma,0,7.4,1,4.89445110644446134317619462659327417477,1,1001,1,1001,3419.06,3419.06,0
201835846,SIS / Romford 8th Aug,A5 400m,08-08-2022 14:32,42931275,3. Fabulous Chloe,0,3.726514335320389,1,1,1,1001,1,1001,0,6809.5,0
201835901,TRP / Yarmouth 8th Aug,A3 462m,08-08-2022 20:12,42640085,4. Hondos Thunder,1,3.887532312695985,1,1,1,1001,1,1001,0,4009.32,0
201835943,TRP / Nottingham 8th Aug,A3 500m,08-08-2022 18:41,6690467,5. Closing Time,0,5.7,1,1,1,1001,1,1001,0,2609.32,0
201835943,TRP / Nottingham 8th Aug,A3 500m,08-08-2022 18:41,47134684,2. Master Copy,1,3.7,1,1,1,1001,1,1001,0,5864.36,0
201835947,TRP / Nottingham 8th Aug,A3 500m,08-08-2022 19:16,41515474,3. Coolatee Megan,0,11.5,1,1,1,1001,1,1001,0,1938.64,0
201835959,TRP / Nottingham 8th Aug,OR 500m,08-08-2022 20:52,39983031,2. Goldies Mabbutt,1,5.23276731,1,1,1,1001,1,1001,0,7119.26,0
201835844,SIS / Romford 8th Aug,A8 400m,08-08-2022 14:12,41264067,2. Sparkling Darren,0,12,1,1,1,1001,1,1001,0,1433.82,0
201835850,SIS / Romford 8th Aug,A11 400m,08-08-2022 15:11,41910455,5. Burgess Jewel,0,7.4,1,1,1,1001,1,1001,0,1328.36,0
201835850,SIS / Romford 8th Aug,A11 400m,08-08-2022 15:11,44330752,2. Carneys Josie,0,5.885793586848945,1,1,1,1001,1,1001,0,1113.58,0
201835852,SIS / Romford 8th Aug,A3 400m,08-08-2022 15:28,45375450,5. Loaded Judy,0,10.664681779,1,1,1,1001,1,1001,0,2549.04,0
201835957,TRP / Nottingham 8th Aug,OR 500m,08-08-2022 20:36,47350457,3. Distant Podge,1,3.982937626422791,1,1,1,1001,1,1001,0,7674.86,0
201835822,SIS / Monmore 8th Aug,A10 480m,08-08-2022 17:18,41822787,4. Working Title,0,23.976237096,1,1,1,1001,1,1001,0,1253.7,0
201835866,SIS / Romford 8th Aug,A2 400m,08-08-2022 17:44,42113430,6. Grandads Gift,0,9,1,1,1,1001,1,1001,0,1284.06,0
201835905,TRP / Yarmouth 8th Aug,A8 462m,08-08-2022 20:46,43272575,2. Moonlight River,0,16.601313999,1,1,1,1001,1,1001,0,1025.96,0
201835905,TRP / Yarmouth 8th Aug,A8 462m,08-08-2022 20:46,43828435,1. Gerrys Wonder,0,23.119447154859717,1,1,1,1001,1,1001,0,1075.24,0
201835963,TRP / Nottingham 8th Aug,OR3 305m,08-08-2022 21:26,40640558,1. Granada Spark,0,29.90497491923918,1,1,1,1001,1,1001,0,716.98,0
201835999,RPGTV / Doncaster 8th Aug,B7 450m,08-08-2022 21:28,43725770,2. Supporting Forde,0,2.254272250186549,1,1,1,1001,1,1001,0,16707.02,0
201836021,RPGTV / Towcester 8th Aug,A4 500m,08-08-2022 19:24,41364709,3. Tinks Dilemma,1,6.4,1,1,1,1001,1,1001,0,2676.26,0
201836023,RPGTV / Towcester 8th Aug,D4 270m,08-08-2022 19:44,47370248,5. Savana Rue,0,11,1,1,1,1001,1,1001,0,1979.72,0
201835985,RPGTV / Doncaster 8th Aug,D4 275m,08-08-2022 19:18,39999239,5. Pennys Linnet,0,7.525413114725962,1,1,1,1001,1,1001,0,872.4,0
201835991,RPGTV / Doncaster 8th Aug,B6 450m,08-08-2022 20:17,41389912,2. Lees Little Girl,0,11.5,1,1,1,1001,1,1001,0,1709.7,0
201835991,RPGTV / Doncaster 8th Aug,B6 450m,08-08-2022 20:17,47093232,3. Rolo Moon,0,3.45,1,1,1,1001,1,1001,0,10151.1,0
201835993,RPGTV / Doncaster 8th Aug,B5 450m,08-08-2022 20:38,27220702,4. Lostrigg Max,0,8.6,1,1,1,1001,1,1001,0,1975.94,0
201835981,RPGTV / Doncaster 8th Aug,D2 275m,08-08-2022 18:43,44285215,1. Blastoff Milly,0,5.166516567113867,1,1,1,1001,1,1001,0,2739.16,0
201835981,RPGTV / Doncaster 8th Aug,D2 275m,08-08-2022 18:43,46712338,3. Jim The Liar,1,8.8,1,1,1,1001,1,1001,0,1199.67,0
201835981,RPGTV / Doncaster 8th Aug,D2 275m,08-08-2022 18:43,36045832,5. Bungee,0,15.409975640302287,1,1,1,1001,1,1001,0,1151.31,0
201835987,RPGTV / Doncaster 8th Aug,B5 450m,08-08-2022 19:36,39373286,3. Optic Magic,0,4.963471669138526,1,1,1,1001,1,1001,0,2687.48,0
201836136,SIS / Suffolk Downs 8th Aug,A6 388m,08-08-2022 10:53,21781302,4. Geelo Rock,0,14.5,1,9.98540352368188801359788186840126826398,1,1001,1,1001,1223.72,1223.72,0
201836136,SIS / Suffolk Downs 8th Aug,A6 388m,08-08-2022 10:53,40790161,6. Clonbrien Rose,1,5.95652511913184,1,4.22077687873859282598487890191701770026,1,1001,1,1001,2938.94,2938.94,0
201836150,SIS / Suffolk Downs 8th Aug,A4 388m,08-08-2022 12:39,38173962,1. Olivetree Girl,0,7.8,1,1,1,1001,1,1001,0,1498.16,0
201836152,SIS / Suffolk Downs 8th Aug,A8 388m,08-08-2022 12:54,39614367,4. Ballinabola Nial,0,3.281281172,1,1,1,1001,1,1001,0,3748.2,0
201836152,SIS / Suffolk Downs 8th Aug,A8 388m,08-08-2022 12:54,43731256,1. Tusa,0,7.616769115445203,1,1,1,1001,1,1001,0,1359.24,0
201835522,TRP / Perry Barr 8th Aug,A4 480m,08-08-2022 11:21,42052577,2. Lakeview News,0,5.6,1,4.47827298050139275766016713091922005571,1,1001,1,1001,3496.66,3496.66,0
201835522,TRP / Perry Barr 8th Aug,A4 480m,08-08-2022 11:21,45449998,6. Perfecto Lucas,0,2.763455233,1,2.4904369709063162683445219773210318425,1,1001,1,1001,8309.02,8309.02,0
201820641,AUS / Warrnambool (AUS) 8th Aug,R7 450m Gr5,08-08-2022 07:37,40880208,4. Madam Starface,0,3.500069106167138,1,2.29482955209537290754905653026505460826,1,1001,1,1001,3080.12,3080.12,0
201820644,AUS / Warrnambool (AUS) 8th Aug,R8 450m Gr5,08-08-2022 08:02,41420416,4. Jaggers Lady,0,55,1,16.7823021154037143708411957493296255835,1,1001,1,1001,201.38,201.38,0
201821672,AUS / Shepparton (AUS) 8th Aug,R4 650m Gr4/5,08-08-2022 11:06,39134465,7. Lucys Villa,0,34.71102458214446,1,23.1356789832901859261002588844433984467,1,1001,1,1001,764.82,764.82,0
201821692,AUS / Shepparton (AUS) 8th Aug,R8 450m Gr3/4,08-08-2022 12:30,45087665,8. Steal Your Style,0,32,1,1,1,1001,1,1001,0,558.58,0
201821707,AUS / Shepparton (AUS) 8th Aug,R11 385m Gr5,08-08-2022 13:22,42131017,1. Mango Man,1,2.4024790284802475,1,1,1,1001,1,1001,0,7462.04,0
201830713,NZL / Addington (NZL) 8th Aug,R2 295m C0,08-08-2022 01:35,47366202,8. Homebush Hugo,0,90.93698596477509,1,17.8073662265462126476719944405837387074,1,1001,1,1001,71.95,71.95,0
201830713,NZL / Addington (NZL) 8th Aug,R2 295m C0,08-08-2022 01:35,44327683,4. Mr Muggins,0,168.83500237219033,1,38.0525807075198144210322830079257684129,1,1001,1,1001,51.73,51.73,0
201830713,NZL / Addington (NZL) 8th Aug,R2 295m C0,08-08-2022 01:35,46790525,6. Bucket Hat Blake,0,23.437955587,1,9.95022956841138659320477502295684113866,1,1001,1,1001,283.14,283.14,0
201830719,NZL / Addington (NZL) 8th Aug,R5 295m C1,08-08-2022 02:30,46765225,4. Homebush Socks,0,44,1,19.1458957749202359083438074059750555932,1,1001,1,1001,206.86,206.86,0
201830727,NZL / Addington (NZL) 8th Aug,R9 295m C1,08-08-2022 03:40,37076586,3. Yanira Bale,0,21,1,12.188480796238627343225254930695487574,1,1001,1,1001,655.08,655.08,0
201830737,AUS / Hobart (AUS) 8th Aug,R2 340m Gr6,08-08-2022 10:59,47366523,9. One Nathan,0,50,1,15.1704278326281147155618241654913023037,1,1001,1,1001,340.32,340.32,0
201830751,AUS / Hobart (AUS) 8th Aug,R9 340m Gr4,08-08-2022 13:19,23050315,9. Unhinged,0,253.764582337,1,1,1,1001,1,1001,0,109.23,0
201830751,AUS / Hobart (AUS) 8th Aug,R9 340m Gr4,08-08-2022 13:19,41921663,2. Lanning,0,6.729061427218257,1,1,1,1001,1,1001,0,3283.96,0
201830751,AUS / Hobart (AUS) 8th Aug,R9 340m Gr4,08-08-2022 13:19,39785965,6. Harden Up Tommy,0,16.800458162802393,1,1,1,1001,1,1001,0,1536.17,0
201820792,AUS / Nowra (AUS) 8th Aug,R1 520m Mdn,08-08-2022 09:18,45665343,2. Mystical Star,0,1.730253142567735,1,1.57989517305811154252625298605313729254,1,1001,1,1001,17297.08,17297.08,0
201820802,AUS / Nowra (AUS) 8th Aug,R3 365m Gr5,08-08-2022 10:06,45087556,2. Next Of Kin,1,4.852271221576228,1,3.52602520564485699192513772545468266546,1,1001,1,1001,2650.2,2650.2,0
201820802,AUS / Nowra (AUS) 8th Aug,R3 365m Gr5,08-08-2022 10:06,47366176,5. Rockstar Sue,0,3.538711038729526,1,2.55950875626416086323370483649549147323,1,1001,1,1001,4793.14,4793.14,0
201820802,AUS / Nowra (AUS) 8th Aug,R3 365m Gr5,08-08-2022 10:06,41803015,3. Bobby Dynamite,0,153.9247984711081,1,29.944414822713942948547054118901626233,1,1001,1,1001,150.04,150.04,0
201820807,AUS / Nowra (AUS) 8th Aug,R4 365m Final,08-08-2022 10:28,47366179,3. Serious Unit,0,140,1,47.9898395721925133689839572192513368984,1,1001,1,1001,112.2,112.2,0
201820817,AUS / Nowra (AUS) 8th Aug,R6 520m Gr5,08-08-2022 11:12,43838183,7. Alpha Miss,1,3.5262003673994147,1,2.63810875425513075303516262962161311269,1,1001,1,1001,8131.36,8131.36,0
201820817,AUS / Nowra (AUS) 8th Aug,R6 520m Gr5,08-08-2022 11:12,47366184,5. Salique,0,9.726353509,1,4.82405163620323656714360543655060237642,1,1001,1,1001,2901.84,2901.84,0
201820822,AUS / Nowra (AUS) 8th Aug,R7 365m Gr4/5,08-08-2022 11:34,46408335,7. Nobel Nigel,0,3.25,1,2.62408398533252675609735119653439373393,1,1001,1,1001,6975.98,6975.98,0
201820822,AUS / Nowra (AUS) 8th Aug,R7 365m Gr4/5,08-08-2022 11:34,40600667,1. Calls For Calm,0,39.004483838239686,1,23.6980029225523623964929371651242084754,1,1001,1,1001,287.42,287.42,0
201830723,NZL / Addington (NZL) 8th Aug,R7 645m C0,08-08-2022 03:06,38849492,7. Epic Queen,0,38,1,24.3375277128647612199652465695967403679,1,1001,1,1001,333.78,333.78,0
201830725,NZL / Addington (NZL) 8th Aug,R8 295m C1,08-08-2022 03:22,38780398,6. Opawa Stubborn,0,8.681918285780448,1,5.75543921610027160090981506185398811866,1,1001,1,1001,2083.94,2083.94,0
201830731,NZL / Addington (NZL) 8th Aug,R11 295m C1,08-08-2022 04:22,40014830,8. Goldstar Justice,1,2.58,1,2.07373535223889879934298872281417945681,1,1001,1,1001,7074.46,7074.46,0
201830743,AUS / Hobart (AUS) 8th Aug,R5 461m Inv,08-08-2022 12:05,9153139,5. Trying Again,0,11.096461898454004,1,1,1,1001,1,1001,0,2855.94,0
201830743,AUS / Hobart (AUS) 8th Aug,R5 461m Inv,08-08-2022 12:05,41844419,2. Jordan Titan,0,8.173192006348398,1,1,1,1001,1,1001,0,2705.16,0
201820827,AUS / Nowra (AUS) 8th Aug,R8 365m Final,08-08-2022 11:52,47366186,9. Style Bender,0,5.828377809887855,1,3.48352234058557622735315820014471054309,1,1001,1,1001,2791.78,2791.78,0
201820832,AUS / Nowra (AUS) 8th Aug,R9 365m FFA,08-08-2022 12:14,42182300,8. Cumbria Miss,0,4.111173905576583,1,1,1,1001,1,1001,0,3199.56,0
201820832,AUS / Nowra (AUS) 8th Aug,R9 365m FFA,08-08-2022 12:14,40072436,6. Twisted Cuddles,0,13.225395779,1,1,1,1001,1,1001,0,672.58,0
201820837,AUS / Nowra (AUS) 8th Aug,R10 365m Gr5,08-08-2022 12:36,45461675,2. Porch Pirate,1,4.5,1,1,1,1001,1,1001,0,2775.12,0
201820837,AUS / Nowra (AUS) 8th Aug,R10 365m Gr5,08-08-2022 12:36,46765181,1. Queen Arna,0,4.577481863,1,1,1,1001,1,1001,0,2774.02,0
201830770,AUS / Cannington (AUS) 8th Aug,R6 380m Gr5,08-08-2022 08:14,47366303,7. Payakaroon,1,3.743997920384718,1,2.89834726714733340388429029571586982428,1,1001,1,1001,4346.74,4346.74,0
201830770,AUS / Cannington (AUS) 8th Aug,R6 380m Gr5,08-08-2022 08:14,45249333,6. Moment In Bondi,0,72.70076045362049,1,26.4244711122108128170233824075219596684,1,1001,1,1001,242.49,242.49,0
201830773,AUS / Cannington (AUS) 8th Aug,R7 275m Gr6,08-08-2022 08:35,41562202,8. Molfetta Sunset,0,20.643528741414478,1,17.7628884784640992315935882527304649201,1,1001,1,1001,1315.71,1315.71,0
201830773,AUS / Cannington (AUS) 8th Aug,R7 275m Gr6,08-08-2022 08:35,44269810,2. Andre Andale,0,40,1,21.3345954447486456573658763907496941807,1,1001,1,1001,343.34,343.34,0
201830785,AUS / Cannington (AUS) 8th Aug,R11 380m Gr6,08-08-2022 09:53,37358871,7. Really Jayell,0,210,1,42.1734638657942637870812220199734343484,1,1001,1,1001,203.27,203.27,0
201830788,AUS / Cannington (AUS) 8th Aug,R12 275m Gr4/5,08-08-2022 10:19,39170555,7. Shaka Rock,0,11,1,6.42567247625295946601249393844310694013,1,1001,1,1001,2103.42,2103.42,0
201821462,AUS / Ballarat (AUS) 8th Aug,R8 545m Gr5,08-08-2022 04:19,40072540,8. Yussuf Bale,0,55,1,15.4742185082017951098731043020736614051,1,1001,1,1001,323.1,323.1,0
201821468,AUS / Ballarat (AUS) 8th Aug,R10 390m Gr6,08-08-2022 05:07,47366273,3. Argus Rivett,0,4,1,3.02872029874228738780577960174013591258,1,1001,1,1001,2110.18,2110.18,0
201821468,AUS / Ballarat (AUS) 8th Aug,R10 390m Gr6,08-08-2022 05:07,44011670,4. Bunding Boy,0,4.8,1,2.96513865370659512238031359268137136323,1,1001,1,1001,1818.92,1818.92,0
201821712,AUS / Shepparton (AUS) 8th Aug,R12 450m Vets,08-08-2022 13:43,37992612,8. Paper Plane,1,1.587633120260661,1,1,1,1001,1,1001,0,25118.82,0
201821737,AUS / Bathurst (AUS) 8th Aug,R1 307m Mdn,08-08-2022 05:46,47366274,1. Black Wizard,1,1.26,1,1.3138593709015921165701065764390453227,1,1001,1,1001,18223.54,18223.54,0
201821740,AUS / Bathurst (AUS) 8th Aug,R2 307m Mdn,08-08-2022 06:11,47366280,4. Ginger Bread,0,28.427946978881955,1,14.9168846028113762667538411245505067015,1,1001,1,1001,244.72,244.72,0
201821743,AUS / Bathurst (AUS) 8th Aug,R3 520m Final,08-08-2022 06:27,47366283,1. Lithgow Road,1,4.613209896608683,1,4.5004918387201383634201707923467733218,1,1001,1,1001,4070.44,4070.44,0
201821746,AUS / Bathurst (AUS) 8th Aug,R4 307m Gr5,08-08-2022 06:47,42710554,6. Green Destiny,0,70.78716863261535,1,22.1487122060470324748040313549832026876,1,1001,1,1001,312.55,312.55,0
201821746,AUS / Bathurst (AUS) 8th Aug,R4 307m Gr5,08-08-2022 06:47,28429498,3. Hay Jill,1,7.130581690226826,1,5.02230258045074622131290542576644303818,1,1001,1,1001,1261.02,1261.02,0
201821749,AUS / Bathurst (AUS) 8th Aug,R5 618m Gr5,08-08-2022 07:07,38938556,3. Cracker Night,0,95,1,42.9234913793103448275862068965517241379,1,1001,1,1001,185.6,185.6,0
201821752,AUS / Bathurst (AUS) 8th Aug,R6 307m Gr5,08-08-2022 07:26,45087609,6. Cheryald,0,105.24228801525064,1,41.9224460868684823326921129897742229422,1,1001,1,1001,197.54,197.54,0
201821755,AUS / Bathurst (AUS) 8th Aug,R7 450m Rest,08-08-2022 07:47,42361015,3. Hes A Charmer,0,27.782804342411104,1,11.6574257425742574257425742574257425743,1,1001,1,1001,474.7,474.7,0
201821761,AUS / Bathurst (AUS) 8th Aug,R9 450m Gr4/5,08-08-2022 08:32,39786830,1. Set To Rule,0,18.664412830546503,1,9.70479334098737083811710677382319173364,1,1001,1,1001,627.12,627.12,0
201821764,AUS / Bathurst (AUS) 8th Aug,R10 307m FFA,08-08-2022 08:51,42182182,4. Extra Specialism,1,19.5,1,14.6420117612176319430717533109310140344,1,1001,1,1001,809.44,809.44,0
201821767,AUS / Bathurst (AUS) 8th Aug,R11 307m Gr5,08-08-2022 09:08,40173907,4. Flamebeau,0,33.886533383637435,1,13.3370364319555628165332462016010455808,1,1001,1,1001,367.26,367.26,0
201821770,AUS / Bathurst (AUS) 8th Aug,R12 307m Gr4/5,08-08-2022 09:31,37174982,6. Min Jam Saya,0,31.097278925711286,1,16.1645351283129995793016407236011779554,1,1001,1,1001,475.4,475.4,0
201830764,AUS / Cannington (AUS) 8th Aug,R4 275m Gr5/6,08-08-2022 07:34,39788579,4. Spolly Bear,1,6.269630954,1,4.59585248495678102024779599349831537476,1,1001,1,1001,1857.98,1857.98,0
201830764,AUS / Cannington (AUS) 8th Aug,R4 275m Gr5/6,08-08-2022 07:34,40165695,7. Sweet Annabelle,0,480.9343960833364,1,158.097554118639302783244307000281135789,1,1001,1,1001,71.14,71.14,0
201824384,AUS / Angle Park (AUS) 8th Aug,R5 595m Gr5/6,08-08-2022 11:09,42269945,3. Springvale Rex,0,2.989466708797992,1,2.33370917100145273911617226674164675008,1,1001,1,1001,8535.6,8535.6,0
201824394,AUS / Angle Park (AUS) 8th Aug,R7 342m Gr6,08-08-2022 11:49,44682354,8. Tuivasa,1,2.72,1,2.17571444160719352233789475981579694013,1,1001,1,1001,11912.94,11912.94,0
201824419,AUS / Angle Park (AUS) 8th Aug,R12 342m Gr5,08-08-2022 13:35,42070670,1. Sally Palms,0,27.367258337412714,1,1,1,1001,1,1001,0,818.1,0
201824419,AUS / Angle Park (AUS) 8th Aug,R12 342m Gr5,08-08-2022 13:35,38937740,8. Highly Praised,0,111.73669034827194,1,1,1,1001,1,1001,0,195.45,0
201835560,TRP / Swindon 8th Aug,A9 476m,08-08-2022 11:43,36946998,3. Slippy Marilyn,0,4.2710830806144795,1,3.34968618239595011933666696472174265925,1,1001,1,1001,5815.48,5815.48,0
201835560,TRP / Swindon 8th Aug,A9 476m,08-08-2022 11:43,38070894,6. Wriggle Room,1,7,1,5.35405933080917864849696864304289745556,1,1001,1,1001,2530.22,2530.22,0
201835576,TRP / Swindon 8th Aug,A5 476m,08-08-2022 13:44,46482786,1. Southfield Finch,1,3.1,1,5.74989063376815748817383479745378862652,1,1001,1,1001,8,8200.22,0
201835578,TRP / Swindon 8th Aug,A4 476m,08-08-2022 13:59,46145945,4. Dopey,0,3.682770929418621,1,4.99990480226570607619538654980011475727,1,1001,1,1001,4,3139.68,0
201835578,TRP / Swindon 8th Aug,A4 476m,08-08-2022 13:59,41935131,3. Confey Laser,0,11.5,1,1,1,1001,1,1001,0,893.44,0
201830741,AUS / Hobart (AUS) 8th Aug,R4 461m Heat,08-08-2022 11:43,41562249,7. Wynburn Joy,0,52.610436435610026,1,40.4269644779332615715823466092572658773,1,1001,1,1001,371.6,371.6,0
201830749,AUS / Hobart (AUS) 8th Aug,R8 461m Gr5,08-08-2022 13:04,41308469,2. Cascade Carriage,0,31.815696856,1,1,1,1001,1,1001,0,322.72,0
201830749,AUS / Hobart (AUS) 8th Aug,R8 461m Gr5,08-08-2022 13:04,47366528,1. Youre Off,0,140,1,1,1,1001,1,1001,0,145.84,0
201824308,AUS / Albion Park (AUS) 8th Aug,R1 520m Mdn,08-08-2022 09:43,45223356,7. Pokie Jackpot,0,27.573610895444865,1,21.3404039403989901490025246274936884313,1,1001,1,1001,808.04,808.04,0
201824308,AUS / Albion Park (AUS) 8th Aug,R1 520m Mdn,08-08-2022 09:43,41980284,4. Lingonberry,0,40.29242069125394,1,17.8452272312465778426720204416864391312,1,1001,1,1001,438.32,438.32,0
201824313,AUS / Albion Park (AUS) 8th Aug,R2 520m Nvce,08-08-2022 10:09,46947676,1. Sonic Wheels,1,1.9,1,1.84100805708866890891601116121681823454,1,1001,1,1001,17589.48,17589.48,0
201824328,AUS / Albion Park (AUS) 8th Aug,R5 520m Gr5,08-08-2022 11:15,42130911,6. Shian Ulysses,0,5.997120825858584,1,3.67913465568934126448293405605347446428,1,1001,1,1001,3125.23,3125.23,0
201824328,AUS / Albion Park (AUS) 8th Aug,R5 520m Gr5,08-08-2022 11:15,46027196,3. Alpha Humbug,0,21.243735611,1,13.158460545168308775405515362708506536,1,1001,1,1001,1130.66,1130.66,0
201824333,AUS / Albion Park (AUS) 8th Aug,R6 520m Gr5,08-08-2022 11:37,41523330,2. Disaster Piece,1,5.4,1,4.00823767939375480163835310055142128495,1,1001,1,1001,4399.54,4399.54,0
201824353,AUS / Albion Park (AUS) 8th Aug,R10 520m Gr5,08-08-2022 12:57,38018197,5. Roxy Tequila,0,4.794706367783073,1,1,1,1001,1,1001,0,8506.65,0
201835520,TRP / Perry Barr 8th Aug,D3 275m,08-08-2022 11:06,40301664,6. Noels Hope,0,5.082261282403231,1,3.57638185755356337809573784061430672471,1,1001,1,1001,2706.14,2706.14,0
201835530,TRP / Perry Barr 8th Aug,A7 480m,08-08-2022 12:21,39060059,5. Master Bailey,0,11,1,1,1,1001,1,1001,0,1935.94,0
201835770,TRP / Sheffield 8th Aug,A2 500m,08-08-2022 14:54,37810852,5. Sharpyslightning,0,19.296049979,1,1,1,1001,1,1001,0,667.2,0
201835895,TRP / Yarmouth 8th Aug,A1 462m,08-08-2022 19:26,43571011,1. Drumdoit Lucy,0,1.9144500911073008,1,1,1,1001,1,1001,0,12918.98,0
201835895,TRP / Yarmouth 8th Aug,A1 462m,08-08-2022 19:26,38844026,5. Brynoffa Coco,0,12.5,1,1,1,1001,1,1001,0,1102.1,0
201835941,TRP / Nottingham 8th Aug,A4 500m,08-08-2022 18:26,36493333,4. Droopys Beatrice,0,32,1,1,1,1001,1,1001,0,574.52,0
201835941,TRP / Nottingham 8th Aug,A4 500m,08-08-2022 18:26,41967808,5. Blissful Martha,1,6.6,1,1,1,1001,1,1001,0,3035.82,0
201835784,TRP / Sheffield 8th Aug,A8 500m,08-08-2022 17:03,44721701,3. Hanoras Star,0,14,1,1,1,1001,1,1001,0,1142.68,0
201835804,SIS / Monmore 8th Aug,A7 480m,08-08-2022 14:23,42522431,4. Swift Ziggy,0,8,1,1,1,1001,1,1001,0,2149.06,0
201835806,SIS / Monmore 8th Aug,A5 480m,08-08-2022 14:42,45773167,4. Skeard Mary Lou,0,5,1,1,1,1001,1,1001,0,4646.08,0
201835806,SIS / Monmore 8th Aug,A5 480m,08-08-2022 14:42,43498309,1. Tommys Glory,0,27,1,1,1,1001,1,1001,0,1148.87,0
201835854,SIS / Romford 8th Aug,A6 400m,08-08-2022 15:48,2441997,4. Fine Line,0,10.5,1,1,1,1001,1,1001,0,1482.74,0
201836013,RPGTV / Towcester 8th Aug,A2 500m,08-08-2022 18:17,39542678,5. Savana Tailor,0,6.964260557613162,1,1,1,1001,1,1001,0,1529.98,0
201836013,RPGTV / Towcester 8th Aug,A2 500m,08-08-2022 18:17,41894962,2. Savana Honey,0,36,1,1,1,1001,1,1001,0,961.9,0
201835766,TRP / Sheffield 8th Aug,A5 500m,08-08-2022 14:19,35449489,5. Borna Rumour,0,21,1,1,1,1001,1,1001,0,1561.5,0
201835766,TRP / Sheffield 8th Aug,A5 500m,08-08-2022 14:19,36910354,2. Loulou Moon,0,5.958975908,1,1,1,1001,1,1001,0,3473.18,0
201835776,TRP / Sheffield 8th Aug,A3 500m,08-08-2022 15:44,37629042,5. Droopys Groovy,0,4.490151518280326,1,1,1,1001,1,1001,0,4309.94,0
201835776,TRP / Sheffield 8th Aug,A3 500m,08-08-2022 15:44,42054216,4. Golden Delight,0,8.438929894512983,1,1,1,1001,1,1001,0,2980.42,0
201835594,SIS / Central Park 8th Aug,A4 480m,08-08-2022 11:01,44869827,1. Drumcrow Jade,0,4.367049180585748,1,3.4521735745244089174950040227349406971,1,1001,1,1001,4623.72,4623.72,0
201835816,SIS / Monmore 8th Aug,A8 480m,08-08-2022 16:18,40662613,1. Skyfall Coochie,0,10,1,1,1,1001,1,1001,0,2637.31,0
201835826,SIS / Monmore 8th Aug,A5 480m,08-08-2022 17:54,43557493,5. Sporty Jaxx,0,4.843857888861568,1,1,1,1001,1,1001,0,5210.3,0
201836025,RPGTV / Towcester 8th Aug,A7 500m,08-08-2022 20:03,35962100,6. Crossfield Blake,0,3.658585320172243,1,1,1,1001,1,1001,0,7600.58,0
201820757,AUS / Maitland (AUS) 8th Aug,R7 400m Final,08-08-2022 11:18,40522364,5. Wing Chun Girl,0,12.5,1,7.91283497476390877406105832501771588066,1,1001,1,1001,1382.94,1382.94,0
201836015,RPGTV / Towcester 8th Aug,D3 270m,08-08-2022 18:33,36999912,6. Keeperhill Tiger,0,8.769626670732393,1,1,1,1001,1,1001,0,758.78,0
201835802,SIS / Monmore 8th Aug,A5 480m,08-08-2022 14:07,39707526,5. Hilark Sooty,0,13,1,1,1,1001,1,1001,0,974.72,0
201835810,SIS / Monmore 8th Aug,A4 480m,08-08-2022 15:18,39258131,6. Ballinakill Tom,0,5.852327776497987,1,1,1,1001,1,1001,0,3036.42,0
201835810,SIS / Monmore 8th Aug,A4 480m,08-08-2022 15:18,43936136,3. Longacres Santa,0,4.057090938570567,1,1,1,1001,1,1001,0,4134.72,0
201835810,SIS / Monmore 8th Aug,A4 480m,08-08-2022 15:18,47354133,2. Stellas Jester,0,7,1,1,1,1001,1,1001,0,2485.55,0
201830715,NZL / Addington (NZL) 8th Aug,R3 295m C0,08-08-2022 01:52,45690885,6. Homebush Classy,0,38,1,17.337033476094746962678087579757014247,1,1001,1,1001,228.82,228.82,0
201830729,NZL / Addington (NZL) 8th Aug,R10 295m C1,08-08-2022 03:57,23791937,5. Elsa Blueblood,0,16.5,1,11.4925136825645035183737294761532447224,1,1001,1,1001,716.24,716.24,0
201835860,SIS / Romford 8th Aug,A8 400m,08-08-2022 16:48,36799750,6. Brickfield Rebel,0,4.2,1,1,1,1001,1,1001,0,5060.84,0
201835862,SIS / Romford 8th Aug,A4 400m,08-08-2022 17:08,41425800,3. Canya Boy,0,3.5044791718196207,1,1,1,1001,1,1001,0,4727.96,0
201835887,TRP / Yarmouth 8th Aug,A6 462m,08-08-2022 18:19,36870047,3. Rough Romeo,0,38.94125673244328,1,1,1,1001,1,1001,0,725,0
201835887,TRP / Yarmouth 8th Aug,A6 462m,08-08-2022 18:19,41804642,6. Evelyns Rose,1,11,1,1,1,1001,1,1001,0,1402.94,0
201835977,RPGTV / Doncaster 8th Aug,A3 483m,08-08-2022 18:09,40723385,2. Keady Candy,0,9.360326500239456,1,1,1,1001,1,1001,0,1694.8,0
201836142,SIS / Suffolk Downs 8th Aug,A5 388m,08-08-2022 11:39,42664272,5. Nancyhogansgoose,0,9.2,1,4.34611717027236426485487812146135049765,1,1001,1,1001,671.16,671.16,0
201836144,SIS / Suffolk Downs 8th Aug,A4 388m,08-08-2022 11:54,43451853,1. Pharis Melody,1,3.85,1,3.19766493921020831645217317780353500301,1,1001,1,1001,5676.94,5676.94,0
201836154,SIS / Suffolk Downs 8th Aug,A3 388m,08-08-2022 13:09,45305204,3. Camp Holly,0,5.2,1,1,1,1001,1,1001,0,1593.96,0
201836154,SIS / Suffolk Downs 8th Aug,A3 388m,08-08-2022 13:09,41423979,2. Vilamoura Jet,0,6.22262295689201,1,1,1,1001,1,1001,0,1340.36,0
201830755,AUS / Cannington (AUS) 8th Aug,R1 275m Mdn,08-08-2022 06:38,42860500,2. Learavia,1,4.027769320330459,1,3.09906814616466515200692415882289300011,1,1001,1,1001,2957.76,2957.76,0
201830767,AUS / Cannington (AUS) 8th Aug,R5 275m Gr5,08-08-2022 07:58,4344710,5. Follow Me Home,1,20.078012739,1,11.291159557515992702247061268792868525,1,1001,1,1001,866.02,866.02,0
201835526,TRP / Perry Barr 8th Aug,D3 275m,08-08-2022 11:51,39590278,6. Westview Bielsa,0,7.162495989860035,1,5.22456317168652330281458534463552552011,1,1001,1,1001,1885.18,1885.18,0
201835526,TRP / Perry Barr 8th Aug,D3 275m,08-08-2022 11:51,41967812,1. Bandit Rosie,0,5.6064621414389695,1,4.63062731076825621128416282426892926537,1,1001,1,1001,3283.54,3283.54,0
201835526,TRP / Perry Barr 8th Aug,D3 275m,08-08-2022 11:51,45746216,4. Heathmill Lilly,0,13.5,1,11.6402315504219154559235856776807394588,1,1001,1,1001,1490.82,1490.82,0
201835526,TRP / Perry Barr 8th Aug,D3 275m,08-08-2022 11:51,47197322,5. Ridgemount Lucky,0,4.9186632691323755,1,4.11261098137430760032039349736577881567,1,1001,1,1001,3545.64,3545.64,0
201835534,TRP / Perry Barr 8th Aug,A6 480m,08-08-2022 12:51,35839037,2. Levante Queen,0,7.134803893536738,1,1,1,1001,1,1001,0,2152.86,0
201835542,TRP / Perry Barr 8th Aug,A8 480m,08-08-2022 13:51,43536412,6. Shortwood Pluto,0,9.266983712411598,1,1,1,1001,1,1001,0,2562.18,0
201835542,TRP / Perry Barr 8th Aug,A8 480m,08-08-2022 13:51,44434236,3. Followthe Barrie,1,3.65,1,1,1,1001,1,1001,0,8542.94,0
201835558,TRP / Swindon 8th Aug,A9 476m,08-08-2022 11:28,46951051,6. Outback Fancy,0,3.5080440707609526,1,2.8011413957895757865166443448772425937,1,1001,1,1001,5360.98,5360.98,0
201835572,TRP / Swindon 8th Aug,A6 476m,08-08-2022 13:13,27753587,2. Springwell Polly,0,12.5,1,1,1,1001,1,1001,0,2756.9,0
201835564,TRP / Swindon 8th Aug,A5 476m,08-08-2022 12:13,36947027,2. Swift Sunset,0,9.2,1,1,1,1001,1,1001,0,1663.98,0
201835610,SIS / Central Park 8th Aug,A2 480m,08-08-2022 13:02,10521747,4. Battle Ready,0,21,1,1,1,1001,1,1001,0,991.28,0
201835864,SIS / Romford 8th Aug,A9 400m,08-08-2022 17:28,44330749,1. Ellaha Rois,0,7.6,1,1,1,1001,1,1001,0,2429.32,0
201835891,TRP / Yarmouth 8th Aug,A2 462m,08-08-2022 18:51,38681621,2. Borna Boy,0,19.405470631150525,1,1,1,1001,1,1001,0,733.89,0
201835891,TRP / Yarmouth 8th Aug,A2 462m,08-08-2022 18:51,46093213,6. Monroes Kiss,1,13.5,1,1,1,1001,1,1001,0,831.18,0
201835897,TRP / Yarmouth 8th Aug,A3 462m,08-08-2022 19:41,44431720,3. Aurora Boreales,0,8.543211165455869,1,1,1,1001,1,1001,0,1267.72,0
201835897,TRP / Yarmouth 8th Aug,A3 462m,08-08-2022 19:41,45970580,5. Adamant Kyle,0,3.9290969378494642,1,1,1,1001,1,1001,0,4130.72,0
201835953,TRP / Nottingham 8th Aug,OR 500m,08-08-2022 20:06,46208932,5. Distant George,0,18.781860610786826,1,1,1,1001,1,1001,0,1393.04,0
201835953,TRP / Nottingham 8th Aug,OR 500m,08-08-2022 20:06,47350452,4. Farneys Trend,0,3.484062474,1,1,1,1001,1,1001,0,11768.98,0
201835955,TRP / Nottingham 8th Aug,OR 480m,08-08-2022 20:21,47350454,3. Keanes Machine,0,21.296111016,1,1,1,1001,1,1001,0,1379.44,0
201835983,RPGTV / Doncaster 8th Aug,D4 275m,08-08-2022 18:58,47004506,2. Franco Dame,0,4,1,1,1,1001,1,1001,0,5452.88,0
201835983,RPGTV / Doncaster 8th Aug,D4 275m,08-08-2022 18:58,42252296,5. Secondkennelling,0,18.5,1,1,1,1001,1,1001,0,913.06,0
201830717,NZL / Addington (NZL) 8th Aug,R4 295m C0,08-08-2022 02:12,47268112,2. Muirfield,1,1.634885622432848,1,1.40307011509411768899281062758195421186,1,1001,1,1001,5611.06,5611.06,0
201830717,NZL / Addington (NZL) 8th Aug,R4 295m C0,08-08-2022 02:12,41844276,1. Texarkana,0,110,1,26.7237317417936233705041620857546725302,1,1001,1,1001,63.67,63.67,0
201830717,NZL / Addington (NZL) 8th Aug,R4 295m C0,08-08-2022 02:12,46134171,8. Goldstar Noodle,0,10.5,1,8.34069126632322990295914699892176829999,1,1001,1,1001,667.76,667.76,0
201830717,NZL / Addington (NZL) 8th Aug,R4 295m C0,08-08-2022 02:12,46315108,9. Homebush Flick,0,270,1,89.2758089368258859784283513097072419106,1,1001,1,1001,58.41,58.41,0
201830739,AUS / Hobart (AUS) 8th Aug,R3 461m Heat,08-08-2022 11:21,42393432,2. Tah Tracey,1,4.958458933651945,1,3.39788666026121375670618739167812139406,1,1001,1,1001,4350.46,4350.46,0
201830739,AUS / Hobart (AUS) 8th Aug,R3 461m Heat,08-08-2022 11:21,47366524,4. Joyful Juggler,0,5.175143817588687,1,3.67390958169883869965432865964966792248,1,1001,1,1001,3089.64,3089.64,0
201830747,AUS / Hobart (AUS) 8th Aug,R7 461m Gr3,08-08-2022 12:45,35745312,1. Green Machine,0,5.1,1,1,1,1001,1,1001,0,3940.36,0
201824379,AUS / Angle Park (AUS) 8th Aug,R4 530m Gr5,08-08-2022 10:47,39784891,4. Jax Bale,1,2.532642592450574,1,1.89234088310556977187346872107584254369,1,1001,1,1001,5877.44,5877.44,0
201824379,AUS / Angle Park (AUS) 8th Aug,R4 530m Gr5,08-08-2022 10:47,39787982,2. Bruce Mick Glenn,0,3.183580889,1,2.31381554798112218143681174619821709491,1,1001,1,1001,3356.32,3356.32,0
201824399,AUS / Angle Park (AUS) 8th Aug,R8 342m Gr6,08-08-2022 12:11,44478838,2. Deadly Redeemer,0,15.653367651,1,1,1,1001,1,1001,0,1288.46,0
201824404,AUS / Angle Park (AUS) 8th Aug,R9 730m S/E,08-08-2022 12:33,41361128,3. Blue By You,0,2.32425398,1,1,1,1001,1,1001,0,10256.66,0
201824409,AUS / Angle Park (AUS) 8th Aug,R10 342m Gr2/3/4,08-08-2022 12:51,42182129,1. Curls Victory,0,2.6699601817291114,1,2.63998033655417365393778114401712894885,1,1001,1,1001,8.04,5835.52,0
201820638,AUS / Warrnambool (AUS) 8th Aug,R6 450m Gr5,08-08-2022 07:22,40522595,7. Aston Wonder,0,2.06,1,2.07735321910379806642589457332154528436,1,1001,1,1001,11175.16,11175.16,0
201820638,AUS / Warrnambool (AUS) 8th Aug,R6 450m Gr5,08-08-2022 07:22,39786096,3. Arizona Gold,1,3.837869382,1,2.63554590822412463991560839047348561691,1,1001,1,1001,2957.64,2957.64,0
201820751,AUS / Maitland (AUS) 8th Aug,R5 450m Rest,08-08-2022 10:38,41435676,6. Moon Over Mexico,0,6.168186905396867,1,5.08218786388924828567731918747574071678,1,1001,1,1001,3091.6,3091.6,0
201820751,AUS / Maitland (AUS) 8th Aug,R5 450m Rest,08-08-2022 10:38,47366348,5. Quick Key,0,92.9240571956523,1,36.7982706708870531923106616227900872385,1,1001,1,1001,259.06,259.06,0
201820662,AUS / Ipswich (AUS) 8th Aug,R2 288m Mdn,08-08-2022 02:24,47366313,7. Wildash Jett,0,4.5,1,3.13287779002609834459236646975135909249,1,1001,1,1001,2122.74,2122.74,0
201820662,AUS / Ipswich (AUS) 8th Aug,R2 288m Mdn,08-08-2022 02:24,47366308,2. My Ninja,0,13.5,1,9.10817610062893081761006289308176100629,1,1001,1,1001,540.6,540.6,0
201820665,AUS / Ipswich (AUS) 8th Aug,R3 288m Mdn,08-08-2022 02:42,47366319,5. My Hassle,0,17.427813992564662,1,15.7521409249194195216483751886853550274,1,1001,1,1001,2007.31,2007.31,0
201820668,AUS / Ipswich (AUS) 8th Aug,R4 288m Nvce,08-08-2022 03:00,8810832,1. Go Katie Go,0,4.091469434615938,1,3.52028247971277751165537095619098208654,1,1001,1,1001,4216.94,4216.94,0
201820674,AUS / Ipswich (AUS) 8th Aug,R6 288m Nvce,08-08-2022 03:44,41876372,4. Rosdue Tyson,0,4.429584218350356,1,2.89402706921052018543108067183823700701,1,1001,1,1001,4292.7,4292.7,0
201820677,AUS / Ipswich (AUS) 8th Aug,R7 288m M5,08-08-2022 04:07,40072696,4. Go Romeo,0,21.570160466250968,1,11.3440353771774998081497966387844371115,1,1001,1,1001,1042.48,1042.48,0
201820692,AUS / Ipswich (AUS) 8th Aug,R12 288m Heat,08-08-2022 06:07,39563453,5. Spring Lilli,0,57.31831300966441,1,17.0716604929802899346046554168381579549,1,1001,1,1001,437.34,437.34,0
201835818,SIS / Monmore 8th Aug,A8 480m,08-08-2022 16:38,46564642,2. Rattling Bella,0,7.934889212834533,1,1,1,1001,1,1001,0,2181.46,0
201835899,TRP / Yarmouth 8th Aug,A2 462m,08-08-2022 19:58,43898966,2. Direct Harry,1,2.866409306807127,1,1,1,1001,1,1001,0,7250.52,0
201835899,TRP / Yarmouth 8th Aug,A2 462m,08-08-2022 19:58,43659870,1. Uncle Phalim,0,11,1,1,1,1001,1,1001,0,950.52,0
201835997,RPGTV / Doncaster 8th Aug,B7 450m,08-08-2022 21:12,39914031,1. Breakaday Ebony,0,13.879935546688895,1,1,1,1001,1,1001,0,1079.74,0
201836146,SIS / Suffolk Downs 8th Aug,A5 388m,08-08-2022 12:09,37189182,2. Miss Aelfwynn,0,2.8970396926900497,1,1,1,1001,1,1001,0,5681.3,0
201836146,SIS / Suffolk Downs 8th Aug,A5 388m,08-08-2022 12:09,39693400,4. Kilara Zell,0,5.838237472762701,1,6.79991387127901150667912581498164752253,1,1001,1,1001,4,1617.68,0
201836146,SIS / Suffolk Downs 8th Aug,A5 388m,08-08-2022 12:09,41237500,3. Savana Mags,0,10.5,1,1,1,1001,1,1001,0,989.42,0
201836158,SIS / Suffolk Downs 8th Aug,A3 388m,08-08-2022 13:39,46145791,1. Lizzy Jezabelle,0,3.723177532109549,1,1,1,1001,1,1001,0,3229.82,0
201836158,SIS / Suffolk Downs 8th Aug,A3 388m,08-08-2022 13:39,36857254,6. Savana Tonic,0,5.2,1,1,1,1001,1,1001,0,1647.34,0
201820760,AUS / Maitland (AUS) 8th Aug,R8 565m Gr5,08-08-2022 11:40,40950534,1. Tina Went Wrong,1,2.82597206068711,1,2.39548849961728131705419547513583376206,1,1001,1,1001,6375.44,6375.44,0
201820760,AUS / Maitland (AUS) 8th Aug,R8 565m Gr5,08-08-2022 11:40,35381825,5. Affair Bit,0,50,1,23.6066356885395405393668302427585008903,1,1001,1,1001,460.54,460.54,0
201820812,AUS / Nowra (AUS) 8th Aug,R5 520m Gr5,08-08-2022 10:50,39360176,1. Hot Streak,0,113.41353294543921,1,38.1745980964568503559145805006798368392,1,1001,1,1001,250.06,250.06,0
201820812,AUS / Nowra (AUS) 8th Aug,R5 520m Gr5,08-08-2022 10:50,43378718,6. Cumbria Mal,0,2.302263479763996,1,2.10352642820999273076825480224555076745,1,1001,1,1001,13398.94,13398.94,0
201820812,AUS / Nowra (AUS) 8th Aug,R5 520m Gr5,08-08-2022 10:50,45367672,2. Oro Rojo,1,11.389106025311634,1,7.62525204404954465888192151736057255545,1,1001,1,1001,1805.24,1805.24,0
201820812,AUS / Nowra (AUS) 8th Aug,R5 520m Gr5,08-08-2022 10:50,40743790,3. Inner Rage,0,8.6,1,5.23781971995086264759146766179655278677,1,1001,1,1001,2368.87,2368.87,0
201820847,AUS / Nowra (AUS) 8th Aug,R12 365m M1/2/3,08-08-2022 13:16,35430010,7. Maldini,0,7.2,1,1,1,1001,1,1001,0,3488.8,0
201824374,AUS / Angle Park (AUS) 8th Aug,R3 530m Gr6,08-08-2022 10:25,43527922,4. Zinfandel Cilla,0,5,1,3.94557411576111054265152290323680889526,1,1001,1,1001,4691.04,4691.04,0
201820766,AUS / Maitland (AUS) 8th Aug,R10 400m Gr5,08-08-2022 12:20,41802930,2. Love You Buddy,0,5.131359891777393,1,1,1,1001,1,1001,0,3035.36,0
201820626,AUS / Warrnambool (AUS) 8th Aug,R2 390m Rest,08-08-2022 05:57,46240567,1. Aston Amare,1,5.1,1,3.86250130918993145663381084823870314555,1,1001,1,1001,1718.62,1718.62,0
201820629,AUS / Warrnambool (AUS) 8th Aug,R3 390m Gr7,08-08-2022 06:17,47366247,3. Agnes,0,95,1,43.3422547236348788002524221389064182041,1,1001,1,1001,269.39,269.39,0
201820632,AUS / Warrnambool (AUS) 8th Aug,R4 390m Gr5,08-08-2022 06:41,2384717,3. False Alarm,0,2.398047651324741,1,1.77608552670213640581139964530260855267,1,1001,1,1001,3405.72,3405.72,0
201820650,AUS / Warrnambool (AUS) 8th Aug,R10 390m Gr6,08-08-2022 08:43,43328464,2. Deadly Dream,1,2.7659023433743277,1,2.24445131145066213662513118144235018943,1,1001,1,1001,10996.22,10996.22,0
201820653,AUS / Warrnambool (AUS) 8th Aug,R11 390m Gr5,08-08-2022 09:02,31076454,3. Dana Wing,0,8.751218910203313,1,4.86708481824661439771917320028510334996,1,1001,1,1001,1683.6,1683.6,0
201820680,AUS / Ipswich (AUS) 8th Aug,R8 288m FFA,08-08-2022 04:32,26573076,3. Im Zac Man,0,22.821988021667345,1,14.9153144404977895893491426673140316357,1,1001,1,1001,782.66,782.66,0
201820683,AUS / Ipswich (AUS) 8th Aug,R9 288m Heat,08-08-2022 04:57,39447624,6. Minnesota Nights,0,14,1,9.24160124537587251636229724979494819303,1,1001,1,1001,1194.82,1194.82,0
201821667,AUS / Shepparton (AUS) 8th Aug,R3 385m Final,08-08-2022 10:44,46447843,8. Sugar And Candy,0,3.620934275,1,2.46749611892744223094616891403119488267,1,1001,1,1001,4921.32,4921.32,0
201821667,AUS / Shepparton (AUS) 8th Aug,R3 385m Final,08-08-2022 10:44,43778786,6. Mission Oasis,0,17.078165727,1,9.85786796739832822629395701748900423155,1,1001,1,1001,959.46,959.46,0
201821687,AUS / Shepparton (AUS) 8th Aug,R7 385m FFA,08-08-2022 12:08,41223173,5. Loxton Bale,0,85,1,40.7060054728931164976044049161777372353,1,1001,1,1001,11.5,218.02,0
201835568,TRP / Swindon 8th Aug,A7 476m,08-08-2022 12:43,28678480,1. Border Dancer,0,11.5,1,1,1,1001,1,1001,0,2035.16,0
201835570,TRP / Swindon 8th Aug,D2 262m,08-08-2022 12:58,44903356,5. Ballyregan Lena,0,3.55,1,3.3749556477032791412620369314603049788,1,1001,1,1001,8,6148.6,0
201835524,TRP / Perry Barr 8th Aug,A7 480m,08-08-2022 11:36,40563203,5. Daring Hilda,0,10.5,1,7.79453529267428228686714468769595681453,1,1001,1,1001,1833.95,1833.95,0
201821697,AUS / Shepparton (AUS) 8th Aug,R9 385m Gr4,08-08-2022 12:48,42730700,7. Dashing Mini,0,6.527819595319741,1,1,1,1001,1,1001,0,2408.74,0
201821697,AUS / Shepparton (AUS) 8th Aug,R9 385m Gr4,08-08-2022 12:48,35671721,2. American Missile,0,9.252651288,1,1,1,1001,1,1001,0,3681.14,0
201835846,SIS / Romford 8th Aug,A5 400m,08-08-2022 14:32,40390000,6. Kingdom Cat,0,26.404413413876814,1,1,1,1001,1,1001,0,708.42,0
201835901,TRP / Yarmouth 8th Aug,A3 462m,08-08-2022 20:12,40512675,3. Ruffian Fury,0,5,1,1,1,1001,1,1001,0,3293.92,0
201835909,TRP / Yarmouth 8th Aug,A7 462m,08-08-2022 21:16,40065861,5. Podger Fitz,0,17.5,1,1,1,1001,1,1001,0,1252.5,0
201835909,TRP / Yarmouth 8th Aug,A7 462m,08-08-2022 21:16,39342235,4. Farneys Minnie,0,52.694815387104185,1,1,1,1001,1,1001,0,584,0
201835947,TRP / Nottingham 8th Aug,A3 500m,08-08-2022 19:16,44576001,4. Magical Cora,1,2.537820259198725,1,1,1,1001,1,1001,0,13124.74,0
201835959,TRP / Nottingham 8th Aug,OR 500m,08-08-2022 20:52,41766208,6. Doghouse Dazzler,0,5.503996086798725,1,1,1,1001,1,1001,0,5927.22,0
201835959,TRP / Nottingham 8th Aug,OR 500m,08-08-2022 20:52,47350459,5. Tickity Robyn,0,27,1,1,1,1001,1,1001,0,1178.45,0
201835959,TRP / Nottingham 8th Aug,OR 500m,08-08-2022 20:52,39835629,1. Ramors Jet,0,3.546924276239752,1,1,1,1001,1,1001,0,13051.1,0
201835844,SIS / Romford 8th Aug,A8 400m,08-08-2022 14:12,37096273,4. Indigo Duncan,0,3.7,1,1,1,1001,1,1001,0,4798.94,0
201835852,SIS / Romford 8th Aug,A3 400m,08-08-2022 15:28,18575297,2. Eau Rouge,1,3.55,1,1,1,1001,1,1001,0,6004.82,0
201835852,SIS / Romford 8th Aug,A3 400m,08-08-2022 15:28,40452329,4. Im Alright Botch,0,13.074539125586758,1,1,1,1001,1,1001,0,1364.94,0
201835822,SIS / Monmore 8th Aug,A10 480m,08-08-2022 17:18,28007588,6. Deeteedee Mavrik,0,6.2,1,5.44992168137840774002377558154976472414,1,1001,1,1001,8,3936.02,0
201835822,SIS / Monmore 8th Aug,A10 480m,08-08-2022 17:18,47354136,1. Weluvthisgame,0,5.334594775125513,1,1,1,1001,1,1001,0,6418.34,0
201835961,TRP / Nottingham 8th Aug,OR3 305m,08-08-2022 21:11,45830991,4. Long Mozart,0,13.5,1,1,1,1001,1,1001,0,1645.54,0
201835963,TRP / Nottingham 8th Aug,OR3 305m,08-08-2022 21:26,36788304,2. Joes Jet,0,7.2,1,1,1,1001,1,1001,0,3565.06,0
201836023,RPGTV / Towcester 8th Aug,D4 270m,08-08-2022 19:44,41865051,1. Farran Puma,0,12,1,1,1,1001,1,1001,0,1027.99,0
201835985,RPGTV / Doncaster 8th Aug,D4 275m,08-08-2022 19:18,47350442,2. On The Booze,1,7.8,1,1,1,1001,1,1001,0,1769.06,0
201835985,RPGTV / Doncaster 8th Aug,D4 275m,08-08-2022 19:18,42505635,6. Kangaroo Kelly,0,7.380664443139263,1,1,1,1001,1,1001,0,1209.16,0
201835991,RPGTV / Doncaster 8th Aug,B6 450m,08-08-2022 20:17,40802524,1. Murlens Sydney,0,8,1,1,1,1001,1,1001,0,2721.72,0
201835993,RPGTV / Doncaster 8th Aug,B5 450m,08-08-2022 20:38,39542829,1. Luttons Dawn,1,5.511070288377812,1,1,1,1001,1,1001,0,2410.78,0
201835993,RPGTV / Doncaster 8th Aug,B5 450m,08-08-2022 20:38,42165849,6. Joyces News,0,3.985303527123178,1,1,1,1001,1,1001,0,6001.1,0
201835995,RPGTV / Doncaster 8th Aug,B7 450m,08-08-2022 20:54,44829877,5. Turlough Queen,0,12.690986536536364,1,1,1,1001,1,1001,0,1696.74,0
201835604,SIS / Central Park 8th Aug,A3 480m,08-08-2022 12:16,38593484,2. Peaky Newsboy,0,9.2009805828589,1,1.99998035038611491284196265543382072542,1,1001,1,1001,4,1845.5,0
201836150,SIS / Suffolk Downs 8th Aug,A4 388m,08-08-2022 12:39,39824479,4. So Mark,1,2.8583866066458725,1,1,1,1001,1,1001,0,4650.76,0
201836150,SIS / Suffolk Downs 8th Aug,A4 388m,08-08-2022 12:39,42196855,5. Remote Support,0,6.4,1,1,1,1001,1,1001,0,1339.6,0
201820647,AUS / Warrnambool (AUS) 8th Aug,R9 390m Gr6/7,08-08-2022 08:24,40586899,8. Hazelnut,0,26,1,11.0519400024792363951902813933308540969,1,1001,1,1001,322.68,322.68,0
201820647,AUS / Warrnambool (AUS) 8th Aug,R9 390m Gr6/7,08-08-2022 08:24,44186332,5. Who Told Sarah,0,8.337991902203068,1,4.27388833667785675437444909135237523677,1,1001,1,1001,1066.42,1066.42,0
201820742,AUS / Maitland (AUS) 8th Aug,R2 450m Mdn,08-08-2022 09:28,47366344,2. Big Junior,0,2.52,1,2.68707281067012377201286138048382347419,1,1001,1,1001,10120.22,10120.22,0
201821657,AUS / Shepparton (AUS) 8th Aug,R1 450m Heat,08-08-2022 09:56,47366221,7. Betty Mayo,0,15,1,7.04609990104547605730757647463752527643,1,1001,1,1001,929.72,929.72,0
201821707,AUS / Shepparton (AUS) 8th Aug,R11 385m Gr5,08-08-2022 13:22,38688343,5. Got A Jimmy,0,7.6,1,1,1,1001,1,1001,0,2066.18,0
201830713,NZL / Addington (NZL) 8th Aug,R2 295m C0,08-08-2022 01:35,47366197,1. Homebush Thaw,0,2.62,1,2.11792030117739693163223877658985494765,1,1001,1,1001,3251.24,3251.24,0
201830713,NZL / Addington (NZL) 8th Aug,R2 295m C0,08-08-2022 01:35,47366199,3. Homebush Esther,0,80,1,28.802289030386072378496010316756669622,1,1001,1,1001,124.07,124.07,0
201830719,NZL / Addington (NZL) 8th Aug,R5 295m C1,08-08-2022 02:30,37267538,3. Smash Grenade,0,11.723325025,1,6.83449689962696706934459843375577459917,1,1001,1,1001,809.58,809.58,0
201830719,NZL / Addington (NZL) 8th Aug,R5 295m C1,08-08-2022 02:30,42845262,1. Homebush Jessie,0,4.117690885242411,1,3.19547770700636942675159235668789808917,1,1001,1,1001,1884,1884,0
201830737,AUS / Hobart (AUS) 8th Aug,R2 340m Gr6,08-08-2022 10:59,47366521,7. Elis Tractor,0,13.87593831932405,1,12.0565591030675544931990211143361220192,1,1001,1,1001,1757.1,1757.1,0
201830745,AUS / Hobart (AUS) 8th Aug,R6 461m Gr4,08-08-2022 12:23,41375434,3. Saint Zac,0,4.54125697439221,1,1,1,1001,1,1001,0,3602.93,0
201830751,AUS / Hobart (AUS) 8th Aug,R9 340m Gr4,08-08-2022 13:19,38605453,7. Tah Zac,0,7.8,1,1,1,1001,1,1001,0,2806.44,0
201830758,AUS / Cannington (AUS) 8th Aug,R2 275m Nvce,08-08-2022 06:54,44855518,5. Molfetta Belle,0,7.830580829239915,1,4.65742324660124245971009273431169532727,1,1001,1,1001,1110.7,1110.7,0
201830758,AUS / Cannington (AUS) 8th Aug,R2 275m Nvce,08-08-2022 06:54,45516960,3. Wizards Legend,0,46,1,23.8829703309895386726119019036185902933,1,1001,1,1001,291.55,291.55,0
201830761,AUS / Cannington (AUS) 8th Aug,R3 275m Gr6,08-08-2022 07:18,40223165,3. Blue Runnings,0,32,1,17.8377965159377316530763528539659006672,1,1001,1,1001,431.68,431.68,0
201830761,AUS / Cannington (AUS) 8th Aug,R3 275m Gr6,08-08-2022 07:18,41017793,5. Ruthless Ruth,0,200,1,81.7884086660068184317606950401407676235,1,1001,1,1001,90.93,90.93,0
201830761,AUS / Cannington (AUS) 8th Aug,R3 275m Gr6,08-08-2022 07:18,39786226,7. Pad Up Elyse,0,10.5,1,6.47580064771500539762504498020870816841,1,1001,1,1001,666.96,666.96,0
201820792,AUS / Nowra (AUS) 8th Aug,R1 520m Mdn,08-08-2022 09:18,47366172,4. Lana Intention,1,7.6,1,6.58680774071743234738829452485840151038,1,1001,1,1001,1525.44,1525.44,0
201820792,AUS / Nowra (AUS) 8th Aug,R1 520m Mdn,08-08-2022 09:18,46472524,8. Royal Carmilla,0,46.664904599599545,1,18.8716552901023890784982935153583617747,1,1001,1,1001,586,586,0
201820807,AUS / Nowra (AUS) 8th Aug,R4 365m Final,08-08-2022 10:28,46220931,4. Slam The Door,0,5.6,1,4.35672888470776050686679067513345164026,1,1001,1,1001,2806.26,2806.26,0
201820822,AUS / Nowra (AUS) 8th Aug,R7 365m Gr4/5,08-08-2022 11:34,42154336,8. Flying Faith,1,19.5,1,11.9252979010827267778293041917857934956,1,1001,1,1001,991.94,991.94,0
201830711,NZL / Addington (NZL) 8th Aug,R1 295m C0,08-08-2022 01:18,47366194,1. Homebush Vinny,0,11.92585952,1,5.14267512002954573433460544133940662317,1,1001,1,1001,324.92,324.92,0
201830711,NZL / Addington (NZL) 8th Aug,R1 295m C0,08-08-2022 01:18,46408377,7. Like Axle,0,4.6,1,2.13697953422724064925899788285109386027,1,1001,1,1001,935.22,935.22,0
201830723,NZL / Addington (NZL) 8th Aug,R7 645m C0,08-08-2022 03:06,44303500,2. Replica Ruler,0,134.360947723,1,70.9117959617428267800212539851222104145,1,1001,1,1001,84.69,84.69,0
201830725,NZL / Addington (NZL) 8th Aug,R8 295m C1,08-08-2022 03:22,41101003,5. Wrinkly Wayne,0,31.871601858577932,1,19.0985468905012935981481121248079055382,1,1001,1,1001,514.07,514.07,0
201830753,AUS / Hobart (AUS) 8th Aug,R10 340m Gr4,08-08-2022 13:39,47366530,9. How Far,1,18.255978301472503,1,1,1,1001,1,1001,0,977.55,0
201820827,AUS / Nowra (AUS) 8th Aug,R8 365m Final,08-08-2022 11:52,42182258,1. Xerxes Bale,1,5.590410698,1,3.64819591460513796384395813510941960038,1,1001,1,1001,2690.56,2690.56,0
201830770,AUS / Cannington (AUS) 8th Aug,R6 380m Gr5,08-08-2022 08:14,43946400,2. Lilly Can Browse,0,10.889149739530415,1,5.13919048738705451613986765644419065534,1,1001,1,1001,1488.55,1488.55,0
201830785,AUS / Cannington (AUS) 8th Aug,R11 380m Gr6,08-08-2022 09:53,39990368,2. Polly Gray,0,4.4,1,3.56764711815852649841634892775726764712,1,1001,1,1001,2974.14,2974.14,0
201830785,AUS / Cannington (AUS) 8th Aug,R11 380m Gr6,08-08-2022 09:53,41466349,4. Mango Salsa,0,3.7080329647308963,1,2.89961102618039284559595419329344472341,1,1001,1,1001,5010.62,5010.62,0
201830785,AUS / Cannington (AUS) 8th Aug,R11 380m Gr6,08-08-2022 09:53,40846749,1. Moment To Waltz,0,5.136722024,1,3.89145661065172935004890192940339646128,1,1001,1,1001,1799.52,1799.52,0
201830788,AUS / Cannington (AUS) 8th Aug,R12 275m Gr4/5,08-08-2022 10:19,27713356,1. Wild Tony,0,12.162601421868894,1,8.05341866801850326341803434509853621444,1,1001,1,1001,1578.1,1578.1,0
201830788,AUS / Cannington (AUS) 8th Aug,R12 275m Gr4/5,08-08-2022 10:19,40092259,5. Emma Monelli,0,12,1,7.25279843444227005870841487279843444227,1,1001,1,1001,1379.7,1379.7,0
201821441,AUS / Ballarat (AUS) 8th Aug,R1 450m Mdn,08-08-2022 02:00,47366261,5. Fentons Rise,0,4.8,1,4.02192367264086505623057904509028639595,1,1001,1,1001,2078.94,2078.94,0
201821444,AUS / Ballarat (AUS) 8th Aug,R2 545m Rest,08-08-2022 02:18,42334411,6. Summer Lovin,0,24.763720209711757,1,10.94801044292401872524306805905653583,1,1001,1,1001,444.32,444.32,0
201821444,AUS / Ballarat (AUS) 8th Aug,R2 545m Rest,08-08-2022 02:18,47366265,5. Sylvan Lake,1,3.522488398767309,1,2.44269251539043093206609785073982071498,1,1001,1,1001,2777.7,2777.7,0
201821447,AUS / Ballarat (AUS) 8th Aug,R3 450m Rest,08-08-2022 02:36,42270036,5. Jacquinot Jet,0,170,1,69.5477876106194690265486725663716814159,1,1001,1,1001,113,113,0
201821447,AUS / Ballarat (AUS) 8th Aug,R3 450m Rest,08-08-2022 02:36,37456367,2. Avery Charm,0,30,1,14.9985624610666538885428147012314916862,1,1001,1,1001,417.38,417.38,0
201821450,AUS / Ballarat (AUS) 8th Aug,R4 390m Gr5,08-08-2022 02:54,37267660,2. Crazy Old Fool,0,49.14972372050863,1,28.3447994662317443843131440432945362888,1,1001,1,1001,269.78,269.78,0
201821453,AUS / Ballarat (AUS) 8th Aug,R5 545m Gr5,08-08-2022 03:12,39032719,6. Joffas Liberty,0,16.173930260749763,1,6.20731827921542772375144222844898631943,1,1001,1,1001,606.7,606.7,0
201821453,AUS / Ballarat (AUS) 8th Aug,R5 545m Gr5,08-08-2022 03:12,38754247,4. Milana Rose,0,38,1,15.2789637952559300873907615480649188514,1,1001,1,1001,320.4,320.4,0
201821459,AUS / Ballarat (AUS) 8th Aug,R7 545m Rest,08-08-2022 03:54,45848452,4. Neptune Town,0,8.330384182671843,1,5.35200691100481530659585019757154969684,1,1001,1,1001,2500.36,2500.36,0
201821462,AUS / Ballarat (AUS) 8th Aug,R8 545m Gr5,08-08-2022 04:19,41348327,3. Zipping Diesel,1,2.4900404086215344,1,2.2503375747426387490496640433969630345,1,1001,1,1001,7786.72,7786.72,0
201821462,AUS / Ballarat (AUS) 8th Aug,R8 545m Gr5,08-08-2022 04:19,39369992,7. Way Up North,0,69.96251566968861,1,19.0550410316529894490035169988276670574,1,1001,1,1001,341.2,341.2,0
201821465,AUS / Ballarat (AUS) 8th Aug,R9 390m Gr7,08-08-2022 04:42,46447827,4. Inter Teddy,0,5.543028120438684,1,4.15673727012439147625654639216598362299,1,1001,1,1001,2493.74,2493.74,0
201821468,AUS / Ballarat (AUS) 8th Aug,R10 390m Gr6,08-08-2022 05:07,44712084,1. Curly Tail,0,9.791499247150496,1,4.52489997072313847955499170488923587391,1,1001,1,1001,819.76,819.76,0
201821712,AUS / Shepparton (AUS) 8th Aug,R12 450m Vets,08-08-2022 13:43,42170002,1. Beers On Brody,0,5.73771048,1,2.97997192577120175161695468497088474119,1,1001,1,1001,8.04,3932.65,0
201821746,AUS / Bathurst (AUS) 8th Aug,R4 307m Gr5,08-08-2022 06:47,46345213,8. Chasing Ralph,0,26,1,13.2391855175992917544341667429862319504,1,1001,1,1001,655.14,655.14,0
201821746,AUS / Bathurst (AUS) 8th Aug,R4 307m Gr5,08-08-2022 06:47,28762927,7. Awake Until Dawn,0,6.211259732301113,1,3.84742733402358645420338897446905224879,1,1001,1,1001,1583.96,1583.96,0
201821752,AUS / Bathurst (AUS) 8th Aug,R6 307m Gr5,08-08-2022 07:26,42432249,2. Kensa Lass,0,28.007611970338825,1,19.3276294681419933363498005018304471227,1,1001,1,1001,486.22,486.22,0
201821752,AUS / Bathurst (AUS) 8th Aug,R6 307m Gr5,08-08-2022 07:26,47366292,7. Drink Jacks,0,12.35134485077171,1,8.39458852728743132825789899327923254971,1,1001,1,1001,1434.36,1434.36,0
201821752,AUS / Bathurst (AUS) 8th Aug,R6 307m Gr5,08-08-2022 07:26,40636803,3. Snowys Lass,0,19.5,1,13.6721821471951612503408443023226989911,1,1001,1,1001,806.82,806.82,0
201821755,AUS / Bathurst (AUS) 8th Aug,R7 450m Rest,08-08-2022 07:47,43858927,7. Totally Deluded,0,4.6,1,3.58129537168699817176825291608309366748,1,1001,1,1001,3741.32,3741.32,0
201824323,AUS / Albion Park (AUS) 8th Aug,R4 395m Gr4/5,08-08-2022 10:53,41979068,9. San Polo,0,30,1,23.3233728969954369067030702918610089366,1,1001,1,1001,791.13,791.13,0
201821471,AUS / Ballarat (AUS) 8th Aug,R11 545m Gr5,08-08-2022 05:32,42062683,7. Belle Yaraki,0,17.402930829636766,1,4.8499198990242244769163551628719840769,1,1001,1,1001,411.98,411.98,0
201821474,AUS / Ballarat (AUS) 8th Aug,R12 450m Gr5,08-08-2022 05:52,38914020,7. Aston Harrison,1,16.5,1,10.9767744552815294376172687165097449247,1,1001,1,1001,1183.18,1183.18,0
201821474,AUS / Ballarat (AUS) 8th Aug,R12 450m Gr5,08-08-2022 05:52,39133517,5. Cha Cha Again,0,4.664103777450071,1,3.67396934230063761027163944449296881824,1,1001,1,1001,5037.56,5037.56,0
201821474,AUS / Ballarat (AUS) 8th Aug,R12 450m Gr5,08-08-2022 05:52,40743571,6. Big Brew,0,5.576367910738413,1,3.90371688574317492416582406471183013145,1,1001,1,1001,1483.5,1483.5,0
201821764,AUS / Bathurst (AUS) 8th Aug,R10 307m FFA,08-08-2022 08:51,39791413,3. Aston Current,0,30.062965147802608,1,23.8827777777777777777777777777777777778,1,1001,1,1001,612,612,0
201821770,AUS / Bathurst (AUS) 8th Aug,R12 307m Gr4/5,08-08-2022 09:31,41477465,4. Spread Sheet,0,4.82710518886306,1,4.29304484871380169289432986648092837664,1,1001,1,1001,3388.28,3388.28,0
201821770,AUS / Bathurst (AUS) 8th Aug,R12 307m Gr4/5,08-08-2022 09:31,39027261,8. Mischief Pal,0,20.22360228743791,1,10.7472600393869338128264406199160887062,1,1001,1,1001,467.16,467.16,0
201830764,AUS / Cannington (AUS) 8th Aug,R4 275m Gr5/6,08-08-2022 07:34,40410695,2. Behrendorff,0,38.13028621174395,1,18.8425129612686794754498322659347362001,1,1001,1,1001,327.9,327.9,0
201830764,AUS / Cannington (AUS) 8th Aug,R4 275m Gr5/6,08-08-2022 07:34,27179192,1. Astrolithology,0,44,1,21.0665609444517862649222501211400378838,1,1001,1,1001,227.01,227.01,0
201830782,AUS / Cannington (AUS) 8th Aug,R10 275m Gr4,08-08-2022 09:34,36120606,8. Moustache,0,2.911577309,1,2.2034034154325632147429154200825152532,1,1001,1,1001,5608.66,5608.66,0
201830782,AUS / Cannington (AUS) 8th Aug,R10 275m Gr4,08-08-2022 09:34,41296395,1. Prime Candy,0,56.2217563266959,1,19.6608578704895985349243139611411566086,1,1001,1,1001,349.47,349.47,0
201824389,AUS / Angle Park (AUS) 8th Aug,R6 342m Gr6,08-08-2022 11:27,40015092,1. Nightcore,0,4.534660965134318,1,3.00300219250232687480739079771597911883,1,1001,1,1001,19274.78,19274.78,0
201824389,AUS / Angle Park (AUS) 8th Aug,R6 342m Gr6,08-08-2022 11:27,45191659,8. Aston River,0,4.813029915713923,1,2.63943010767088065138204413970430683523,1,1001,1,1001,2986.88,2986.88,0
201824394,AUS / Angle Park (AUS) 8th Aug,R7 342m Gr6,08-08-2022 11:49,47366258,7. Magic Tale,0,8.901805956,1,5.49798473912146834398845122705712518045,1,1001,1,1001,2424.5,2424.5,0
201835560,TRP / Swindon 8th Aug,A9 476m,08-08-2022 11:43,40911975,1. Mendip Dave,0,5.864005129,1,4.33886925795053003533568904593639575972,1,1001,1,1001,4295.94,4295.94,0
201835576,TRP / Swindon 8th Aug,A5 476m,08-08-2022 13:44,39371795,5. Ardera Crystal,0,7.8,1,1,1,1001,1,1001,0,2655.58,0
201835576,TRP / Swindon 8th Aug,A5 476m,08-08-2022 13:44,42550981,2. Laganore Lar,0,7.103708539640065,1,1,1,1001,1,1001,0,2494.34,0
201830735,AUS / Hobart (AUS) 8th Aug,R1 461m Gr6,08-08-2022 10:41,46579060,7. Fine Irish,0,17.5,1,9.86072798031248211526354947633491672867,1,1001,1,1001,1922.03,1922.03,0
201830749,AUS / Hobart (AUS) 8th Aug,R8 461m Gr5,08-08-2022 13:04,37401228,7. Just Mercy,0,229.35396209134956,1,1,1,1001,1,1001,0,209.84,0
201835532,TRP / Perry Barr 8th Aug,D4 275m,08-08-2022 12:36,30409238,1. Puckane Taylor,0,16.459138770851425,1,1,1,1001,1,1001,0,1130.64,0
201835532,TRP / Perry Barr 8th Aug,D4 275m,08-08-2022 12:36,47398587,4. Ocees Megan (res),0,6.6,1,1,1,1001,1,1001,0,1933.32,0
201835538,TRP / Perry Barr 8th Aug,A9 480m,08-08-2022 13:21,43319007,2. Itz Whatitiz,0,21.595291291127218,1,9.99911923513868855388621539168506912089,1,1001,1,1001,.94,1280.6,0
201824308,AUS / Albion Park (AUS) 8th Aug,R1 520m Mdn,08-08-2022 09:43,41540116,6. Our Plumber,0,25.924355320779135,1,15.5039151546128290314336825964732941477,1,1001,1,1001,978.25,978.25,0
201824308,AUS / Albion Park (AUS) 8th Aug,R1 520m Mdn,08-08-2022 09:43,46809983,8. Motivational,0,2.9816393497370877,1,2.38216748293083065936452025380588192719,1,1001,1,1001,8289.8,8289.8,0
201824313,AUS / Albion Park (AUS) 8th Aug,R2 520m Nvce,08-08-2022 10:09,46080465,5. Hello Cyndie,0,5.8,1,4.76250066376060206707119858269008896806,1,1001,1,1001,4143.06,4143.06,0
201824328,AUS / Albion Park (AUS) 8th Aug,R5 520m Gr5,08-08-2022 11:15,43549626,2. Hes Got Gossip,0,17.314645299233813,1,9.90488151199939760980174908296849284124,1,1001,1,1001,1859.26,1859.26,0
201824333,AUS / Albion Park (AUS) 8th Aug,R6 520m Gr5,08-08-2022 11:37,5664501,4. What A Mistake,0,6.46656564938421,1,5.25896611980223438703426115330147661678,1,1001,1,1001,4829.96,4829.96,0
201824338,AUS / Albion Park (AUS) 8th Aug,R7 600m Gr4/5,08-08-2022 11:55,47366238,5. Mohawk Mindy,0,161.06001486128272,1,72.5947862129144851657940663176265270506,1,1001,1,1001,183.36,183.36,0
201835520,TRP / Perry Barr 8th Aug,D3 275m,08-08-2022 11:06,42565384,3. Isabella Ruby,0,5.487095267226323,1,3.6311129025779909687118078068428934549,1,1001,1,1001,3485.66,3485.66,0
201835530,TRP / Perry Barr 8th Aug,A7 480m,08-08-2022 12:21,36826276,4. Baby Ann,0,4.367732970505603,1,5.74993777581513682170763562997324735046,1,1001,1,1001,8,3796.82,0
201835540,TRP / Perry Barr 8th Aug,A6 480m,08-08-2022 13:36,46118728,5. Arcadio,0,5.62975566,1,1,1,1001,1,1001,0,3424.08,0
201835764,TRP / Sheffield 8th Aug,A4 500m,08-08-2022 14:04,42038401,3. Darver Cuddles,0,4.4,1,1,1,1001,1,1001,0,4083.04,0
201835768,TRP / Sheffield 8th Aug,A5 500m,08-08-2022 14:36,46612781,2. Betsys Breeze,0,4.5,1,1,1,1001,1,1001,0,4068.24,0
201835893,TRP / Yarmouth 8th Aug,A7 462m,08-08-2022 19:09,28727254,5. Hartwood Leah,0,14.5,1,1,1,1001,1,1001,0,499.8,0
201835774,TRP / Sheffield 8th Aug,D2 280m,08-08-2022 15:26,38308175,4. Magna Blades,0,3.85,1,6.39987904270944330846989027445785214411,1,1001,1,1001,8,8299.2,0
201835774,TRP / Sheffield 8th Aug,D2 280m,08-08-2022 15:26,46361442,5. High St Hero,0,9.027740440380878,1,1,1,1001,1,1001,0,2493.44,0
201835784,TRP / Sheffield 8th Aug,A8 500m,08-08-2022 17:03,43579751,2. Brumbys Memory,0,7.4,1,1,1,1001,1,1001,0,2452.26,0
201835854,SIS / Romford 8th Aug,A6 400m,08-08-2022 15:48,38652957,5. Prince Happy,0,10.909360374655808,1,1,1,1001,1,1001,0,1019,0
201821662,AUS / Shepparton (AUS) 8th Aug,R2 450m Heat,08-08-2022 10:22,47366226,7. Semantic Queen,0,40,1,30.5988673269452720294172907104705156078,1,1001,1,1001,372.57,372.57,0
201836019,RPGTV / Towcester 8th Aug,D3 270m,08-08-2022 19:07,22079692,2. Dreaming Jenny,0,5.982429544210026,1,1,1,1001,1,1001,0,2243.88,0
201836156,SIS / Suffolk Downs 8th Aug,A1 388m,08-08-2022 13:24,46870039,3. Ranches King,0,3.05,1,1,1,1001,1,1001,0,4721.88,0
201835766,TRP / Sheffield 8th Aug,A5 500m,08-08-2022 14:19,39273509,1. Lostrigg Ollie,0,3.1,1,1,1,1001,1,1001,0,13882.88,0
201835778,TRP / Sheffield 8th Aug,A3 500m,08-08-2022 16:04,38874878,5. Coolavanny Noel,0,14.61641607347876,1,1,1,1001,1,1001,0,1169.52,0
201835592,SIS / Central Park 8th Aug,D4 265m,08-08-2022 10:46,3695521,1. Fawkham Princess,0,5.860345150475116,1,4.33750676563828964664037732931261114977,1,1001,1,1001,4138.56,4138.56,0
201835592,SIS / Central Park 8th Aug,D4 265m,08-08-2022 10:46,43120138,6. Glasheen Fifi,0,4.3,1,3.88603104063885742806135181310348799263,1,1001,1,1001,4167.44,4167.44,0
201835598,SIS / Central Park 8th Aug,B2 450m,08-08-2022 11:31,41010254,4. Seekers Gift,0,22,1,15.5133923233289489417673083821595121368,1,1001,1,1001,501.78,501.78,0
201835600,SIS / Central Park 8th Aug,D2 265m,08-08-2022 11:46,46361909,3. Run Apache,0,29,1,15.3855788660406513728753120171163675265,1,1001,1,1001,673.04,673.04,0
201835816,SIS / Monmore 8th Aug,A8 480m,08-08-2022 16:18,43389059,2. Fluffy,1,3.2,1,1,1,1001,1,1001,0,10191.28,0
201835816,SIS / Monmore 8th Aug,A8 480m,08-08-2022 16:18,43870458,6. Yana Girl,0,3.824089365142863,1,1,1,1001,1,1001,0,6709.22,0
201836025,RPGTV / Towcester 8th Aug,A7 500m,08-08-2022 20:03,44699543,2. Ping,0,6.6,1,1,1,1001,1,1001,0,3074.3,0
201835596,SIS / Central Park 8th Aug,D3 265m,08-08-2022 11:16,36391602,5. Kereight Gracie,0,28,1,22.1370815358836322150522300260258832757,1,1001,1,1001,560.98,560.98,0
201820739,AUS / Maitland (AUS) 8th Aug,R1 400m Mdn,08-08-2022 09:05,44081676,4. Perpetual,0,4.187968191708204,1,2.72554173754589946434568145909373675315,1,1001,1,1001,3632.94,3632.94,0
201820745,AUS / Maitland (AUS) 8th Aug,R3 400m Gr5,08-08-2022 09:50,40434272,6. Oscar Octopus,1,32,1,16.9189750692520775623268698060941828255,1,1001,1,1001,722,722,0
201820745,AUS / Maitland (AUS) 8th Aug,R3 400m Gr5,08-08-2022 09:50,43883700,5. Glorious Purpose,0,117.01146292727788,1,51.1775581766018489002231431303793433216,1,1001,1,1001,219.59,219.59,0
201835556,TRP / Swindon 8th Aug,A6 476m,08-08-2022 11:13,41457671,6. Ballinabola Mol,0,4.7,1,3.43782575015712009821833116531957497186,1,1001,1,1001,2736.76,2736.76,0
201835556,TRP / Swindon 8th Aug,A6 476m,08-08-2022 11:13,41780034,1. Rathmeehan Stud,0,5.3,1,4.09978786049999085605603408862310491761,1,1001,1,1001,2187.24,2187.24,0
201835612,SIS / Central Park 8th Aug,D2 265m,08-08-2022 13:17,45008422,4. Flowerpot Ivy,1,3.5,1,1,1,1001,1,1001,0,6537.34,0
201836015,RPGTV / Towcester 8th Aug,D3 270m,08-08-2022 18:33,41288173,4. Sofitel,0,3.2761634181853148,1,1,1,1001,1,1001,0,3182.7,0
201835772,TRP / Sheffield 8th Aug,A6 500m,08-08-2022 15:09,2589225,6. Up To You,0,13.5,1,1,1,1001,1,1001,0,1892.38,0
201835780,TRP / Sheffield 8th Aug,A5 500m,08-08-2022 16:23,37034984,1. Tewmax Elsie,0,8.77001492248295,1,1,1,1001,1,1001,0,3112.98,0
201835780,TRP / Sheffield 8th Aug,A5 500m,08-08-2022 16:23,44768122,4. Darver Mineola,0,3.65,1,4.74992631394793092315735995787682772034,1,1001,1,1001,8,5296.26,0
201835802,SIS / Monmore 8th Aug,A5 480m,08-08-2022 14:07,44695848,4. Mums Dream,0,3.631423906,1,5.47627573858549686660698299015219337511,1,1001,1,1001,.02,3571.66,0
201830729,NZL / Addington (NZL) 8th Aug,R10 295m C1,08-08-2022 03:57,37318107,3. Just Stagger,0,50,1,35.3936046511627906976744186046511627907,1,1001,1,1001,172,172,0
201830729,NZL / Addington (NZL) 8th Aug,R10 295m C1,08-08-2022 03:57,46027089,7. Homebush Solo,0,35.773115804,1,20.6578318867594803984388652647521407351,1,1001,1,1001,343.34,343.34,0
201835860,SIS / Romford 8th Aug,A8 400m,08-08-2022 16:48,46661169,3. Young Heisman,0,6.4,1,1,1,1001,1,1001,0,2918.4,0
201835862,SIS / Romford 8th Aug,A4 400m,08-08-2022 17:08,41338426,4. Widgey Woo,0,8.4,1,1,1,1001,1,1001,0,1356.08,0
201835862,SIS / Romford 8th Aug,A4 400m,08-08-2022 17:08,41401486,6. Bang On Kathleen,0,11,1,1,1,1001,1,1001,0,1588.56,0
201835862,SIS / Romford 8th Aug,A4 400m,08-08-2022 17:08,43159367,5. Black Otter,0,7.530057534642983,1,1,1,1001,1,1001,0,1330.12,0
201835868,SIS / Romford 8th Aug,A7 400m,08-08-2022 18:02,41836070,3. Mayses Dotty,0,10,1,1,1,1001,1,1001,0,1045,0
201835868,SIS / Romford 8th Aug,A7 400m,08-08-2022 18:02,47135947,4. Pennys Chase,1,8.00145434,1,1,1,1001,1,1001,0,2812.8,0
201835868,SIS / Romford 8th Aug,A7 400m,08-08-2022 18:02,44516724,5. Swift Backbone,0,13.5,1,1,1,1001,1,1001,0,1200.4,0
201835887,TRP / Yarmouth 8th Aug,A6 462m,08-08-2022 18:19,43159368,1. Listons Wish,0,3.0287623046438963,1,1,1,1001,1,1001,0,6511.32,0
201836142,SIS / Suffolk Downs 8th Aug,A5 388m,08-08-2022 11:39,36440267,6. Munie Blue,0,15.968293847,1,6.05790071214779647022396532149860666735,1,1001,1,1001,775.12,775.12,0
201836144,SIS / Suffolk Downs 8th Aug,A4 388m,08-08-2022 11:54,35324579,6. Aghaburren Lord,0,16.721242233708324,1,9.890395674191056561668526306754784997,1,1001,1,1001,699.06,699.06,0
201830755,AUS / Cannington (AUS) 8th Aug,R1 275m Mdn,08-08-2022 06:38,46603148,4. Regal Li,0,14,1,7.98872468372383275656663073693765246497,1,1001,1,1001,705.08,705.08,0
201830779,AUS / Cannington (AUS) 8th Aug,R9 520m Gr5/6,08-08-2022 09:11,39734194,7. Fired Up Billy,0,47.33947478356125,1,28.5954219912933576744839207976407807892,1,1001,1,1001,356.05,356.05,0
201835534,TRP / Perry Barr 8th Aug,A6 480m,08-08-2022 12:51,42375261,1. Premier Lady,0,4.479305198171641,1,1,1,1001,1,1001,0,5574.94,0
201835542,TRP / Perry Barr 8th Aug,A8 480m,08-08-2022 13:51,28690230,1. Gowlane Brae,0,19,1,1,1,1001,1,1001,0,1485.4,0
201835572,TRP / Swindon 8th Aug,A6 476m,08-08-2022 13:13,41226640,6. Coillbhui Brenda,1,4.8,1,5.33747522217279333791805714309857004942,1,1001,1,1001,32,6389.78,0
201835572,TRP / Swindon 8th Aug,A6 476m,08-08-2022 13:13,42172781,5. Mohican Molly,0,5.5761632947144975,1,5.09986736929060344897842554793352435049,1,1001,1,1001,4,5586.24,0
201835574,TRP / Swindon 8th Aug,A6 476m,08-08-2022 13:28,41122682,5. Taylormade Luna,0,20,1,1,1,1001,1,1001,0,1231.09,0
201835608,SIS / Central Park 8th Aug,D4 265m,08-08-2022 12:46,38251970,1. Fairy Doll,0,4.350962454,1,2.81995777697957407388148594952597099747,1,1001,1,1001,4,3628.2,0
201835602,SIS / Central Park 8th Aug,D5 265m,08-08-2022 12:01,26806408,1. Hollyoak Megan,0,19.781832974853458,1,21.470923461906744314444307002285567229,1,1001,1,1001,295.46,1096.78,0
201835602,SIS / Central Park 8th Aug,D5 265m,08-08-2022 12:01,39972224,5. Hazelwood Dame,1,5.8,1,6.18649490457603248664742158438395645446,1,1001,1,1001,797.8,3541.54,0
201835610,SIS / Central Park 8th Aug,A2 480m,08-08-2022 13:02,41402093,5. Load The Weapon,0,4.362296822594654,1,5.99964452527425300061165651122205211209,1,1001,1,1001,2,4894.48,0
201835858,SIS / Romford 8th Aug,A9 400m,08-08-2022 16:28,44432005,4. Codename Em,0,5.348606191409053,1,1,1,1001,1,1001,0,3253.6,0
201835858,SIS / Romford 8th Aug,A9 400m,08-08-2022 16:28,46613111,5. Tornaroy Tizzy,0,18.5,1,1,1,1001,1,1001,0,1481.26,0
201835891,TRP / Yarmouth 8th Aug,A2 462m,08-08-2022 18:51,37773850,1. Fizz,0,3.05915594086684,1,1,1,1001,1,1001,0,11834.96,0
201835897,TRP / Yarmouth 8th Aug,A3 462m,08-08-2022 19:41,28118269,1. Swift Lacerate,0,3.059696365,1,1,1,1001,1,1001,0,7197.78,0
201835897,TRP / Yarmouth 8th Aug,A3 462m,08-08-2022 19:41,41024619,6. Foxwood Sparky,0,27.980079529378568,1,1,1,1001,1,1001,0,495.84,0
201835951,TRP / Nottingham 8th Aug,OR3 500m,08-08-2022 19:51,40562951,5. Clerihan Axle,0,11,1,1,1,1001,1,1001,0,2110.14,0
201835953,TRP / Nottingham 8th Aug,OR 500m,08-08-2022 20:06,47134681,6. Pennys Cooper,0,6.4,1,1,1,1001,1,1001,0,3864.64,0
201830739,AUS / Hobart (AUS) 8th Aug,R3 461m Heat,08-08-2022 11:21,40636991,3. Hes Under Wraps,0,8.2,1,5.07312985975646201579030303688932116911,1,1001,1,1001,1840.37,1840.37,0
201830739,AUS / Hobart (AUS) 8th Aug,R3 461m Heat,08-08-2022 11:21,43286109,1. Zoras River,0,7.808191622623708,1,4.18374739412367690588899254805754235629,1,1001,1,1001,3472.92,3472.92,0
201830747,AUS / Hobart (AUS) 8th Aug,R7 461m Gr3,08-08-2022 12:45,38256930,7. Little Blue Man,0,20.222624406543932,1,1,1,1001,1,1001,0,1864.02,0
201824379,AUS / Angle Park (AUS) 8th Aug,R4 530m Gr5,08-08-2022 10:47,39920735,7. Kingsville Flyer,0,13.906198104640296,1,8.93405661615167617922981040477596273699,1,1001,1,1001,1219.44,1219.44,0
201824399,AUS / Angle Park (AUS) 8th Aug,R8 342m Gr6,08-08-2022 12:11,40812613,7. Psychotic Babe,0,4.8442924531115565,1,1,1,1001,1,1001,0,3528.96,0
201824399,AUS / Angle Park (AUS) 8th Aug,R8 342m Gr6,08-08-2022 12:11,42189575,4. Sebastyan Prince,0,12.5,1,1,1,1001,1,1001,0,1436.38,0
201820635,AUS / Warrnambool (AUS) 8th Aug,R5 450m Gr6/7,08-08-2022 06:57,40569478,2. Solar Rock,0,7.484053601296619,1,3.7382494675186368477103301384451544196,1,1001,1,1001,1502.4,1502.4,0
201820748,AUS / Maitland (AUS) 8th Aug,R4 400m Gr5,08-08-2022 10:12,42456913,2. Winlock Buff,0,170,1,47.5950808227270286235970141238386767628,1,1001,1,1001,186.21,186.21,0
201820671,AUS / Ipswich (AUS) 8th Aug,R5 288m Final,08-08-2022 03:19,46447641,4. Wheres Johnson,1,3.85,1,2.82407807941139160218191044018774578206,1,1001,1,1001,3153.2,3153.2,0
201820671,AUS / Ipswich (AUS) 8th Aug,R5 288m Final,08-08-2022 03:19,47148650,1. Little Bullet,0,4.7,1,3.60840718894401737612061071953322970124,1,1001,1,1001,4696.1,4696.1,0
201820686,AUS / Ipswich (AUS) 8th Aug,R10 288m Heat,08-08-2022 05:17,43946305,2. Grand Nando,1,3.852950799,1,2.71373428965663173764883773215600354433,1,1001,1,1001,4536.82,4536.82,0
201820686,AUS / Ipswich (AUS) 8th Aug,R10 288m Heat,08-08-2022 05:17,46134350,4. Memories Keep,0,4.302715308701736,1,2.60589608538593229085607096927449807914,1,1001,1,1001,2441.62,2441.62,0
201820686,AUS / Ipswich (AUS) 8th Aug,R10 288m Heat,08-08-2022 05:17,44736396,6. Clawfoot,0,9.6,1,7.68940255741350553821152119060856177565,1,1001,1,1001,1402.98,1402.98,0
201820689,AUS / Ipswich (AUS) 8th Aug,R11 288m Heat,08-08-2022 05:42,43693024,4. Awesome Ability,1,9.449597684335899,1,6.08906308397427070834234907646005861872,1,1001,1,1001,1016.74,1016.74,0
201835800,SIS / Monmore 8th Aug,A5 480m,08-08-2022 13:49,47354129,3. Roxhill Monarch,1,3.8,1,1,1,1001,1,1001,0,7859.1,0
201835814,SIS / Monmore 8th Aug,D1 264m,08-08-2022 15:58,46019602,2. Strike Rate,0,3.85,1,1,1,1001,1,1001,0,4419.42,0
201835820,SIS / Monmore 8th Aug,A6 480m,08-08-2022 16:58,43318158,1. Rangers Ruby,0,21,1,1,1,1001,1,1001,0,1238.98,0
201836146,SIS / Suffolk Downs 8th Aug,A5 388m,08-08-2022 12:09,27237209,6. Steeple Rd Snowy,0,9.4,1,1,1,1001,1,1001,0,833.44,0
201836158,SIS / Suffolk Downs 8th Aug,A3 388m,08-08-2022 13:39,40883959,5. Lost Without You,1,5.057618490231688,1,1,1,1001,1,1001,0,1313.82,0
201820797,AUS / Nowra (AUS) 8th Aug,R2 365m Mdn,08-08-2022 09:40,46652909,5. Granny Rita,0,44,1,23.4508749113265547410735398439347363443,1,1001,1,1001,338.32,338.32,0
201820847,AUS / Nowra (AUS) 8th Aug,R12 365m M1/2/3,08-08-2022 13:16,27920827,1. Cumbria Jim,0,8.328917564329313,1,1,1,1001,1,1001,0,2684.56,0
201824374,AUS / Angle Park (AUS) 8th Aug,R3 530m Gr6,08-08-2022 10:25,39649140,1. Bow Down,0,19,1,11.2042587439032667823793501342978211754,1,1001,1,1001,1031.29,1031.29,0
201824374,AUS / Angle Park (AUS) 8th Aug,R3 530m Gr6,08-08-2022 10:25,45542198,8. Miss Scallywag,0,2.4592173738899508,1,2.05645320443787723208695434396052994064,1,1001,1,1001,12777.28,12777.28,0
201820766,AUS / Maitland (AUS) 8th Aug,R10 400m Gr5,08-08-2022 12:20,47268187,3. Nulas Biscuit,0,257.47758886940784,1,1,1,1001,1,1001,0,150.48,0
201820626,AUS / Warrnambool (AUS) 8th Aug,R2 390m Rest,08-08-2022 05:57,47366245,3. Texicali Lady,0,12.968801388196773,1,6.86557781649245063879210220673635307782,1,1001,1,1001,688.8,688.8,0
201820626,AUS / Warrnambool (AUS) 8th Aug,R2 390m Rest,08-08-2022 05:57,44653223,4. What Gambo,0,4.182284332636625,1,3.2503632189362325717715035379827218043,1,1001,1,1001,2866.04,2866.04,0
201820626,AUS / Warrnambool (AUS) 8th Aug,R2 390m Rest,08-08-2022 05:57,46579138,7. Pablos Elite,0,8.434610938890835,1,3.99906669655411325983738512012715750005,1,1001,1,1001,981.46,981.46,0
201820632,AUS / Warrnambool (AUS) 8th Aug,R4 390m Gr5,08-08-2022 06:41,39309242,7. Myola Frost,0,290,1,67.1758241758241758241758241758241758242,1,1001,1,1001,70.98,70.98,0
201820650,AUS / Warrnambool (AUS) 8th Aug,R10 390m Gr6,08-08-2022 08:43,40743772,3. Kraken Stan,0,13.11700161814224,1,8.43696372140058146884085450638351662242,1,1001,1,1001,1582.2,1582.2,0
201820650,AUS / Warrnambool (AUS) 8th Aug,R10 390m Gr6,08-08-2022 08:43,40880234,5. Soho Expresso,0,8.524126191537942,1,6.33777287004318806438947781703965449548,1,1001,1,1001,2037.6,2037.6,0
201820653,AUS / Warrnambool (AUS) 8th Aug,R11 390m Gr5,08-08-2022 09:02,36104775,6. Black Heel High,1,4.7,1,3.28581356498496491814233210825258937521,1,1001,1,1001,2095.1,2095.1,0
201820653,AUS / Warrnambool (AUS) 8th Aug,R11 390m Gr5,08-08-2022 09:02,39078664,7. Sophie,0,157.0693386457115,1,55.392998401077169065050913069090297063,1,1001,1,1001,237.66,237.66,0
201820659,AUS / Ipswich (AUS) 8th Aug,R1 288m Mdn,08-08-2022 02:06,42547254,2. Blue Sensation,0,4.3,1,3.48534175978628176118182996241988058095,1,1001,1,1001,2006.38,2006.38,0
201820659,AUS / Ipswich (AUS) 8th Aug,R1 288m Mdn,08-08-2022 02:06,47366306,8. Burn One Out,0,23,1,13.6982140735754167821644953074882192215,1,1001,1,1001,505.06,505.06,0
201820680,AUS / Ipswich (AUS) 8th Aug,R8 288m FFA,08-08-2022 04:32,40173913,9. Broccolini Pete,0,38,1,17.4627004848936963819470346885490488624,1,1001,1,1001,643.44,643.44,0
201821677,AUS / Shepparton (AUS) 8th Aug,R5 450m Gr5,08-08-2022 11:24,36994958,5. Eureka Icon,1,12.506687274724829,1,7.79541599845244706807360860639114400354,1,1001,1,1001,1602.53,1602.53,0
201821677,AUS / Shepparton (AUS) 8th Aug,R5 450m Gr5,08-08-2022 11:24,39047773,7. Gypsy Play,0,4.626763756892986,1,2.91051390799517280081843870897253164746,1,1001,1,1001,4027.18,4027.18,0
201821677,AUS / Shepparton (AUS) 8th Aug,R5 450m Gr5,08-08-2022 11:24,43693046,6. Mepunga Bounce,0,4.831201752260276,1,2.91442841767200204020765164318842960203,1,1001,1,1001,4626.98,4626.98,0
201821682,AUS / Shepparton (AUS) 8th Aug,R6 450m Gr5,08-08-2022 11:46,40687541,4. Smokin Grille,0,13,1,7.79197768992822080760548913757479487394,1,1001,1,1001,1674.58,1674.58,0
201821682,AUS / Shepparton (AUS) 8th Aug,R6 450m Gr5,08-08-2022 11:46,41844344,7. Soda Success,0,2.874095597,1,2.0272625946193043548408782284846121785,1,1001,1,1001,4462.62,4462.62,0
201821682,AUS / Shepparton (AUS) 8th Aug,R6 450m Gr5,08-08-2022 11:46,39811806,2. Kraken Candy,0,9.2,1,6.17561351217088922006954793840039741679,1,1001,1,1001,1207.8,1207.8,0
201821687,AUS / Shepparton (AUS) 8th Aug,R7 385m FFA,08-08-2022 12:08,38829847,1. Unathi Bale,0,5.2,1,6.30125037511981135423925605746808412754,1,1001,1,1001,26.94,2435.8,0
201835568,TRP / Swindon 8th Aug,A7 476m,08-08-2022 12:43,39282359,6. Ballinulty Blue,0,4.8552626904519265,1,1,1,1001,1,1001,0,2647.44,0
201835528,TRP / Perry Barr 8th Aug,A8 480m,08-08-2022 12:06,43233435,5. Shortwood Burpee,0,9,1,9.0311416640439191073068708975427441961,1,1001,1,1001,27.52,3115.72,0
201835528,TRP / Perry Barr 8th Aug,A8 480m,08-08-2022 12:06,44869718,2. Baggios Bandit,0,6.6,1,5.53654771847569205978357212858231192476,1,1001,1,1001,18.92,3394.92,0
201821702,AUS / Shepparton (AUS) 8th Aug,R10 385m Gr5,08-08-2022 13:07,42088192,5. Cracker,0,60,1,1,1,1001,1,1001,0,299.2,0
201821702,AUS / Shepparton (AUS) 8th Aug,R10 385m Gr5,08-08-2022 13:07,28364379,3. Mystic Rose,0,28,1,1,1,1001,1,1001,0,464.46,0
201835846,SIS / Romford 8th Aug,A5 400m,08-08-2022 14:32,41248604,1. Crystal Pearl,0,14,1,1,1,1001,1,1001,0,1624.44,0
201835909,TRP / Yarmouth 8th Aug,A7 462m,08-08-2022 21:16,41779945,2. Biddys Star,0,6.4,1,1,1,1001,1,1001,0,2997.72,0
201835909,TRP / Yarmouth 8th Aug,A7 462m,08-08-2022 21:16,45449979,1. Pinkys Lady,0,13,1,1,1,1001,1,1001,0,1828.24,0
201835943,TRP / Nottingham 8th Aug,A3 500m,08-08-2022 18:41,40473365,1. Farneys Lark,0,4.662007812649536,1,1,1,1001,1,1001,0,4069.76,0
201835943,TRP / Nottingham 8th Aug,A3 500m,08-08-2022 18:41,39682526,6. Burghead Hannah,0,7.364626030377974,1,1,1,1001,1,1001,0,2025.68,0
201835943,TRP / Nottingham 8th Aug,A3 500m,08-08-2022 18:41,45258083,4. Strong King,0,11.5,1,1,1,1001,1,1001,0,1395.02,0
201835947,TRP / Nottingham 8th Aug,A3 500m,08-08-2022 19:16,41934991,5. Fearful Jet,0,4.224611708898012,1,1,1,1001,1,1001,0,4308.64,0
201835947,TRP / Nottingham 8th Aug,A3 500m,08-08-2022 19:16,41837254,6. Piercestown Gift,0,17.072592520374776,1,1,1,1001,1,1001,0,1222.66,0
201835959,TRP / Nottingham 8th Aug,OR 500m,08-08-2022 20:52,37034910,3. Swift Woof,0,7.456032846,1,1,1,1001,1,1001,0,5433.65,0
201835842,SIS / Romford 8th Aug,A5 400m,08-08-2022 13:57,38690062,4. Servalan,0,32,1,1,1,1001,1,1001,0,856.22,0
201835842,SIS / Romford 8th Aug,A5 400m,08-08-2022 13:57,43189001,3. Puttfor Keely,0,4.482223084896759,1,1,1,1001,1,1001,0,3077.26,0
201835844,SIS / Romford 8th Aug,A8 400m,08-08-2022 14:12,11029282,6. Isolate,1,3.91713949617475,1,1,1,1001,1,1001,0,4978.44,0
201835852,SIS / Romford 8th Aug,A3 400m,08-08-2022 15:28,43498168,1. We,0,2.65764731150457,1,1,1,1001,1,1001,0,11439.68,0
201835852,SIS / Romford 8th Aug,A3 400m,08-08-2022 15:28,21922940,6. No Respect,0,23.096333664134143,1,1,1,1001,1,1001,0,839.2,0
201835856,SIS / Romford 8th Aug,A6 400m,08-08-2022 16:08,41338429,2. Want Her Back,0,6.8,1,1,1,1001,1,1001,0,2257,0
201835856,SIS / Romford 8th Aug,A6 400m,08-08-2022 16:08,42931074,1. Blacklabel Spot,0,3.65,1,3.94988510197527806291944928745025381261,1,1001,1,1001,4,5775.86,0
201835856,SIS / Romford 8th Aug,A6 400m,08-08-2022 16:08,43405469,3. Lokis Law,1,3.416516723593813,1,1,1,1001,1,1001,0,5607.74,0
201835945,TRP / Nottingham 8th Aug,A2 500m,08-08-2022 18:59,36061442,5. Boynepark Fran,0,16.049941950812936,1,1,1,1001,1,1001,0,638.88,0
201835957,TRP / Nottingham 8th Aug,OR 500m,08-08-2022 20:36,38335776,1. Banjo Lad,0,7.894470986754169,1,1,1,1001,1,1001,0,2895.74,0
201835866,SIS / Romford 8th Aug,A2 400m,08-08-2022 17:44,39002985,1. Bit View Rocket,0,2.853534129,1,1,1,1001,1,1001,0,5771,0
201835866,SIS / Romford 8th Aug,A2 400m,08-08-2022 17:44,36233007,3. Rough Rubi,0,11,1,1,1,1001,1,1001,0,1598.02,0
201835949,TRP / Nottingham 8th Aug,OR 500m,08-08-2022 19:34,47350449,6. Icemans Pride,0,11.79098300344776,1,1,1,1001,1,1001,0,1923.98,0
201835961,TRP / Nottingham 8th Aug,OR3 305m,08-08-2022 21:11,39835631,5. Ysbryd Gwynt,0,5.289330952731071,1,1,1,1001,1,1001,0,4525.6,0
201835999,RPGTV / Doncaster 8th Aug,B7 450m,08-08-2022 21:28,38438531,1. Mulcair Dawn,0,6.4,1,1,1,1001,1,1001,0,2382.98,0
201836023,RPGTV / Towcester 8th Aug,D4 270m,08-08-2022 19:44,42565116,2. Wessex Clare,0,3.5383020865490105,1,1,1,1001,1,1001,0,6491.9,0
201835979,RPGTV / Doncaster 8th Aug,A2 483m,08-08-2022 18:28,40547759,4. Da Real Deal,0,10.678205038110216,1,1,1,1001,1,1001,0,1158.54,0
201835985,RPGTV / Doncaster 8th Aug,D4 275m,08-08-2022 19:18,40737902,1. Be Proud,0,3.6428506932107485,1,1,1,1001,1,1001,0,4259.36,0
201835985,RPGTV / Doncaster 8th Aug,D4 275m,08-08-2022 19:18,47350443,4. Meet Mayhem,0,4.052189792459249,1,1,1,1001,1,1001,0,3474.16,0
201835991,RPGTV / Doncaster 8th Aug,B6 450m,08-08-2022 20:17,39479881,4. Bringitonmadison,0,3.6592245387451845,1,1,1,1001,1,1001,0,6742.16,0
201835995,RPGTV / Doncaster 8th Aug,B7 450m,08-08-2022 20:54,47226568,4. Foyle Soots,0,12.5,1,1,1,1001,1,1001,0,1398.82,0
201835981,RPGTV / Doncaster 8th Aug,D2 275m,08-08-2022 18:43,36017732,4. Jumeirah Ranger,0,7.4,1,1,1,1001,1,1001,0,1546.48,0
201835562,TRP / Swindon 8th Aug,D3 262m,08-08-2022 11:58,36631210,5. Gizmo Blake,1,12.112698544483225,1,8.59437242889697830654946876202314362662,1,1001,1,1001,1351.56,1351.56,0
201835562,TRP / Swindon 8th Aug,D3 262m,08-08-2022 11:58,41767094,1. Confey Blue,0,7.728641400502529,1,5.4140452263995462377329009749467578472,1,1001,1,1001,1868.82,1868.82,0
201835562,TRP / Swindon 8th Aug,D3 262m,08-08-2022 11:58,42102425,6. Carefree Pal,0,3.5,1,2.98601497881579053961001612106188381494,1,1001,1,1001,4937.64,4937.64,0
201835604,SIS / Central Park 8th Aug,A3 480m,08-08-2022 12:16,45773181,1. Anna Ban,1,2.436491544,1,4.41165203879910463604686045706637539134,1,1001,1,1001,10.4,13897.76,0
201835604,SIS / Central Park 8th Aug,A3 480m,08-08-2022 12:16,46361914,4. Diegos Bella,0,4.7,1,1,1,1001,1,1001,0,4370.52,0
201835604,SIS / Central Park 8th Aug,A3 480m,08-08-2022 12:16,44800809,6. Tuckeys Jet,0,18,1,1,1,1001,1,1001,0,868.18,0
201836136,SIS / Suffolk Downs 8th Aug,A6 388m,08-08-2022 10:53,41864883,1. Savana Kilara,0,4.12376643659314,1,3.05313696399312632378212044918674819166,1,1001,1,1001,4003.68,4003.68,0
201836140,SIS / Suffolk Downs 8th Aug,A7 388m,08-08-2022 11:24,40116055,5. Ta Fhios Agam,0,8.981016249707316,1,6.06826952379424831988708358060532182783,1,1001,1,1001,1246.94,1246.94,0
201836140,SIS / Suffolk Downs 8th Aug,A7 388m,08-08-2022 11:24,37981697,2. Moneygall Dream,0,5.7,1,3.66204844504198717242291331467236781204,1,1001,1,1001,1814.84,1814.84,0
201835522,TRP / Perry Barr 8th Aug,A4 480m,08-08-2022 11:21,40066053,3. Different Gears,0,17.5,1,11.2668272443751392292269993316997104032,1,1001,1,1001,718.24,718.24,0
201820644,AUS / Warrnambool (AUS) 8th Aug,R8 450m Gr5,08-08-2022 08:02,38849857,5. Zylon Bale,0,2.357920298524841,1,2.06294208270149465110414889170601625567,1,1001,1,1001,11579.96,11579.96,0
201820644,AUS / Warrnambool (AUS) 8th Aug,R8 450m Gr5,08-08-2022 08:02,36513012,6. Inga Zach,0,36,1,19.0663126298776264142230431770953590395,1,1001,1,1001,433.1,433.1,0
201820769,AUS / Maitland (AUS) 8th Aug,R11 400m Gr5,08-08-2022 12:42,38461697,7. Tara Swift,0,6,1,1,1,1001,1,1001,0,2708.04,0
201820769,AUS / Maitland (AUS) 8th Aug,R11 400m Gr5,08-08-2022 12:42,39519724,3. Candy Kaos,0,6.999873116592674,1,1,1,1001,1,1001,0,2958.6,0
201821672,AUS / Shepparton (AUS) 8th Aug,R4 650m Gr4/5,08-08-2022 11:06,42483533,5. Aston Samba,0,6.8,1,5.27629266844761056693380825170673790442,1,1001,1,1001,2695.2,2695.2,0
201830713,NZL / Addington (NZL) 8th Aug,R2 295m C0,08-08-2022 01:35,47366200,5. Nighthawk Zeus,1,5.2,1,3.39563211319593971085819747769916948631,1,1001,1,1001,1690.52,1690.52,0
201830727,NZL / Addington (NZL) 8th Aug,R9 295m C1,08-08-2022 03:40,47366213,7. Brendon Baxter,0,12.382322881349827,1,7.89782580238245409432233342456950411158,1,1001,1,1001,1680.62,1680.62,0
201830745,AUS / Hobart (AUS) 8th Aug,R6 461m Gr4,08-08-2022 12:23,38093410,8. Frayahs Ginger,0,6.8132470517692845,1,1,1,1001,1,1001,0,3029.28,0
201830758,AUS / Cannington (AUS) 8th Aug,R2 275m Nvce,08-08-2022 06:54,43619214,8. All Eternity,0,16.833363204,1,11.0012027904738994467163820062545104643,1,1001,1,1001,498.84,498.84,0
201830758,AUS / Cannington (AUS) 8th Aug,R2 275m Nvce,08-08-2022 06:54,41653074,4. Something Fun,0,7.8,1,5.70702191506774574884059288896971901428,1,1001,1,1001,1099.7,1099.7,0
201820763,AUS / Maitland (AUS) 8th Aug,R9 400m N/G,08-08-2022 12:02,41455118,5. Blue Zephyr,0,8.2,1,8.83069111198062908179821214104055279947,1,1001,1,1001,255.3,2305.94,0
201820802,AUS / Nowra (AUS) 8th Aug,R3 365m Gr5,08-08-2022 10:06,46548748,1. Like Elle,0,4.2,1,3.29829154241032610445905820671531718377,1,1001,1,1001,3105.14,3105.14,0
201820802,AUS / Nowra (AUS) 8th Aug,R3 365m Gr5,08-08-2022 10:06,45848339,8. More Dollars,0,7.4,1,5.45027043192207459307044901097962148075,1,1001,1,1001,2340.7,2340.7,0
201820817,AUS / Nowra (AUS) 8th Aug,R6 520m Gr5,08-08-2022 11:12,43167073,1. Rockstar Aloha,0,1.97,1,1.78000067585377227782996870797034353647,1,1001,1,1001,14796.1,14796.1,0
201820822,AUS / Nowra (AUS) 8th Aug,R7 365m Gr4/5,08-08-2022 11:34,36500175,2. Wioleta Bale,0,2.2873694768425223,1,1.89572184377871932350777909817809421344,1,1001,1,1001,13514.42,13514.42,0
201820822,AUS / Nowra (AUS) 8th Aug,R7 365m Gr4/5,08-08-2022 11:34,40879990,5. Daisys Fernando,0,32,1,17.3114112884886523855005230363396552508,1,1001,1,1001,439.74,439.74,0
201830711,NZL / Addington (NZL) 8th Aug,R1 295m C0,08-08-2022 01:18,47366195,3. Dannie Baxter,0,4.807323489,1,2.76890936450023704986292334013563374766,1,1001,1,1001,970.26,970.26,0
201830723,NZL / Addington (NZL) 8th Aug,R7 645m C0,08-08-2022 03:06,45943394,4. Grande Vue Ace,0,38,1,24.8133581857719788754271512892202547375,1,1001,1,1001,321.9,321.9,0
201830725,NZL / Addington (NZL) 8th Aug,R8 295m C1,08-08-2022 03:22,39586887,1. Homebush Bun,1,3.5312478191051557,1,2.60087140739574724856689360250810016659,1,1001,1,1001,4573.98,4573.98,0
201830731,NZL / Addington (NZL) 8th Aug,R11 295m C1,08-08-2022 04:22,46220902,5. Homebush Jaxon,0,11,1,7.13498978897208985704560925799863852961,1,1001,1,1001,763.88,763.88,0
201830753,AUS / Hobart (AUS) 8th Aug,R10 340m Gr4,08-08-2022 13:39,39890835,7. Lights Out Mick,0,22,1,1,1,1001,1,1001,0,745.22,0
201820827,AUS / Nowra (AUS) 8th Aug,R8 365m Final,08-08-2022 11:52,42472292,5. Star Fruits,0,9.769264540151198,1,5.38277014404915106480136161733571339616,1,1001,1,1001,1927.12,1927.12,0
201820827,AUS / Nowra (AUS) 8th Aug,R8 365m Final,08-08-2022 11:52,40743754,2. Perfect Skipper,0,13.208522896710779,1,8.42013043404226335416418342500042569857,1,1001,1,1001,1174.54,1174.54,0
201820832,AUS / Nowra (AUS) 8th Aug,R9 365m FFA,08-08-2022 12:14,38046163,5. Maimies Rose,0,10.5,1,1,1,1001,1,1001,0,884.48,0
201820837,AUS / Nowra (AUS) 8th Aug,R10 365m Gr5,08-08-2022 12:36,47148505,6. My Name,0,6.500746344,1,1,1,1001,1,1001,0,1356.66,0
201820842,AUS / Nowra (AUS) 8th Aug,R11 365m Gr5,08-08-2022 12:54,41191210,2. Wishful Fantasy,0,5.51399307865462,1,1,1,1001,1,1001,0,1942.24,0
201820842,AUS / Nowra (AUS) 8th Aug,R11 365m Gr5,08-08-2022 12:54,43378814,6. Big Tom,0,29,1,1,1,1001,1,1001,0,396.5,0
201830773,AUS / Cannington (AUS) 8th Aug,R7 275m Gr6,08-08-2022 08:35,35621582,6. Masked Gladiator,0,4.2,1,2.97711652666536432897050205118187145927,1,1001,1,1001,4095.2,4095.2,0
201830773,AUS / Cannington (AUS) 8th Aug,R7 275m Gr6,08-08-2022 08:35,37326032,7. Honour Rampage,0,200,1,103.908089792460821685726387124099957645,1,1001,1,1001,94.44,94.44,0
201830785,AUS / Cannington (AUS) 8th Aug,R11 380m Gr6,08-08-2022 09:53,42226419,6. Sugar Ray Gala,1,6.46121588,1,4.60744263866087489297524880799956011845,1,1001,1,1001,2546.14,2546.14,0
201821444,AUS / Ballarat (AUS) 8th Aug,R2 545m Rest,08-08-2022 02:18,47366264,1. Manson,0,4.8,1,3.7660092792431859596520929992116520413,1,1001,1,1001,1547.54,1547.54,0
201821447,AUS / Ballarat (AUS) 8th Aug,R3 450m Rest,08-08-2022 02:36,43549533,3. Luna Town,0,13.546703458401606,1,7.82449019912222520145072748056053400319,1,1001,1,1001,1417.22,1417.22,0
201821450,AUS / Ballarat (AUS) 8th Aug,R4 390m Gr5,08-08-2022 02:54,28596185,8. Belena Blaze,0,4.581100996687309,1,3.3072239093025609879542463812126733475,1,1001,1,1001,1975.8,1975.8,0
201821450,AUS / Ballarat (AUS) 8th Aug,R4 390m Gr5,08-08-2022 02:54,28246254,7. Infinite Will,0,44.15854552283015,1,33.1748344370860927152317880794701986755,1,1001,1,1001,468.1,468.1,0
201821456,AUS / Ballarat (AUS) 8th Aug,R6 545m Gr5,08-08-2022 03:31,39171488,1. Canya Dig It,0,13.348392062331548,1,7.38712408022210573320131244296891684625,1,1001,1,1001,1030.14,1030.14,0
201821456,AUS / Ballarat (AUS) 8th Aug,R6 545m Gr5,08-08-2022 03:31,41017888,4. Gamblin Ways,0,12.248549851555142,1,8.55452909321720685831820153942568816185,1,1001,1,1001,1244.62,1244.62,0
201821456,AUS / Ballarat (AUS) 8th Aug,R6 545m Gr5,08-08-2022 03:31,44887493,6. Ida Nancy,0,19.862230895,1,14.7272260493774335715202601514697702281,1,1001,1,1001,934.84,934.84,0
201821456,AUS / Ballarat (AUS) 8th Aug,R6 545m Gr5,08-08-2022 03:31,45396224,8. Our Girls Shout,0,30,1,9.58126812965064951444066086517845882205,1,1001,1,1001,634.32,634.32,0
201821462,AUS / Ballarat (AUS) 8th Aug,R8 545m Gr5,08-08-2022 04:19,45367764,4. Atticus Bale,0,2.729958279771626,1,2.2377245788621382447605544841859121238,1,1001,1,1001,5952.92,5952.92,0
201821468,AUS / Ballarat (AUS) 8th Aug,R10 390m Gr6,08-08-2022 05:07,41540178,6. Gogo Lillian,0,244.75447148818523,1,56.4373931623931623931623931623931623932,1,1001,1,1001,93.6,93.6,0
201821737,AUS / Bathurst (AUS) 8th Aug,R1 307m Mdn,08-08-2022 05:46,47366276,5. Barts Dancer,0,33.20426682878801,1,16.266799684697999802936249876835156173,1,1001,1,1001,405.96,405.96,0
201821740,AUS / Bathurst (AUS) 8th Aug,R2 307m Mdn,08-08-2022 06:11,45998467,8. Hidden Moments,0,42,1,16.6547464239271781534460338101430429129,1,1001,1,1001,153.8,153.8,0
201821740,AUS / Bathurst (AUS) 8th Aug,R2 307m Mdn,08-08-2022 06:11,47366278,2. Winlock Bottles,0,6,1,3.12587903664507195489837297858661787251,1,1001,1,1001,808.84,808.84,0
201821740,AUS / Bathurst (AUS) 8th Aug,R2 307m Mdn,08-08-2022 06:11,47366282,6. Triple Spook,0,5.079114827485464,1,2.52962301416917131816230141691713181623,1,1001,1,1001,1164.5,1164.5,0
201821743,AUS / Bathurst (AUS) 8th Aug,R3 520m Final,08-08-2022 06:27,47366284,2. Palawa King,0,1.94,1,1.67862087036137224272456761022074266232,1,1001,1,1001,9960.92,9960.92,0
201821743,AUS / Bathurst (AUS) 8th Aug,R3 520m Final,08-08-2022 06:27,47366289,8. Zipping Highland,0,10.5,1,7.24301883587097322205941687371259901043,1,1001,1,1001,941.82,941.82,0
201821746,AUS / Bathurst (AUS) 8th Aug,R4 307m Gr5,08-08-2022 06:47,41132535,1. Mobile Doll May,0,5.017109328776513,1,2.84258277814581953176755871654812944515,1,1001,1,1001,3200.12,3200.12,0
201821749,AUS / Bathurst (AUS) 8th Aug,R5 618m Gr5,08-08-2022 07:07,42182169,8. Bless Shoe,0,8.8,1,5.65372125269730310712908492710102477006,1,1001,1,1001,2437.62,2437.62,0
201821755,AUS / Bathurst (AUS) 8th Aug,R7 450m Rest,08-08-2022 07:47,42226328,8. Symbiosis,0,8.549078087,1,5.91014631588500438645141122729885347236,1,1001,1,1001,1983.38,1983.38,0
201824323,AUS / Albion Park (AUS) 8th Aug,R4 395m Gr4/5,08-08-2022 10:53,42130989,7. Springtime Jet,0,3.334077895267199,1,2.7051767853531818252523838412120646476,1,1001,1,1001,6428.7,6428.7,0
201824348,AUS / Albion Park (AUS) 8th Aug,R9 520m Gr3/4,08-08-2022 12:39,40298084,4. Bold Hornet,0,13.712947659812343,1,1,1,1001,1,1001,0,1431.08,0
201821474,AUS / Ballarat (AUS) 8th Aug,R12 450m Gr5,08-08-2022 05:52,40858037,2. Jumping Jack,0,29,1,18.3856932555476800610653726623412027698,1,1001,1,1001,366.82,366.82,0
201821474,AUS / Ballarat (AUS) 8th Aug,R12 450m Gr5,08-08-2022 05:52,39477448,4. Trust I Seek,0,100,1,35.1345306675703151474076584208742799051,1,1001,1,1001,177.06,177.06,0
201821761,AUS / Bathurst (AUS) 8th Aug,R9 450m Gr4/5,08-08-2022 08:32,41719579,5. Monkey Tail,1,4.6,1,4.05126516339329922429443802607691038125,1,1001,1,1001,3877.76,3877.76,0
201821761,AUS / Bathurst (AUS) 8th Aug,R9 450m Gr4/5,08-08-2022 08:32,39027267,7. Kooringa Wagtail,0,25.856741199,1,19.3648229230172366014520866818156625838,1,1001,1,1001,721.72,721.72,0
201821764,AUS / Bathurst (AUS) 8th Aug,R10 307m FFA,08-08-2022 08:51,37826530,2. Carlas Magic,0,110.92746810980142,1,63.9926360602922563571510758255666781728,1,1001,1,1001,173.82,173.82,0
201830782,AUS / Cannington (AUS) 8th Aug,R10 275m Gr4,08-08-2022 09:34,40733494,7. Son Of Bamsy,1,13.695921856516508,1,6.92992698554611831321710624348085233199,1,1001,1,1001,1342.2,1342.2,0
201830782,AUS / Cannington (AUS) 8th Aug,R10 275m Gr4,08-08-2022 09:34,43256844,3. Smooth Move,0,5.5,1,4.06027693935949198385010387675904511779,1,1001,1,1001,2040.88,2040.88,0
201824384,AUS / Angle Park (AUS) 8th Aug,R5 595m Gr5/6,08-08-2022 11:09,40761516,8. Closer To Rain,1,9.548693275817206,1,6.88268626947179556411049223305621725668,1,1001,1,1001,2296.27,2296.27,0
201824394,AUS / Angle Park (AUS) 8th Aug,R7 342m Gr6,08-08-2022 11:49,45848433,1. Scout Coaster,0,9.8,1,6.1940634684584448219529006941693034969,1,1001,1,1001,1842.49,1842.49,0
201824419,AUS / Angle Park (AUS) 8th Aug,R12 342m Gr5,08-08-2022 13:35,39456268,5. Ninja Whinger,0,12.340799464,1,1,1,1001,1,1001,0,1262.18,0
201824419,AUS / Angle Park (AUS) 8th Aug,R12 342m Gr5,08-08-2022 13:35,41046688,7. Juicy Que,0,39.093855768255885,1,1,1,1001,1,1001,0,527.52,0
201835578,TRP / Swindon 8th Aug,A4 476m,08-08-2022 13:59,42550982,1. Gert Empire,1,4.990621859175723,1,1,1,1001,1,1001,0,2697.26,0
201830741,AUS / Hobart (AUS) 8th Aug,R4 461m Heat,08-08-2022 11:43,42182154,9. Floria Bridge,0,217.97670618067926,1,121.103347889374090247452692867540029112,1,1001,1,1001,178.62,178.62,0
201824308,AUS / Albion Park (AUS) 8th Aug,R1 520m Mdn,08-08-2022 09:43,47366235,2. Dayseas Mickey,0,36.5183341042325,1,25.5655796013215510836402725303909325155,1,1001,1,1001,632.59,632.59,0
201824313,AUS / Albion Park (AUS) 8th Aug,R2 520m Nvce,08-08-2022 10:09,42845380,2. Shian Nessa,0,7.832578764629747,1,5.42630971271216265443341997863709612689,1,1001,1,1001,1619.63,1619.63,0
201824313,AUS / Albion Park (AUS) 8th Aug,R2 520m Nvce,08-08-2022 10:09,45431038,4. Stolen Jade,0,16.326668820630292,1,12.1627426522179777032821392375458018243,1,1001,1,1001,1026.16,1026.16,0
201824328,AUS / Albion Park (AUS) 8th Aug,R5 520m Gr5,08-08-2022 11:15,39066798,9. Golden Lester,0,88.41580448911986,1,36.3591137058832663074701489061068583762,1,1001,1,1001,644.03,644.03,0
201824328,AUS / Albion Park (AUS) 8th Aug,R5 520m Gr5,08-08-2022 11:15,45712387,1. Dayseas Rikki,0,7.591799324803798,1,5.50355209277042942562058343902880956695,1,1001,1,1001,2759.5,2759.5,0
201824338,AUS / Albion Park (AUS) 8th Aug,R7 600m Gr4/5,08-08-2022 11:55,25451730,4. Three Sore Feet,0,350,1,115.411764705882352941176470588235294118,1,1001,1,1001,92.99,92.99,0
201824343,AUS / Albion Park (AUS) 8th Aug,R8 520m Final,08-08-2022 12:17,43328514,4. Cincinati Cyndie,0,4.8410171876194354,1,1,1,1001,1,1001,0,2943.24,0
201824343,AUS / Albion Park (AUS) 8th Aug,R8 520m Final,08-08-2022 12:17,46080474,2. Ablett Hayze,0,5.1527410257687745,1,1,1,1001,1,1001,0,1987.7,0
201835530,TRP / Perry Barr 8th Aug,A7 480m,08-08-2022 12:21,43536409,2. Carneys Betty,0,6.248066913817312,1,1,1,1001,1,1001,0,2323.44,0
201835768,TRP / Sheffield 8th Aug,A5 500m,08-08-2022 14:36,40314062,5. Killure Landy,0,22.598510034145157,1,1,1,1001,1,1001,0,829.12,0
201835770,TRP / Sheffield 8th Aug,A2 500m,08-08-2022 14:54,43898955,1. Clonkeen Axel,0,3.274258825502912,1,1,1,1001,1,1001,0,5384.04,0
201835895,TRP / Yarmouth 8th Aug,A1 462m,08-08-2022 19:26,43318368,2. Marcianos Punch,0,7.094782805,1,1,1,1001,1,1001,0,1687.7,0
201835774,TRP / Sheffield 8th Aug,D2 280m,08-08-2022 15:26,40028462,6. All Shook Up,0,12.5,1,1,1,1001,1,1001,0,2432.98,0
201835774,TRP / Sheffield 8th Aug,D2 280m,08-08-2022 15:26,47353254,3. Burgess Knight,1,2.220201298,1,1,1,1001,1,1001,0,16631.82,0
201835808,SIS / Monmore 8th Aug,A10 480m,08-08-2022 15:02,39707532,5. Joes Drummer,0,9.308060474,1,1,1,1001,1,1001,0,3383.18,0
201821662,AUS / Shepparton (AUS) 8th Aug,R2 450m Heat,08-08-2022 10:22,47366222,1. Rollin Jackpot,0,1.615580377,1,1.44299249340941452194436150467905311629,1,1001,1,1001,13329.62,13329.62,0
201836156,SIS / Suffolk Downs 8th Aug,A1 388m,08-08-2022 13:24,47196955,4. Slider Mccoy,1,3.85,1,1,1,1001,1,1001,0,2648.04,0
201835778,TRP / Sheffield 8th Aug,A3 500m,08-08-2022 16:04,40802986,2. Brennans Lukaku,0,2.9110479281144217,1,1,1,1001,1,1001,0,9172.24,0
201835592,SIS / Central Park 8th Aug,D4 265m,08-08-2022 10:46,46207316,2. Hollyoak Winnie,0,2.046020160882035,1,1.90690685118805262185895864360797341475,1,1001,1,1001,18518.54,18518.54,0
201835816,SIS / Monmore 8th Aug,A8 480m,08-08-2022 16:18,42102404,3. Flyhigh Beauty,0,27.094378967359667,1,1,1,1001,1,1001,0,894.28,0
201835826,SIS / Monmore 8th Aug,A5 480m,08-08-2022 17:54,26902219,2. Aquaman,1,14,1,1,1,1001,1,1001,0,1560.84,0
201835536,TRP / Perry Barr 8th Aug,D3 275m,08-08-2022 13:06,36300386,2. Lisa Lou,0,10.5,1,1,1,1001,1,1001,0,1366.1,0
201835536,TRP / Perry Barr 8th Aug,D3 275m,08-08-2022 13:06,40896889,4. Mild View,0,10.5,1,1,1,1001,1,1001,0,1141.54,0
201835556,TRP / Swindon 8th Aug,A6 476m,08-08-2022 11:13,47382276,4. Keen Interest,1,4.5,1,3.63262858352343547893981797229604195574,1,1001,1,1001,3401.68,3401.68,0
201835614,SIS / Central Park 8th Aug,D1 265m,08-08-2022 13:33,42092472,6. Pennys Charles,1,24,1,1,1,1001,1,1001,0,649.3,0
201835810,SIS / Monmore 8th Aug,A4 480m,08-08-2022 15:18,39650786,4. Rushmoor Freeze,0,21,1,1,1,1001,1,1001,0,1023.78,0
201830715,NZL / Addington (NZL) 8th Aug,R3 295m C0,08-08-2022 01:52,46134163,4. Homebush Cheeky,0,60,1,18.0386928628708901363271852445870088212,1,1001,1,1001,99.76,99.76,0
201830721,NZL / Addington (NZL) 8th Aug,R6 295m C1,08-08-2022 02:48,41997641,6. Homebush Ice,0,50.020412472456684,1,24.6185433884297520661157024793388429752,1,1001,1,1001,154.88,154.88,0
201835860,SIS / Romford 8th Aug,A8 400m,08-08-2022 16:48,39469183,5. Cill Dubh Cooper,0,5.446296955550061,1,1,1,1001,1,1001,0,3957.38,0
201835977,RPGTV / Doncaster 8th Aug,A3 483m,08-08-2022 18:09,43340211,1. Thereurnow,0,3.2,1,1,1,1001,1,1001,0,10996.26,0
201836142,SIS / Suffolk Downs 8th Aug,A5 388m,08-08-2022 11:39,40653406,2. Blackrose Floki,0,11,1,4.32617515900285108560567292930769793114,1,1001,1,1001,547.16,547.16,0
201836154,SIS / Suffolk Downs 8th Aug,A3 388m,08-08-2022 13:09,36858017,1. Ballymac Marcel,0,10.20733355572388,1,1,1,1001,1,1001,0,1169.12,0
201836154,SIS / Suffolk Downs 8th Aug,A3 388m,08-08-2022 13:09,44133405,6. Churchfield Bull,0,8.680670054,1,1,1,1001,1,1001,0,1483.76,0
201830755,AUS / Cannington (AUS) 8th Aug,R1 275m Mdn,08-08-2022 06:38,46626161,8. Miss Flame,0,42,1,23.4155533399800598205383848454636091725,1,1001,1,1001,300.9,300.9,0
201835534,TRP / Perry Barr 8th Aug,A6 480m,08-08-2022 12:51,26031782,4. Jaxleg Eacram,1,9.390645113157955,1,1,1,1001,1,1001,0,1833.1,0
201835558,TRP / Swindon 8th Aug,A9 476m,08-08-2022 11:28,28755381,4. Millroad Silver,0,5.77913819030131,1,4.4822514981016421938612140341246969489,1,1001,1,1001,3060.54,3060.54,0
201835574,TRP / Swindon 8th Aug,A6 476m,08-08-2022 13:28,27721149,4. Moment Of Hope,0,11,1,1,1,1001,1,1001,0,2163.78,0
201835891,TRP / Yarmouth 8th Aug,A2 462m,08-08-2022 18:51,46360984,5. Eternal Story,0,4.661002816,1,1,1,1001,1,1001,0,2766.74,0
201835983,RPGTV / Doncaster 8th Aug,D4 275m,08-08-2022 18:58,20717914,4. Mollycoddler,1,2.8719664453935545,1,1,1,1001,1,1001,0,8814.14,0
201835983,RPGTV / Doncaster 8th Aug,D4 275m,08-08-2022 18:58,36115407,1. Sligo Doc,0,8.511142910210019,1,1,1,1001,1,1001,0,3433.06,0
201830733,NZL / Addington (NZL) 8th Aug,R12 295m C1,08-08-2022 04:39,47366215,5. Adobe Drake,0,3.381858963,1,2.89058353047200630843753520333445984004,1,1001,1,1001,2663.1,2663.1,0
201824404,AUS / Angle Park (AUS) 8th Aug,R9 730m S/E,08-08-2022 12:33,41810389,1. Fully Fledged,0,15.5,1,1,1,1001,1,1001,0,1572.32,0
201820635,AUS / Warrnambool (AUS) 8th Aug,R5 450m Gr6/7,08-08-2022 06:57,46426525,5. Texicali Skull,1,4.2636671825405195,1,2.60450592885375494071146245059288537549,1,1001,1,1001,3820.3,3820.3,0
201820638,AUS / Warrnambool (AUS) 8th Aug,R6 450m Gr5,08-08-2022 07:22,47366249,2. Inga Lenny,0,19.77740606359206,1,10.322114647729014458693097634496500281,1,1001,1,1001,782.92,782.92,0
201820751,AUS / Maitland (AUS) 8th Aug,R5 450m Rest,08-08-2022 10:38,45023594,1. Urunga Doll,0,59.70982248125382,1,31.472842766397830276211548069374063236,1,1001,1,1001,420.33,420.33,0
201820754,AUS / Maitland (AUS) 8th Aug,R6 450m Rest,08-08-2022 10:56,41046705,3. Dublin My Money,1,2.5844368977821954,1,2.07821317948688184275236564070120860008,1,1001,1,1001,10337.58,10337.58,0
201820662,AUS / Ipswich (AUS) 8th Aug,R2 288m Mdn,08-08-2022 02:24,47366311,5. Galway Flash,0,38,1,11.1533937870353743939666008260010773927,1,1001,1,1001,222.76,222.76,0
201820668,AUS / Ipswich (AUS) 8th Aug,R4 288m Nvce,08-08-2022 03:00,42373064,5. November,0,2.9644290797670876,1,2.38256621796412668978858326751599647448,1,1001,1,1001,6989.04,6989.04,0
201820668,AUS / Ipswich (AUS) 8th Aug,R4 288m Nvce,08-08-2022 03:00,46344834,4. Brockies Promise,1,7.095589205393335,1,4.34185778103656632313604084348310182356,1,1001,1,1001,1472.94,1472.94,0
201820686,AUS / Ipswich (AUS) 8th Aug,R10 288m Heat,08-08-2022 05:17,45565899,7. Cool Hand Jane,0,130,1,53.5702880500734495752698473526218304912,1,1001,1,1001,156.57,156.57,0
201820692,AUS / Ipswich (AUS) 8th Aug,R12 288m Heat,08-08-2022 06:07,42385462,7. Buttercup Babe,0,8.8,1,4.20881120479479886225111743193823648923,1,1001,1,1001,1575.04,1575.04,0
201835800,SIS / Monmore 8th Aug,A5 480m,08-08-2022 13:49,47354130,4. Vixons Boss,0,8.121964902350195,1,1,1,1001,1,1001,0,1827.98,0
201835814,SIS / Monmore 8th Aug,D1 264m,08-08-2022 15:58,37443854,5. Saturn Storm,0,33.11431998481527,1,1,1,1001,1,1001,0,596.23,0
201835814,SIS / Monmore 8th Aug,D1 264m,08-08-2022 15:58,40147407,1. Vostock Lady,0,11.5,1,1,1,1001,1,1001,0,1801.12,0
201835820,SIS / Monmore 8th Aug,A6 480m,08-08-2022 16:58,41913034,6. Right Kate,0,3.370418417,1,1,1,1001,1,1001,0,8930.52,0
201835820,SIS / Monmore 8th Aug,A6 480m,08-08-2022 16:58,42852637,4. Longacres Blue,0,22.519353954,1,1,1,1001,1,1001,0,1169.55,0
201835899,TRP / Yarmouth 8th Aug,A2 462m,08-08-2022 19:58,39631311,6. Saleen Zoe,0,18.5,1,1,1,1001,1,1001,0,746.06,0
201835903,TRP / Yarmouth 8th Aug,D1 277m,08-08-2022 20:27,38332677,4. Rag Doll Alan,0,15,1,1,1,1001,1,1001,0,1828.3,0
201835997,RPGTV / Doncaster 8th Aug,B7 450m,08-08-2022 21:12,45831326,6. Swift Emphasis,0,5.5,1,1,1,1001,1,1001,0,2591.06,0
201836027,RPGTV / Towcester 8th Aug,D1 270m,08-08-2022 20:23,38810983,1. Master Blake,0,14,1,1,1,1001,1,1001,0,752.56,0
201836027,RPGTV / Towcester 8th Aug,D1 270m,08-08-2022 20:23,46092397,6. Lamorna Roxy,0,17,1,1,1,1001,1,1001,0,863.34,0
201836029,RPGTV / Towcester 8th Aug,A2 500m,08-08-2022 20:43,46362389,6. Sehnsa Judge,0,2.82,1,1,1,1001,1,1001,0,15969.92,0
201836158,SIS / Suffolk Downs 8th Aug,A3 388m,08-08-2022 13:39,39999904,4. So John,0,19,1,1,1,1001,1,1001,0,278.94,0
201820760,AUS / Maitland (AUS) 8th Aug,R8 565m Gr5,08-08-2022 11:40,28490101,2. Working Bee,0,290,1,143.129504796473943479388125486129115893,1,1001,1,1001,154.28,154.28,0
201824369,AUS / Angle Park (AUS) 8th Aug,R2 530m Gr6,08-08-2022 09:59,41320970,8. Zinfandel Bart,0,8.219907738870242,1,6.42569551511818601408215572860916616747,1,1001,1,1001,2036.62,2036.62,0
201824364,AUS / Angle Park (AUS) 8th Aug,R1 342m Juv,08-08-2022 09:37,45461793,2. Way Too Soft,0,30,1,19.5690564011249134410197707776882746146,1,1001,1,1001,707.61,707.61,0
201824364,AUS / Angle Park (AUS) 8th Aug,R1 342m Juv,08-08-2022 09:37,47366255,4. Mr Zing Zang,0,160,1,58.2514933507739263134946588183998255941,1,1001,1,1001,229.35,229.35,0
201824414,AUS / Angle Park (AUS) 8th Aug,R11 342m Gr5,08-08-2022 13:10,38619078,7. Fired Up,0,17.5,1,1,1,1001,1,1001,0,910.78,0
201820623,AUS / Warrnambool (AUS) 8th Aug,R1 390m Mdn,08-08-2022 05:39,45920041,5. Talbot Hall,0,6.692142319,1,4.21112031190697995376600075906565917952,1,1001,1,1001,1159.32,1159.32,0
201820623,AUS / Warrnambool (AUS) 8th Aug,R1 390m Mdn,08-08-2022 05:39,44535322,1. Deadly Deduction,0,2.3519142288081643,1,1.91068909217394596487574950190954393371,1,1001,1,1001,4226.14,4226.14,0
201820629,AUS / Warrnambool (AUS) 8th Aug,R3 390m Gr7,08-08-2022 06:17,47366246,1. King Pop,0,2.66,1,2.27446604454913736199733378201726570286,1,1001,1,1001,6181.04,6181.04,0
201820632,AUS / Warrnambool (AUS) 8th Aug,R4 390m Gr5,08-08-2022 06:41,32614360,1. Indigo Indy,0,89.864056647,1,36.4343293954134815844336344683808200139,1,1001,1,1001,201.46,201.46,0
201820632,AUS / Warrnambool (AUS) 8th Aug,R4 390m Gr5,08-08-2022 06:41,39508373,6. Zipper Shine,0,4.5,1,2.56624358430695892494187491774752511442,1,1001,1,1001,2735.48,2735.48,0
201820632,AUS / Warrnambool (AUS) 8th Aug,R4 390m Gr5,08-08-2022 06:41,39387993,2. Cawbourne Shiny,0,10.13634430931327,1,5.11212603834863531322215976516145150209,1,1001,1,1001,640.44,640.44,0
201820650,AUS / Warrnambool (AUS) 8th Aug,R10 390m Gr6,08-08-2022 08:43,45087702,7. Deeming Rate,0,6,1,4.41170474910394265232974910394265232975,1,1001,1,1001,1428.48,1428.48,0
201820653,AUS / Warrnambool (AUS) 8th Aug,R11 390m Gr5,08-08-2022 09:02,40155663,8. Evident,0,10.91266285512538,1,7.53722775241374148641568744854427063843,1,1001,1,1001,1336.1,1336.1,0
201820653,AUS / Warrnambool (AUS) 8th Aug,R11 390m Gr5,08-08-2022 09:02,40880214,1. My Soho Star,0,9.8,1,6.73470728858518267855778362387974980624,1,1001,1,1001,1832.18,1832.18,0
201820659,AUS / Ipswich (AUS) 8th Aug,R1 288m Mdn,08-08-2022 02:06,37995091,4. Good Chat Mort,0,79.620708127,1,24.0139379474940334128878281622911694511,1,1001,1,1001,209.5,209.5,0
201820659,AUS / Ipswich (AUS) 8th Aug,R1 288m Mdn,08-08-2022 02:06,43817541,1. Chasing Bucks,0,17.089449949,1,9.74526230903633349760315398055642668339,1,1001,1,1001,446.42,446.42,0
201820659,AUS / Ipswich (AUS) 8th Aug,R1 288m Mdn,08-08-2022 02:06,38247274,6. Fire Flick,0,8.380824473200484,1,4.95500730647334560567817357144212703775,1,1001,1,1001,1053.86,1053.86,0
201820680,AUS / Ipswich (AUS) 8th Aug,R8 288m FFA,08-08-2022 04:32,37108615,7. Some Idea,0,150,1,78.5564935064935064935064935064935064935,1,1001,1,1001,123.2,123.2,0
201820683,AUS / Ipswich (AUS) 8th Aug,R9 288m Heat,08-08-2022 04:57,44782120,8. Tuta Yankee,0,27.956673484797072,1,12.2385042195494717256960595388397900193,1,1001,1,1001,601.96,601.96,0
201820683,AUS / Ipswich (AUS) 8th Aug,R9 288m Heat,08-08-2022 04:57,39318346,2. Grand Sam,0,10,1,6.5336990348348606748985357598703552324,1,1001,1,1001,1394.58,1394.58,0
201821667,AUS / Shepparton (AUS) 8th Aug,R3 385m Final,08-08-2022 10:44,41321018,5. Tiggerlong Rheve,0,24.481566187663702,1,14.1344156418649915951517296293019552331,1,1001,1,1001,1130.3,1130.3,0
201821667,AUS / Shepparton (AUS) 8th Aug,R3 385m Final,08-08-2022 10:44,42248890,3. Rev Up Freddy,0,63.419961484,1,15.4290835614652587667839916568895841481,1,1001,1,1001,306.84,306.84,0
201821677,AUS / Shepparton (AUS) 8th Aug,R5 450m Gr5,08-08-2022 11:24,38859280,4. Rock Opera,0,16,1,6.71663627407826615523276530633633067136,1,1001,1,1001,954.18,954.18,0
201821682,AUS / Shepparton (AUS) 8th Aug,R6 450m Gr5,08-08-2022 11:46,40977329,5. Kraken Alby,0,42,1,25.8505938773054643587672104096120459976,1,1001,1,1001,581.77,581.77,0
201821687,AUS / Shepparton (AUS) 8th Aug,R7 385m FFA,08-08-2022 12:08,37054215,6. All Inn Jasper,0,250,1,110.055887201534861471678774226065063252,1,1001,1,1001,3.54,68.66,0
201835566,TRP / Swindon 8th Aug,A8 476m,08-08-2022 12:28,25941798,6. Jays Swift,0,5.4,1,1,1,1001,1,1001,0,3537.8,0
201835568,TRP / Swindon 8th Aug,A7 476m,08-08-2022 12:43,38692129,5. Swift Cockatoo,0,7.5868831955938365,1,1,1,1001,1,1001,0,2706.32,0
201835570,TRP / Swindon 8th Aug,D2 262m,08-08-2022 12:58,46662075,4. Thismanisours,0,22,1,1,1,1001,1,1001,0,677.91,0
201835528,TRP / Perry Barr 8th Aug,A8 480m,08-08-2022 12:06,43121960,6. Amazing Tas,0,3.698410895122942,1,5.33419858793879570158264245953764934747,1,1001,1,1001,52.32,6631.12,0
201821702,AUS / Shepparton (AUS) 8th Aug,R10 385m Gr5,08-08-2022 13:07,41477327,2. Whiskey Road,0,3.55,1,1,1,1001,1,1001,0,3678.02,0
201821702,AUS / Shepparton (AUS) 8th Aug,R10 385m Gr5,08-08-2022 13:07,47366232,6. Basalt,0,4.288504667602757,1,1,1,1001,1,1001,0,2979.54,0
201821702,AUS / Shepparton (AUS) 8th Aug,R10 385m Gr5,08-08-2022 13:07,45280133,7. Jolene Bale,0,35.65057562669448,1,1,1,1001,1,1001,0,344.56,0
201835901,TRP / Yarmouth 8th Aug,A3 462m,08-08-2022 20:12,34039713,5. Allen Belle,0,8.4,1,1,1,1001,1,1001,0,2031.92,0
201835901,TRP / Yarmouth 8th Aug,A3 462m,08-08-2022 20:12,26849806,1. Stonepark Bird,0,11,1,1,1,1001,1,1001,0,1531.24,0
201835909,TRP / Yarmouth 8th Aug,A7 462m,08-08-2022 21:16,28727261,6. Long Look,0,12,1,1,1,1001,1,1001,0,1690.38,0
201835842,SIS / Romford 8th Aug,A5 400m,08-08-2022 13:57,41624030,1. Aero Roddick,0,7,1,1,1,1001,1,1001,0,2396.88,0
201835848,SIS / Romford 8th Aug,A5 400m,08-08-2022 14:52,39823716,3. Scottish Jim,0,9.258968253105412,1,1,1,1001,1,1001,0,2309.29,0
201835848,SIS / Romford 8th Aug,A5 400m,08-08-2022 14:52,40066023,4. Kaya Palazzo,0,3.54102684535872,1,1,1,1001,1,1001,0,6797.14,0
201835848,SIS / Romford 8th Aug,A5 400m,08-08-2022 14:52,42718020,6. Riada Lucky,0,6.2,1,1,1,1001,1,1001,0,5192.5,0
201835850,SIS / Romford 8th Aug,A11 400m,08-08-2022 15:11,39290882,1. Binksy Bleu,1,3.9,1,1,1,1001,1,1001,0,2491.92,0
201835945,TRP / Nottingham 8th Aug,A2 500m,08-08-2022 18:59,41645803,1. Cushie Maestro,1,3.807179806342756,1,1,1,1001,1,1001,0,3389.28,0
201835945,TRP / Nottingham 8th Aug,A2 500m,08-08-2022 18:59,46119142,2. Burgess Buick,0,4.6,1,1,1,1001,1,1001,0,2250.32,0
201835822,SIS / Monmore 8th Aug,A10 480m,08-08-2022 17:18,45502474,5. Relentless Jane,0,13.074606840538326,1,1,1,1001,1,1001,0,1644,0
201835889,TRP / Yarmouth 8th Aug,A4 462m,08-08-2022 18:36,39874830,4. Jungle Boy,0,6.856485274562148,1,1,1,1001,1,1001,0,2258.94,0
201835889,TRP / Yarmouth 8th Aug,A4 462m,08-08-2022 18:36,45908006,3. Shotley,1,3.479667313714308,1,1,1,1001,1,1001,0,4341.92,0
201835889,TRP / Yarmouth 8th Aug,A4 462m,08-08-2022 18:36,41656441,1. Roxholme Pip,0,5.1,1,1,1,1001,1,1001,0,1742.58,0
201835905,TRP / Yarmouth 8th Aug,A8 462m,08-08-2022 20:46,24855973,4. Somersham Joey,0,12.5,1,1,1,1001,1,1001,0,1177.24,0
201835905,TRP / Yarmouth 8th Aug,A8 462m,08-08-2022 20:46,46360979,6. Canavour Jay,0,2.053628646,1,1,1,1001,1,1001,0,15782.2,0
201835961,TRP / Nottingham 8th Aug,OR3 305m,08-08-2022 21:11,41836679,3. Micks Energy,0,4.1,1,1,1,1001,1,1001,0,7800.02,0
201835961,TRP / Nottingham 8th Aug,OR3 305m,08-08-2022 21:11,36162147,1. Ardera Nidge,0,21,1,1,1,1001,1,1001,0,973.02,0
201835963,TRP / Nottingham 8th Aug,OR3 305m,08-08-2022 21:26,39441539,6. Matts Malibu,0,3.4,1,1,1,1001,1,1001,0,8949.8,0
201835989,RPGTV / Doncaster 8th Aug,B4 450m,08-08-2022 19:56,42205312,1. Jemmapops,0,12.5,1,1,1,1001,1,1001,0,1105.65,0
201835989,RPGTV / Doncaster 8th Aug,B4 450m,08-08-2022 19:56,47350444,3. Colliers Sydney,0,6.137161325,1,1,1,1001,1,1001,0,3483.38,0
201835999,RPGTV / Doncaster 8th Aug,B7 450m,08-08-2022 21:28,41313791,6. Patricias News,1,15.5,1,1,1,1001,1,1001,0,1492.48,0
201835999,RPGTV / Doncaster 8th Aug,B7 450m,08-08-2022 21:28,45450009,4. Eden Fury,0,6.88583807618972,1,1,1,1001,1,1001,0,1726.52,0
201836023,RPGTV / Towcester 8th Aug,D4 270m,08-08-2022 19:44,47370247,4. Avion Storm,0,4.546401529,1,1,1,1001,1,1001,0,3649.26,0
201835979,RPGTV / Doncaster 8th Aug,A2 483m,08-08-2022 18:28,39479874,3. Mr Cain,0,15.871336405625105,1,1,1,1001,1,1001,0,1105.24,0
201835979,RPGTV / Doncaster 8th Aug,A2 483m,08-08-2022 18:28,44547561,2. Denzone Style,0,7.038195998551674,1,1,1,1001,1,1001,0,2307.82,0
201835993,RPGTV / Doncaster 8th Aug,B5 450m,08-08-2022 20:38,41837204,5. Swift Radha,0,6.6,1,1,1,1001,1,1001,0,2461.7,0
201835981,RPGTV / Doncaster 8th Aug,D2 275m,08-08-2022 18:43,45803324,2. Bonsers Max,0,4.5,1,1,1,1001,1,1001,0,3602.86,0
201835981,RPGTV / Doncaster 8th Aug,D2 275m,08-08-2022 18:43,47004507,6. Blastoff Barry,0,3.9014954957863894,1,1,1,1001,1,1001,0,6237.22,0
201835987,RPGTV / Doncaster 8th Aug,B5 450m,08-08-2022 19:36,39155218,1. Kroy Lad,0,12.612529225591565,1,1,1,1001,1,1001,0,1893.16,0
201836138,SIS / Suffolk Downs 8th Aug,A8 388m,08-08-2022 11:09,39580911,6. Ballygur Missile,1,3.3,1,2.60766785732774240306465807319977222136,1,1001,1,1001,3863.4,3863.4,0
201836138,SIS / Suffolk Downs 8th Aug,A8 388m,08-08-2022 11:09,43318469,1. Merrymeeting Adi,0,8.17653555840312,1,5.25325381187267750168608418519155238763,1,1001,1,1001,3024.76,3024.76,0
201836138,SIS / Suffolk Downs 8th Aug,A8 388m,08-08-2022 11:09,36176612,4. Salems Arkansas,0,50.756525691,1,24.269054818950143444211832209040862216,1,1001,1,1001,386.91,386.91,0
201836140,SIS / Suffolk Downs 8th Aug,A7 388m,08-08-2022 11:24,40591696,4. Oakgrove Hunnie,0,6.4,1,4.28846503178928247048138056312443233424,1,1001,1,1001,2025.84,2025.84,0
201836152,SIS / Suffolk Downs 8th Aug,A8 388m,08-08-2022 12:54,44903489,2. Kingswood Boy,1,5.26884906115971,1,1,1,1001,1,1001,0,2106.82,0
