EVENT_ID,MENU_HINT,EVENT_NAME,EVENT_DT,SELECTION_ID,SELECTION_NAME,WIN_LOSE,BSP,PPWAP,MORNINGWAP,PPMAX,PPMIN,IPMAX,IPMIN,MORNINGTRADEDVOL,PPTRADEDVOL,IPTRADEDVOL
116348784,GB / Chelt 15th Nov,2m Nov Hcap Hrd,15-11-2014 12:40,5819525,Coup De Grace,0,21.032558547174553,21.4720614032186994463103713252681840022,24.3265754371332823631017825485996822681,32,18.5,1000,4.6,1410.76,10817.62,2412.86
116348784,GB / Chelt 15th Nov,2m Nov Hcap Hrd,15-11-2014 12:40,6705548,Song Light,0,29.647167262758636,34.1988713925972175550994948226807270456,43.4480981203165658297620244869646627929,65,26,1000,2.26,607.22,8039.96,8515.8
116348784,GB / Chelt 15th Nov,2m Nov Hcap Hrd,15-11-2014 12:40,8882974,Under The Phone,0,56.64966644586675,61.499709450452557220056301864903131006,49.9238737726466918036351168519526970494,80,42,1000,42,726.9,4470.64,505.84
116348790,GB / Chelt 15th Nov,2m4f Hcap Chs,15-11-2014 14:30,4608159,Easter Meteor,0,17.5,15.5961837437024926992370448600722114769,14.2466832544465524685498771410704930002,20,12.73,1000,16,17101.28,68978.08,2125.26
116348790,GB / Chelt 15th Nov,2m4f Hcap Chs,15-11-2014 14:30,5557076,Johns Spirit,0,13,12.867406136930791639701958576497563391,12.9644782935024237492032324845454424134,16,9.43,110,1.15,13730.9,126474.52,62952.44
116348790,GB / Chelt 15th Nov,2m4f Hcap Chs,15-11-2014 14:30,5388842,Edgardo Sol,0,35.68330669482917,39.6818820278531721415936077112493158341,41.9143789943134004950687941305803176876,51.87,34,900,4.4,2945.02,23362.12,2448.26
116348794,GB / Chelt 15th Nov,2m Juv Hrd,15-11-2014 15:35,7546027,Glasgow Central,0,70.873521506,46.3958525669483699315864339123685936894,45.5599449081752292272838986011310835158,90,30,990,70,176.12,15448.74,332.1
116348786,GB / Chelt 15th Nov,3m Nov Chs,15-11-2014 13:15,6728606,Creepy,0,4.684199371396462,5.14908762573232889252059747529370088778,6.64398704510001337617566497716638825107,7,4.4,1000,3.9,11784.02,151638.1,34122.02
116348796,GB / Chelt 15th Nov,2m Listed NHF,15-11-2014 16:05,8409541,Storming Strumpet,0,95,52.3729743478023887537955245732194105736,47.1477156337566212118829281906721938555,110,25,1000,80,185.2,8879.96,326.16
116348796,GB / Chelt 15th Nov,2m Listed NHF,15-11-2014 16:05,8029950,Montana Belle,0,19.065896886743136,16.2272447228840249703012393814073000086,22.7221327649982422587470977476697597196,30,15.5,1000,2.02,395.5,28033.2,14238.22
116348796,GB / Chelt 15th Nov,2m Listed NHF,15-11-2014 16:05,8642735,Dancing Meadows,0,26.376520385532636,20.8832691571027765031659049150774859065,15.9420912133280301219253479556523487634,32,13,1000,22,1211.9,22443.78,1073.74
116371104,GB / Ling 15th Nov,1m Claim Stks,15-11-2014 12:20,8565303,Roly Tricks,0,7.546029468484484,8.86802298836367421073398633274909938619,9.23180288177436175059982474821379831888,12,7.4,1000,7.4,223.92,31470.32,3740.02
116371110,GB / Ling 15th Nov,6f Listed,15-11-2014 14:00,5143171,Seeking Magic,0,6,6.77654465689204406485726411859155576957,10.2248075783666705689810955654972507651,12.65,5.6,800,5,13565.46,94832.7,3707.12
116371110,GB / Ling 15th Nov,6f Listed,15-11-2014 14:00,7416048,Fresles,0,28.973861095485994,27.0231908070282296491677620343584974703,22.6537243011553914852372259460024772946,34,18.5,880,9,360.8,10913.8,3479.42
116371110,GB / Ling 15th Nov,6f Listed,15-11-2014 14:00,7697035,Aertex,0,44.277313428824705,34.5956662940245603276007381864400433067,23.0033598056382449909836694933791878082,50,20,1000,7,514.48,8478,2144.78
116371112,GB / Ling 15th Nov,1m2f Listed,15-11-2014 14:35,1300484,Battalion,1,5,5.26398550983121243585111150380324795932,6.68932788440257123209243118031461478336,7.6,4.5,7,1.01,5089.84,149653.22,71810.84
116371112,GB / Ling 15th Nov,1m2f Listed,15-11-2014 14:35,6449136,Educate,0,4.8,5.20895175275178590700270636066101558718,5.63455814678983910429320805350736432684,6.4,4.4,700,2.5,2156.34,94892.9,17187.1
116371112,GB / Ling 15th Nov,1m2f Listed,15-11-2014 14:35,8790848,Energia Fox,0,47.95219218146697,40.3423626708572154971477546939174981326,28.0669997099853834253269205583965552844,50,22,1000,3.05,196.54,4400.06,4745.1
116371102,GB / Ling 15th Nov,1m Nov Stks,15-11-2014 11:50,8877598,Chemical Charge,1,1.3199540166386425,1.35879032081901067653842400419366210685,1.45910739351336198244568359553607510047,1.77,1.29,1.3,1.01,41774.46,483577.3,83229.9
116371106,GB / Ling 15th Nov,6f Mdn Stks,15-11-2014 12:50,8698314,Deftera Fantutte,0,7.007216417774069,6.66664459113578556537700518039091821618,5.77002469605677469355322271481684842519,7.4,5.4,1000,7,407.82,52080.86,2126.48
116371116,GB / Ling 15th Nov,1m2f Hcap,15-11-2014 15:45,8770872,Kirtling,0,18.272039184251334,22.9673509192293892874429958458117494676,32.0319043509157297777639788896075248523,38,16,740,9.6,91.06,10382.52,988.52
116371116,GB / Ling 15th Nov,1m2f Hcap,15-11-2014 15:45,7300753,Dark Phantom,0,53.287610378,51.0912079989038757706584844010034180319,42.7374833964848224629315088888852838374,90,42,600,17.5,48.82,3898.68,792.2
116371148,GB / Wolv 15th Nov,7f Mdn Stks,15-11-2014 19:15,8853561,Sylvette,0,7.988853714540021,9.45803086920048976108423069344139982926,16.0083733385159136161526500397925318937,15.5,6.8,1000,7,293.94,38228.64,1793.48
116371148,GB / Wolv 15th Nov,7f Mdn Stks,15-11-2014 19:15,8992501,Lamyaa,0,20.354725745,17.6846242052522399521728363226404255029,7.29485896304710547940657871733358866575,23,4.1,1000,18.5,409.06,13838.84,526.74
116371148,GB / Wolv 15th Nov,7f Mdn Stks,15-11-2014 19:15,28124,Brosnan,0,26.11011553451608,23.2057917952194096458414602562462100591,12.6805693521364481198956127748096560094,29,8.4,1000,20,215.46,9666.06,431.76
116371156,GB / Wolv 15th Nov,1m Hcap,15-11-2014 21:15,6498894,Poor Duke,0,17.5,20.140040605678115394501264779065241648,18.288517844643617248650719841291435641,32,17,1000,3,54.32,10363.38,1898.54
116371142,GB / Wolv 15th Nov,5f Hcap,15-11-2014 17:45,7222514,Simply Black,0,16.00079872067808,11.5177741788018404049802614417905536504,6.29911860586343383750862562373210165336,18,8,1000,3,299.12,36458.94,2786.56
116371142,GB / Wolv 15th Nov,5f Hcap,15-11-2014 17:45,4121793,West Coast Dream,0,22.536791117831235,16.2305914123815200308978057613574530623,18.4915930378965405943672110112298763828,24,17.5,40,6.8,56.48,10327.94,917.7
116371142,GB / Wolv 15th Nov,5f Hcap,15-11-2014 17:45,6125104,Touch The Clouds,0,6.2,5.4138229051231082192082085347804237237,7.16135738921993821191727265031723572798,11,4.9,470,6.2,2034.28,81763.42,1583.3
116371142,GB / Wolv 15th Nov,5f Hcap,15-11-2014 17:45,7559946,Dynamo Walt,1,4.998064438303874,5.49008676015117714883157243887855726636,6.92936581083283490432033549635793301331,8.2,4.7,5.1,1.01,2781.14,79627.96,46780.56
116371146,GB / Wolv 15th Nov,7f Mdn Stks,15-11-2014 18:45,8902717,Colour Party,1,1.890001323,1.8300778748801995255185651521403959483,1.72906895805905985537880550607122639881,1.97,1.6,2,1.01,2891.62,481355.22,91447.54
116371150,GB / Wolv 15th Nov,1m Nursery,15-11-2014 19:45,8606897,Vita Mina,0,44.607154760640114,36.3847309531380373660000582636234122262,26.5679575743290871626610588781465234379,48,28,800,19,10.9,7892.54,212.4
116371150,GB / Wolv 15th Nov,1m Nursery,15-11-2014 19:45,8768739,Dubawi Diamond,0,5.1,4.26587851892630120444211314781458566537,4.87342397613492977162967805623341606107,5.1,3.8,1000,4.1,241.68,118639.08,3410.66
116371150,GB / Wolv 15th Nov,1m Nursery,15-11-2014 19:45,8782041,Thanksgiving Day,0,4.1,4.05778539031031355536831880961274877863,5.84633050589206578774342733731109099506,5.9,3.65,95,2.5,125.7,146747.96,6793.64
116371154,GB / Wolv 15th Nov,1m Mdn Stks,15-11-2014 20:45,8521308,Piccadilly Jim,0,5.327828881527497,5.14217709055559426675993931438359733221,3.15372301221686367591018818131883733351,6.2,3.3,1000,5.2,410.28,55405.06,3462.96
116371152,GB / Wolv 15th Nov,1m1f Mdn Stks,15-11-2014 20:15,8966067,Counterproof,0,16.117607123306954,15.7708303659103144359876109910119829436,24.3534945007349180835209343739002750181,22,13.5,1000,1.11,4.1,10346.7,11961.18
116380319,GB / Weth 15th Nov,2m Nov Hrd,15-11-2014 12:25,7112975,Bobs Lady Tamure,0,23.13225941446043,25.8561064901981770083673208194630526477,22.8664636721153443531530716745987897086,30,21,1000,8.6,164.88,9121.06,5232.18
116380323,GB / Weth 15th Nov,3m1f Hcap Hrd,15-11-2014 13:30,4332513,Bescot Springs,0,15.339875646362014,14.8905019290094308569490562079802546372,10.0885525874036245353480667155602049305,17,8.8,1000,12.5,595.6,10508.76,2589.14
116380323,GB / Weth 15th Nov,3m1f Hcap Hrd,15-11-2014 13:30,6850733,Mistral Reine,0,23.163550214242566,23.585310264597300248482016895315445176,14.2496155134074719535570420417822781888,27,13,1000,15,146.24,6725.3,2473.22
116380325,GB / Weth 15th Nov,3m1f Hcap Chs,15-11-2014 14:05,6119337,Key To The West,0,15,14.2857875404724737630269822796266153277,16.5362735527978557036864778158167972393,21,14,1000,13.5,776.56,18769.62,4364.12
116380327,GB / Weth 15th Nov,2m4f Nov Hrd,15-11-2014 14:40,6735797,Celtic Agent,0,14,10.4350760080876739913919128854108402419,8.94505752576041893932646587965567688009,15,7,1000,5,449.94,23283.42,7304.2
116380329,GB / Weth 15th Nov,2m Hcap Hrd,15-11-2014 15:15,4968088,Overpriced,0,21.299280605,21.5918112353104482969075496795875424304,24.9138798940700321408742192013567671844,28,18.5,1000,15,121.36,6768.54,2137.88
116380335,GB / Uttox 15th Nov,2m4f Mdn Hrd,15-11-2014 13:05,8280164,Essteepee,0,16.098753205773356,14.4286155366725607251379313194081369807,8.71814502371128593115693489509291159072,17.5,8,1000,7,479.74,12944.22,6964.96
116380339,GB / Uttox 15th Nov,2m4f Hcap Hrd,15-11-2014 14:15,3265411,Nafaath,0,3.8,3.83983868776649957232096328271497325635,3.88851364441596033859759931151772558194,4.7,3.7,1000,3,441.58,131279.86,21583.36
116380341,GB / Uttox 15th Nov,2m4f Nov Hcap Chs,15-11-2014 14:50,5530497,De Vous A Moi,0,11.979746953330544,11.2870860164051774538213367470755749375,13.5616418722092402359443966058781294231,19.5,8.2,1000,10,1165.94,33207.58,3785.42
116380333,GB / Uttox 15th Nov,2m Nov Hrd,15-11-2014 12:35,8179333,Detank,0,7.6247018205968935,6.32773373647656153864816111283330498721,6.62224125120677159798073071271738752925,7.4,5.4,1000,2.72,244.26,35632.08,10965.72
116380343,GB / Uttox 15th Nov,2m Hcap Hrd,15-11-2014 15:25,3893735,Nolecce,1,7.6,6.69314438792946258655289337999228358196,11.2118160550499781463898384149960676594,13.5,6,48,1.01,600.98,50907.56,111661.82
116380345,GB / Uttox 15th Nov,2m NHF,15-11-2014 16:00,8869826,Mota Jat,0,65,44.8678478245638490094479367939719470912,67.1871764892691420888542178897997929224,75,32,1000,24,1.04,3845.14,1103.32
116380345,GB / Uttox 15th Nov,2m NHF,15-11-2014 16:00,8996641,No Ceiling,0,37.684235459465995,24.6820463705119050033924529956396590075,19.1749479224248026944918575533373727291,120,23,510,8.6,6,6431.36,3986.26
116348788,GB / Chelt 15th Nov,3m3f Hcap Chs,15-11-2014 13:50,2387474,The Package,0,13.996872931396089,11.8180537161020139985263633089998751409,9.50943419053404514189944338180037250001,16.5,8.2,1000,9.2,8556.14,56975.08,7896.6
116348788,GB / Chelt 15th Nov,3m3f Hcap Chs,15-11-2014 13:50,2732466,Chicago Grey,0,18,13.2493330938160433816532161607660374122,11.428267868698945610180790163788158002,18,10.5,1000,8,5531.7,60065.96,8707.54
116348788,GB / Chelt 15th Nov,3m3f Hcap Chs,15-11-2014 13:50,6041856,Gevrey Chambertin,0,16.889799369605548,15.9330739081508374688857715787089570954,20.4043313540676299505284100192615021846,23,16.5,1000,13.5,3814.5,37577.44,5874.8
116348794,GB / Chelt 15th Nov,2m Juv Hrd,15-11-2014 15:35,7825757,Golden Doyen,1,2.643433226801845,2.68196708050295615427526776536623499415,3.27666233373458684075047685638539180451,3.5,2.6,14,1.01,27403,673817.2,167560.88
116348792,GB / Chelt 15th Nov,3m1f Listed Hcap Hrd,15-11-2014 15:00,6870981,Heronshaw,0,6.333496373661257,6.57779612897637607738782081563242057001,7.63047683359484263392109196684689049118,9.27,5.77,1000,6,29768.9,194105.64,8412.88
116348792,GB / Chelt 15th Nov,3m1f Listed Hcap Hrd,15-11-2014 15:00,7904830,Vivaldi Collonges,0,5.3,6.11324713963658101173922281757698788887,6.71208147546533659269504251666828632498,8.47,5.3,1000,3.65,12609.02,174784.34,19245.78
116348796,GB / Chelt 15th Nov,2m Listed NHF,15-11-2014 16:05,8470041,Kilronan High,0,28.335023382,24.4454197953152982172951324581183296799,21.5138918533282541435206877904587724469,32,18,1000,19,381.34,15342.42,1334.52
116371104,GB / Ling 15th Nov,1m Claim Stks,15-11-2014 12:20,7208974,Steventon Star,1,4.1,3.62306453946835920405402182208905587579,2.84437953849699608339688972836336355206,4.2,2.7,40,1.01,4999.64,164618.6,61158.4
116371104,GB / Ling 15th Nov,1m Claim Stks,15-11-2014 12:20,8452431,Muzaahim,0,5.152972550649066,5.06639989269939096085785295832285403106,4.23683566103240154547137256563211108896,5.4,4.4,1000,4.5,544.64,69332.54,4919.58
116371108,GB / Ling 15th Nov,1m Hcap,15-11-2014 13:25,501430,Capo Rosso,0,11.324530530462216,9.27494963382569955803983884319707489291,7.1618031907386008065320347451935758222,13.5,6.4,1000,7.6,1715.52,33034.14,3420.28
116371108,GB / Ling 15th Nov,1m Hcap,15-11-2014 13:25,5748377,Alfred Hutchinson,0,4.3,4.2452277263269092212606643703294643883,5.93961554731853240263474148043609121149,7.8,4,1000,4.2,9493.48,135026.16,7134.9
116371110,GB / Ling 15th Nov,6f Listed,15-11-2014 14:00,6180858,Counter Ridge,0,42.02014963587642,37.3108086300620108400459052804544108705,29.709699533765769272606354423405394457,48,25.3,960,20,218.1,6283,808.56
116371112,GB / Ling 15th Nov,1m2f Listed,15-11-2014 14:35,6470495,Energia Davos,0,6.901832175537131,7.63564654633344616547160705381274553653,7.69907849300649288222965225174943838802,8.4,6.2,1000,5.2,13337.66,64476.16,4874.3
116371106,GB / Ling 15th Nov,6f Mdn Stks,15-11-2014 12:50,7302303,Nelsons Pride,0,21,20.1829560693634185283804103911073782696,9.01902261623565420542286037706501707998,25,13.5,1000,8.2,90.26,14016.14,2320.96
116371114,GB / Ling 15th Nov,1m2f Hcap,15-11-2014 15:10,8652739,Saturation Point,0,4.496847462409276,4.78614318396018906344178604113220667214,5.40635861643781705475596573906108937168,6,4.2,800,3.5,597.56,68037.32,8167.86
116371156,GB / Wolv 15th Nov,1m Hcap,15-11-2014 21:15,7760745,Port Lairge,0,42.84039848365647,33.868441511468801197508243392321040514,12.2976319375762910903181808737555068869,50,15.5,970,30,44.24,7347.8,397.28
116371142,GB / Wolv 15th Nov,5f Hcap,15-11-2014 17:45,7162694,Kodafine,0,15.2470621263083,11.2590423713684891130577215789392202111,9.73279188099469873349270522980072762719,16,9,800,10,220.42,18099.68,1018.86
116371146,GB / Wolv 15th Nov,7f Mdn Stks,15-11-2014 18:45,8737110,Stellar Jet,0,110.68727455012497,78.5180346303347623470539818977083248082,40.2866867919759367746586903043582795213,110,32,1000,60,20.82,3937.24,167.04
116371146,GB / Wolv 15th Nov,7f Mdn Stks,15-11-2014 18:45,8992498,Lady Antonios,0,460.2376390958199,265.302089252910151240603810617499435994,66.9454801583372925030931301813733000228,740,55,870,55,9.04,1048.1,147.72
116371150,GB / Wolv 15th Nov,1m Nursery,15-11-2014 19:45,8553194,Winter Queen,1,3.10015051638376,2.92185370540114007910452728185441838753,2.22469172880851968986071696371785582688,3.3,2.17,10,1.01,1019.82,300369.94,64457.52
116371150,GB / Wolv 15th Nov,1m Nursery,15-11-2014 19:45,8652734,Sands Chorus,0,6.183884071727438,8.35083345155094356379019045703369320969,8.45584941323556379673544581597846660733,13.5,6,1000,5,24.1,51400.04,3095.46
116371154,GB / Wolv 15th Nov,1m Mdn Stks,15-11-2014 20:45,60888,Park Place,1,2.6611881471775263,2.80864409657202012845953285969076413218,3.37190738225111687559631309003692921155,3.4,2.5,4.9,1.08,110.04,199650.3,47363.72
116371152,GB / Wolv 15th Nov,1m1f Mdn Stks,15-11-2014 20:15,8992505,Monsart,0,107.995074003,119.932369750344980206864678474389611687,47.9295959026581381829601460110284550371,500,75,290,90,.68,1711.36,69.52
116371152,GB / Wolv 15th Nov,1m1f Mdn Stks,15-11-2014 20:15,8992504,Inexes,0,9.471001447752062,9.16095601473811255234530761518721981757,9.88790053974150498031598812146437171846,13.5,6.2,1000,1.45,7.18,18666.04,8600.62
116371152,GB / Wolv 15th Nov,1m1f Mdn Stks,15-11-2014 20:15,8992506,Mr Sundowner,0,67.34000996610085,61.0807427579664785043203319077360199152,1,110,36,1000,7,0,2239.16,820.62
116371152,GB / Wolv 15th Nov,1m1f Mdn Stks,15-11-2014 20:15,8992507,Zac Truth,0,41.149377811,33.9666409298232200159167347003313126114,22.4087140121276702624581990525773766801,50,22,800,30,30.78,3461.76,152.12
116380319,GB / Weth 15th Nov,2m Nov Hrd,15-11-2014 12:25,6725984,Musikhani,0,424.50679490687565,421.294061874630444339207263936767844117,173.396028780672634491921767094575103902,640,170,1000,170,13.18,413.38,153.66
116380323,GB / Weth 15th Nov,3m1f Hcap Hrd,15-11-2014 13:30,6263202,Oscar Oscar,0,15,15.3977366956375386690552434266641449023,10.3818634026577234964696094602034918066,18,12,1000,1.46,227.62,11238.76,36322.76
116380323,GB / Weth 15th Nov,3m1f Hcap Hrd,15-11-2014 13:30,6283245,Forty Crown,0,10,10.8632129983332648050142517069616648266,10.6288986678402551794684154573584512882,13.5,9.8,210,8,361,17823.82,5713.4
116380323,GB / Weth 15th Nov,3m1f Hcap Hrd,15-11-2014 13:30,6918047,Silver Dragon,1,6.2,5.9544038536903770231425806709967481727,6.38719862232022144430219165194366299196,8.6,5.8,14,1.01,1090.12,58942.74,104306.14
116380325,GB / Weth 15th Nov,3m1f Hcap Chs,15-11-2014 14:05,7076486,Oscar Fortune,0,5.360987795679057,5.41838299338191248125808731303222731982,7.2548441419967573237901674319752358491,7.8,5,1000,1.85,4433.12,93219.52,50083.92
116380327,GB / Weth 15th Nov,2m4f Nov Hrd,15-11-2014 14:40,7203938,Drunken Counsel,0,37.22958554569121,24.8655816245258706149002627306161963485,20.3166609377088051278796984925462438293,50,23,1000,14,92.68,8596.28,2894.22
116380327,GB / Weth 15th Nov,2m4f Nov Hrd,15-11-2014 14:40,8421836,William Wild,0,1000,847.377976197880515051925639730681613688,356.87185214770480185116083588632463405,1000,240,1000,1000,16.76,337.64,45.9
116380327,GB / Weth 15th Nov,2m4f Nov Hrd,15-11-2014 14:40,6958430,Aiaam Al Namoos,0,10.5,10.3705102604373897952899844330520708245,12.1542443345363444101048703521978338496,16.5,9.6,1000,9.8,194.94,26544.1,3829.94
116380327,GB / Weth 15th Nov,2m4f Nov Hrd,15-11-2014 14:40,5551876,Dr Irv,0,70.851339029,49.4290720475164769465772463807024684002,22.7244247921135711228403938877224602125,150,24,1000,50,57.88,3666.92,862.8
116380329,GB / Weth 15th Nov,2m Hcap Hrd,15-11-2014 15:15,4902568,War Singer,0,8.6,7.76645525760447306280091143958893710375,6.99023632524212485954623723914693699974,9.6,5.6,1000,1.56,4872.38,46230.64,78049.68
116380329,GB / Weth 15th Nov,2m Hcap Hrd,15-11-2014 15:15,6542455,Ever Fortune,0,8.882517801,8.41159495228474174264786301215779897586,8.85121638940306025084579884929768304391,9.4,8,1000,8.4,1822.44,21640.48,3717.46
116380339,GB / Uttox 15th Nov,2m4f Hcap Hrd,15-11-2014 14:15,6363298,Clara Peggotty,0,16.675698457571528,16.0723140676695208817671195790454143251,9.79500197427368476772394408782829235212,18,12,1000,10,122.22,15840.86,5074.52
116380341,GB / Uttox 15th Nov,2m4f Nov Hcap Chs,15-11-2014 14:50,6765852,Finding Your Feet,0,17.769575913,16.5136426416754404108893292790082880022,13.7660922512192135114677549817998794098,27,13.5,1000,17.5,275.62,13173.56,2863.84
116380345,GB / Uttox 15th Nov,2m NHF,15-11-2014 16:00,8996640,Local Show,0,9.081087421676788,7.26130893208472772474510335934621508557,7.4322569455533447725611282909248318757,9.2,5.6,1000,5.2,295.08,39473.02,10544.28
116348784,GB / Chelt 15th Nov,2m Nov Hcap Hrd,15-11-2014 12:40,6461590,Royal Skies,0,34.003887967574414,24.358521296026548618961358035321781296,17.6250528207599645058793022228865181013,34,14.5,1000,18,1921.68,11099.54,1757.34
116348790,GB / Chelt 15th Nov,2m4f Hcap Chs,15-11-2014 14:30,5030146,Eastlake,0,40,33.2516423509183806397765941009141386134,26.8675564416131018010977077011858223557,48,24.52,1000,32,8529.76,31145.02,1267.08
116348790,GB / Chelt 15th Nov,2m4f Hcap Chs,15-11-2014 14:30,5296083,Cantlow,0,42,31.074343491072398434485413340582716746,26.2721260947150062408219165831268650857,42,24.52,900,38,7188.32,31220.92,764.86
116348786,GB / Chelt 15th Nov,3m Nov Chs,15-11-2014 13:15,6973745,Sausalito Sunrise,0,4.1,3.9402910274730013190119230887749627434,3.66518760489729942766434112831960738655,4.3,3.4,1000,3.7,33734.96,246094.16,59877
116348792,GB / Chelt 15th Nov,3m1f Listed Hcap Hrd,15-11-2014 15:00,6180978,The Italian Yob,0,36.871903233244865,34.0634945778632294004180563477906416357,27.8102521528343231370431439511710566253,46,22.13,900,27,812.8,15823.16,2707
116348796,GB / Chelt 15th Nov,2m Listed NHF,15-11-2014 16:05,7333030,Port And Ward,0,733.511240560558,535.879128848244563419894516554300250624,197.420844451213376974620718321808126055,1000,150,1000,900,23.28,1121.44,9.82
116348796,GB / Chelt 15th Nov,2m Listed NHF,15-11-2014 16:05,7589838,Fountains Blossom,0,44,28.3630666847450577107168321713910801081,27.722931796566655162788828343405330157,46,19.5,1000,38,276.88,15207.34,756.16
116348796,GB / Chelt 15th Nov,2m Listed NHF,15-11-2014 16:05,8498573,Briery Queen,0,303.01003452915705,162.722959839670965025613393523960867091,70.6146981546487015082780243703809138034,330,55,900,11,69.74,2588.74,1751.48
116371108,GB / Ling 15th Nov,1m Hcap,15-11-2014 13:25,5551948,Ingleby Angel,0,11.639409579600034,9.78795563452191961279354602980302761406,9.09518931913748560465697779141991849448,13,8,1000,6,614.18,31145.7,6308.84
116371110,GB / Ling 15th Nov,6f Listed,15-11-2014 14:00,5875708,Intransigent,1,3.429889327128448,3.63626389989090192497335510001399588139,3.67728043217575108192953373526669989013,4,3.2,3.5,1.01,5423.86,206409.66,101029.78
116371110,GB / Ling 15th Nov,6f Listed,15-11-2014 14:00,8091268,Golden Steps,0,6.6,7.08856003680199912859867708644162302303,8.18150791852849399875693538033504073969,11,6.2,1000,6.4,6165.36,47302.08,2445.98
116371106,GB / Ling 15th Nov,6f Mdn Stks,15-11-2014 12:50,8782045,Tilsworth Annalisa,0,153.111592246,107.571994701720898244326562192455362458,30.0000985466892684851413121485793884952,200,46,1000,130,10.2,2565.46,74.4
116371106,GB / Ling 15th Nov,6f Mdn Stks,15-11-2014 12:50,8971066,Two Turns,0,10.953137892554516,10.6536843547021830589730142860218916251,9.34390643873721775466668412528554478579,13.5,7,1000,7.2,140.4,46921.86,2585.56
116371114,GB / Ling 15th Nov,1m2f Hcap,15-11-2014 15:10,4410504,Brave Decision,0,5,4.59308394720312057575465261819928253137,5.66498030295407845346968444409132744257,7,4.2,1000,4.4,7523.7,91332.46,4941.62
116371116,GB / Ling 15th Nov,1m2f Hcap,15-11-2014 15:45,7277938,Fair Ranger,0,32.913878535414256,31.8973865122781900151785184916410454032,28.6947667114113175866322104151670723877,42,27,700,8,112.88,7858.54,2889.56
116371116,GB / Ling 15th Nov,1m2f Hcap,15-11-2014 15:45,4940699,Storm Runner,0,21.523247739318613,21.0127144223230448639139823783821889341,13.477910683691695897192845221852708603,23,9.6,770,20,257.14,9805.42,748.84
116371156,GB / Wolv 15th Nov,1m Hcap,15-11-2014 21:15,60951,Indian Giver,0,23,17.7965117393346486515063310848401931831,12.6429183019409268010871562052811451074,24,11,1000,9.6,133.6,13022.42,799.58
116371156,GB / Wolv 15th Nov,1m Hcap,15-11-2014 21:15,4249343,Yorksters Prince,0,19.89885665277754,15.4371154099641680943930386021892330315,11.0795023482943893699447958522979072408,22,8.4,20,8,109.04,14687.2,1095.82
116371156,GB / Wolv 15th Nov,1m Hcap,15-11-2014 21:15,5586657,Act Your Shoe Size,0,6.6,6.7867874139284799322785895288064516896,9.23364973566026544317413682873666006863,11.5,5.6,990,5,524.78,97665.04,4633.84
116371156,GB / Wolv 15th Nov,1m Hcap,15-11-2014 21:15,6451895,Elle Rebelle,0,8.77146728088548,7.34609313658053624454123602117847619105,10.1900179803937715937511585648905874619,11.5,5.9,700,8.4,157.5,66471,1415.56
116371142,GB / Wolv 15th Nov,5f Hcap,15-11-2014 17:45,5546613,Howyadoingnotsobad,0,23.422917293513414,18.1129553753059062649094678201054754008,20.872902615454231926708265590848155521,26,15,25,17.5,96.6,9459.94,354.12
116371144,GB / Wolv 15th Nov,6f Nursery,15-11-2014 18:15,8619558,Ticks The Boxes,1,4.2013624341448494,4.84015526322514275386899709748477460788,8.14942969329106189483960251341733008439,8.4,3.95,6,1.01,568,96930.58,41443.96
116371146,GB / Wolv 15th Nov,7f Mdn Stks,15-11-2014 18:45,8930610,Misham,0,8.145304658899839,8.81151327634152582776205706129843416173,16.7030583051187161238257417257647376455,13,7.4,1000,3.1,118.24,40439.56,3811.56
116371152,GB / Wolv 15th Nov,1m1f Mdn Stks,15-11-2014 20:15,8992503,Christmas Hamper,0,5.8168729532237915,4.65519856761539210062742870828434384304,6.59405747935682490620900838879698420366,7.8,3.95,1000,5.3,38.44,102032.72,2479.24
116380319,GB / Weth 15th Nov,2m Nov Hrd,15-11-2014 12:25,7621064,Hannahs Princess,0,2.26,2.33997603589353631196565744716281840953,2.88386171266924682792536283993945004125,3.2,2.2,1000,1.07,7134.2,273049.1,133954.84
116380319,GB / Weth 15th Nov,2m Nov Hrd,15-11-2014 12:25,6363330,Poetic Verse,0,8.2,7.55860664235709421913467572299192429618,5.79370451822946225507353238237350471547,8.6,4.3,1000,8.4,1141.12,47837.34,7072.8
116380319,GB / Weth 15th Nov,2m Nov Hrd,15-11-2014 12:25,6783620,Thankyou Very Much,0,38,51.5868770708157792511499358801913925978,37.1383254899794060531309778735077889628,180,34,1000,30,95.74,4419.48,1012.46
116380319,GB / Weth 15th Nov,2m Nov Hrd,15-11-2014 12:25,6597856,Bountiful Bess,0,102.363036027737,108.468433305769189864097820323651559417,54.7546804070697373852327542582964029658,210,55,1000,48,51.94,2681.06,1506.28
116380325,GB / Weth 15th Nov,3m1f Hcap Chs,15-11-2014 14:05,6739273,What A Good Night,1,7,5.40634539920361552592161424786716090237,3.57266154462856663768572429016025260747,7.4,2.9,8.4,1.01,18263.1,129235.72,149120
116380327,GB / Weth 15th Nov,2m4f Nov Hrd,15-11-2014 14:40,5298096,Rocky Two,0,431.316807127,296.528331260406983291134468337398941009,53.355638701181934351139633915392048934,880,48,1000,180,27.12,665.46,172.94
116380327,GB / Weth 15th Nov,2m4f Nov Hrd,15-11-2014 14:40,5742014,Byron Blue,0,24.685385953463705,19.9986386621861453376453234830561276662,18.063100725072800694594458549482879316,30,13.5,1000,14,141.86,12640.98,6975.06
116380327,GB / Weth 15th Nov,2m4f Nov Hrd,15-11-2014 14:40,4848249,Politbureau,0,779.8331055544586,545.761243239932775857619371358806548251,138.923448467937193097097153407691115766,1000,160,1000,380,8.76,299.94,108.42
116380331,GB / Weth 15th Nov,2m4f Hcap Chs,15-11-2014 15:50,2744318,Oxalido,0,5.564602073769283,4.27463848260823237189588958324253900963,5.01743655675455096048696037462087761594,5.8,3.3,1000,1.52,841.22,101079.96,51839.02
116380321,GB / Weth 15th Nov,2m Nov Chs,15-11-2014 12:55,7743265,Katachenko,0,8.4,7.97120947571230902820135976355984639457,6.99953930411418844601932640380462900277,9,6.4,1000,7.2,662.74,50901.2,12516.26
116380321,GB / Weth 15th Nov,2m Nov Chs,15-11-2014 12:55,6896403,Top Gamble,1,3.2,3.3839753969894371974394204411166497228,4.66059888215307975809418733772621207943,5.1,3.1,3.4,1.01,3409.8,157181.38,180098.72
116380321,GB / Weth 15th Nov,2m Nov Chs,15-11-2014 12:55,8511196,Master of The Game,0,17.258257383296375,15.3365371358116971677441917780996667201,7.38371021461639162183057930359210172727,18.5,6.4,1000,10.5,721.36,15408.86,2936.92
116380321,GB / Weth 15th Nov,2m Nov Chs,15-11-2014 12:55,7337743,Herecomestrouble,0,42.47348593070869,36.806315222466384716947862349822371031,18.2354473694784775644832173750346023099,65,18,1000,36,150.34,5596.02,621.86
116380329,GB / Weth 15th Nov,2m Hcap Hrd,15-11-2014 15:15,4733712,Pertuis,0,11.659011497,10.0135617431568723804289037082372648247,8.32122367262485619254605659268750729157,12.5,7.6,1000,8.2,687.3,15557.76,10756.4
116380329,GB / Weth 15th Nov,2m Hcap Hrd,15-11-2014 15:15,4985426,Circus Star,0,6.14585675362585,7.04444279554982148689693497925542965611,8.27248997966204295350728237661661927445,9.2,5.8,1000,2,923.72,51692.1,72535.34
116380339,GB / Uttox 15th Nov,2m4f Hcap Hrd,15-11-2014 14:15,3231596,Proud Times,0,15.755965052323845,13.5372161997593237872164130683757216027,8.05628103656083037152301262381131750891,17,7.6,1000,7.8,163.08,20357.78,5668.38
116380339,GB / Uttox 15th Nov,2m4f Hcap Hrd,15-11-2014 14:15,6275613,Last Shadow,1,7.7729849434059,5.80450585406604809943621470075939986083,3.77439841780515433625092625925758433123,8.4,4.7,25,1.01,684.22,71851.94,109225.54
116380341,GB / Uttox 15th Nov,2m4f Nov Hcap Chs,15-11-2014 14:50,4744629,Kodicil,0,7.638349807781888,7.51922301719137845519074910792256693829,5.93732779032861424656742758752958418954,8.4,5.8,1000,7.6,1326.94,44258.88,7180.16
116380333,GB / Uttox 15th Nov,2m Nov Hrd,15-11-2014 12:35,8016383,Gunner Fifteen,1,1.5,1.67535156511089365805217183233470266564,1.79315342389410063355295735729638598353,1.95,1.48,1.59,1.01,7585.54,391946.4,227427.36
116380333,GB / Uttox 15th Nov,2m Nov Hrd,15-11-2014 12:35,8452210,Truckers Highway,0,254.305276488,152.633413138118427763410982739993263887,1,370,55,1000,160,0,1765.92,364.34
116380337,GB / Uttox 15th Nov,2m6f Hcap Chs,15-11-2014 13:40,3000842,Mohi Rahrere,0,11,12.2903958898583071050976326305476459062,12.9204459662118334286408969608308233573,15,11,1000,1.56,257.48,26634.94,41057.08
116380343,GB / Uttox 15th Nov,2m Hcap Hrd,15-11-2014 15:25,5549885,Hollywood All Star,0,4.602985614,4.70635496813915971522597417991518264739,8.47023376220257778687825396044481144801,7.8,4.5,1000,3.8,311.92,93925.78,17440.66
116380345,GB / Uttox 15th Nov,2m NHF,15-11-2014 16:00,8957634,The Bosss Dream,1,6.116271224290994,6.06215768894292845667705559148178256769,5.60012569825462766647573099632698492565,8,5.7,14.5,1.01,54.42,50232.92,90937.98
116380345,GB / Uttox 15th Nov,2m NHF,15-11-2014 16:00,8992631,Lightning Glance,0,38,29.1626548977421887868450995821290068121,41.9674786771650314001044916600555876079,60,30,1000,16,13.42,5101.5,1464.8
116380345,GB / Uttox 15th Nov,2m NHF,15-11-2014 16:00,8996643,Whitsundays,0,2.4524340102732647,2.40118541150105094986615437380163671171,2.60811501093022107125896302015644413064,2.84,2.32,1000,1.75,785.42,277787.14,104077.3
116348784,GB / Chelt 15th Nov,2m Nov Hcap Hrd,15-11-2014 12:40,6476346,Earth Amber,0,7.8,7.51146598928249435954620629531918900576,7.44686988466109427916783952331836331125,8.2,6.8,1000,7,7616.94,117000.96,12584.26
116348784,GB / Chelt 15th Nov,2m Nov Hcap Hrd,15-11-2014 12:40,6528916,Moss Street,0,500,293.32524956813192058799294937249109182,137.367395184985734886689529111704854625,580,65,1000,310,142.38,964.74,141.08
116348784,GB / Chelt 15th Nov,2m Nov Hcap Hrd,15-11-2014 12:40,7851505,Verano,0,20.38865984124285,17.2341948094057268195025255959752417159,22.1075879522529631379395726462611141445,27,15,1000,20,1394.56,26502.54,1066
116348788,GB / Chelt 15th Nov,3m3f Hcap Chs,15-11-2014 13:50,4331941,Golden Chieftain,0,21,14.504421265383203377470010216232351957,13.0562049209043885119403070215714645129,21,11.5,1000,19,6814.36,39153.1,2609.12
116348788,GB / Chelt 15th Nov,3m3f Hcap Chs,15-11-2014 13:50,4504833,Safran De Cotte,0,9,9.37863338068831460095909638491085859146,15.0319457808597699114340319303986419943,16.5,8.2,1000,4.4,12199.8,154786.36,15469.22
116348788,GB / Chelt 15th Nov,3m3f Hcap Chs,15-11-2014 13:50,6018448,The Druids Nephew,0,5.721790042185603,5.77991251111754163218872891597784207962,6.02456492468010227166491995634662978936,7,5.4,1000,1.69,64460.88,483451.34,147031.58
116348796,GB / Chelt 15th Nov,2m Listed NHF,15-11-2014 16:05,8930742,Dusky Legend,0,30,24.3860335221664580001781441318997930196,20.3413231218890746966697053356102483676,36,15.5,1000,20,448.72,16664.1,1315.18
116371104,GB / Ling 15th Nov,1m Claim Stks,15-11-2014 12:20,8525629,Kagami,0,20,14.0680726243827369405744349590454031568,13.5898757149918865425622279523894634838,20,10,1000,9.8,94.94,20907.8,1602.64
116371104,GB / Ling 15th Nov,1m Claim Stks,15-11-2014 12:20,7542182,Sexy Secret,0,3.4,3.51718031879298734662412495386312221217,5.56132037899030284525401340062085652891,6.2,3.15,1000,1.1,1261.72,146393.36,45718.42
116371108,GB / Ling 15th Nov,1m Hcap,15-11-2014 13:25,7578912,God Willing,0,4.838870227257523,4.90820232189353446738144769266784725134,8.81704521644980173383902784319191916308,11,4.6,1000,2.04,809.92,93599.72,17874.22
116371112,GB / Ling 15th Nov,1m2f Listed,15-11-2014 14:35,3502587,Tinshu,0,198.34731248143135,131.813904054328527591289580099649669712,41.6489588266634751808585007543415861741,320,27,340,160,142.92,2202.84,156.86
116371112,GB / Ling 15th Nov,1m2f Listed,15-11-2014 14:35,5662975,Niceofyoutotellme,0,10.559530680555616,8.98036139983422228918224122814103971354,8.44045301389358162832653652299528288617,10.5,7.6,770,9.2,981.08,35672.96,1314.4
116371112,GB / Ling 15th Nov,1m2f Listed,15-11-2014 14:35,7285599,Fire Fighting,0,6.2995999158278035,6.44635886542341279518720706406010685631,6.36094085396411788856417589027366620517,7.8,5.4,770,6.8,1657.8,63250.42,4384.96
116371114,GB / Ling 15th Nov,1m2f Hcap,15-11-2014 15:10,3855207,Silvee,0,80,44.1050953672553452559850332976318598165,23.9056081627475536437072524733915644229,80,25,800,30,58.22,3335.66,317.78
116371114,GB / Ling 15th Nov,1m2f Hcap,15-11-2014 15:10,7551437,Gentlemax,0,5.144448615,4.5670721794688928187517612333440642568,6.37927288289387138440420522076622617898,7.2,4.5,1000,4.6,617.9,69874.96,3753.52
116371114,GB / Ling 15th Nov,1m2f Hcap,15-11-2014 15:10,8752468,Jethou Island,0,12.5,11.9157713901793675334170193225297132749,12.2789263345349345458088002998928118507,16.5,10,1000,8.6,307,15472.4,853.82
116371116,GB / Ling 15th Nov,1m2f Hcap,15-11-2014 15:45,7002944,Innoko,0,4.644546269,4.35340888794301246872165230355704190139,4.00269909657435317763468216393385869813,4.8,3.5,1000,4,2688.34,159343.64,13877.42
116371148,GB / Wolv 15th Nov,7f Mdn Stks,15-11-2014 19:15,8992502,Salma Gondis,0,33.82378758571844,28.7927229182029351672671963247463219591,33.7238229210137403396296834253119540441,34,16.5,990,19,41.68,8134.36,553.34
116371156,GB / Wolv 15th Nov,1m Hcap,15-11-2014 21:15,10886,Robin Hood,0,12.560568441701182,13.1709381080415930658327512121238725806,8.78168400597103939383985776082113692485,16.5,8.4,500,9,141.62,16115.06,825.66
116371142,GB / Wolv 15th Nov,5f Hcap,15-11-2014 17:45,7200981,Lexington Rose,0,21,14.0437114317653695385007674002318822474,11.7775937962139022857233916475681707513,21,9.6,1000,11.5,906.36,11309.86,372.22
116371142,GB / Wolv 15th Nov,5f Hcap,15-11-2014 17:45,3855202,Oil Strike,0,11.577857445,10.9964368089511627125783623120319813926,11.7502065189766945287106506428838064764,16.5,9.6,800,10.5,1001.2,24087.84,491.36
116371144,GB / Wolv 15th Nov,6f Nursery,15-11-2014 18:15,8596867,Son of Africa,0,6.2,5.00364310093502345426097136468858592824,3.87280292111477659914845211812120856787,6.2,3.58,1000,4,1424.78,86236.9,5187.74
116371144,GB / Wolv 15th Nov,6f Nursery,15-11-2014 18:15,8772725,Bamboccianti,0,3.643608421480167,3.11481653680517803608327294177990705212,3.31427058663063263284909038658449938858,3.7,2.8,1000,2.92,273.04,215848.18,7472.06
116371144,GB / Wolv 15th Nov,6f Nursery,15-11-2014 18:15,8574764,Jaganory,0,13.5,14.0841245553642094561063259136074725999,15.4740983546671937891416467558102593785,24,11,1000,12,68.48,23375.5,846.82
116371146,GB / Wolv 15th Nov,7f Mdn Stks,15-11-2014 18:45,8846149,Yorkindred Spirit,0,15,12.923158018459967172471611229385883291,8.62563595087227515899664199176663997264,18,11,180,11,193.02,21236.16,928.04
116371154,GB / Wolv 15th Nov,1m Mdn Stks,15-11-2014 20:45,6826888,John Reel,0,5.9197892952332225,4.89513611214062417208202649061265152788,4.7504804716073758441506330890982905571,7.4,3.7,42,1.15,31.62,98474.54,16149.78
116371152,GB / Wolv 15th Nov,1m1f Mdn Stks,15-11-2014 20:15,8848605,Rewritten,0,15,12.225688421307944895952981700496882604,12.8770995437937150885729302827006349436,17.5,11.5,1000,12,12,14670.04,866.36
116380319,GB / Weth 15th Nov,2m Nov Hrd,15-11-2014 12:25,8101987,Lady Buttons,0,3.1715754028599803,3.03249732255861519888520005483041168699,2.62074514667689045073570612936387480713,3.25,2.5,1000,2.64,4445.8,166288.12,35819.38
116380319,GB / Weth 15th Nov,2m Nov Hrd,15-11-2014 12:25,8225013,Minden Dawn,0,513.7414591087253,359.039101420638367567875029738504581661,139.918263725866276734206931541910409084,760,90,1000,650,271.92,719.16,55.7
116380323,GB / Weth 15th Nov,3m1f Hcap Hrd,15-11-2014 13:30,2664023,Solway Sam,0,10,7.35433807249947006296901058010840178074,7.01250670719352875534806013427588985388,11,6.6,700,5.9,488.14,45803.56,12571.8
116380325,GB / Weth 15th Nov,3m1f Hcap Chs,15-11-2014 14:05,5846775,Shouldavboughtgold,0,2.74,2.70806239229126507534053566154912728732,3.80454207784305949684776624004198614336,4.1,2.64,1000,1.6,9627.38,358813.24,165404.9
116380327,GB / Weth 15th Nov,2m4f Nov Hrd,15-11-2014 14:40,7092694,One Track Mind,1,2.04,2.19794837000161438956808673061309106112,2.92907575399759006142642587020739252752,3,2.02,5,1.01,4555.8,351035.06,207038.48
116380327,GB / Weth 15th Nov,2m4f Nov Hrd,15-11-2014 14:40,7172109,On Vacation,0,360,288.449865576182436410449306408766898592,39.0496711081553588821166627040967514637,500,29,1000,200,32,768.92,174.72
116380329,GB / Weth 15th Nov,2m Hcap Hrd,15-11-2014 15:15,5497165,Chat Room,0,8.4,9.13204626436845575079776697170324493715,9.29097408700384763355395439359207533495,11.5,7.4,1000,6.6,773,28852.48,8064.72
116380339,GB / Uttox 15th Nov,2m4f Hcap Hrd,15-11-2014 14:15,8432224,Avel Vor,0,3.792955391610886,3.79422108707257869506274006555493867902,7.35888584889190391049297790969397814016,7.6,3.45,1000,1.5,412.6,143895.76,96066.34
116380333,GB / Uttox 15th Nov,2m Nov Hrd,15-11-2014 12:35,8424505,Carnaross,0,36.556387659493126,29.8061753277634528140731677885702059778,18.9320802728602173780425168275782269721,40,21,1000,20,40,6344.58,1829.46
116380337,GB / Uttox 15th Nov,2m6f Hcap Chs,15-11-2014 13:40,2905033,Hollins,0,13.984184707491515,17.5217413688902746632553963453590508556,24.4584907890111009821820328186185511853,46,14,1000,12,81.5,15300.92,2741.54
116380337,GB / Uttox 15th Nov,2m6f Hcap Chs,15-11-2014 13:40,5467563,Achimota,0,3.55,3.90176491000635713663485500505505119089,5.72177500328505357628242171955654892634,9.6,3.45,1000,2.08,6665.94,154528.66,52549.48
116348784,GB / Chelt 15th Nov,2m Nov Hcap Hrd,15-11-2014 12:40,6463465,Chesterfield,1,11.322532665364996,10.6356458920884336551705305764304836226,9.32771970229822184205291621185394770274,12.5,8.2,13.5,1.01,6875.58,49277.38,98623.58
116348784,GB / Chelt 15th Nov,2m Nov Hcap Hrd,15-11-2014 12:40,6327750,Diamond Dame,0,14.044413586,16.4108638694387102645646729046607283056,18.5618702393018184140907292023896981949,25,13,1000,9.6,1566.36,13438.82,3144.96
116348784,GB / Chelt 15th Nov,2m Nov Hcap Hrd,15-11-2014 12:40,7437562,Ninepointsixthree,0,263.473750565,208.957014950662183567265154259100096796,123.637999302144873254120569645890010268,350,85,1000,150,158.02,1144.12,109.04
116348788,GB / Chelt 15th Nov,3m3f Hcap Chs,15-11-2014 13:50,3893959,Restless Harry,0,36,33.728172038632346356117093228413243918,31.0912479543232305746873794059539893406,48,26,1000,29,1279.38,15756.7,1327.38
116348788,GB / Chelt 15th Nov,3m3f Hcap Chs,15-11-2014 13:50,5516991,Lamb Or Cod,0,12,11.431223543112544674449610011189221816,13.2745008488562572066727224022897333227,15.5,11,1000,9.2,4035.9,63343.32,6391.82
116348790,GB / Chelt 15th Nov,2m4f Hcap Chs,15-11-2014 14:30,3766002,Oscar Whisky,0,7.898974240733245,8.91117715601265166631805714283713554765,12.4340511446262369467375055265037102905,13.5,7.6,1000,3.6,26261,263526.54,42333.1
116348790,GB / Chelt 15th Nov,2m4f Hcap Chs,15-11-2014 14:30,5084065,Persian Snow,0,16,16.3289703778017944466706242176093202648,16.7219681632966899739358162737370254181,18.86,13.5,900,10.5,20233.6,86730.62,3717.1
116348794,GB / Chelt 15th Nov,2m Juv Hrd,15-11-2014 15:35,8992629,Baraka De Thaix,0,9.463623961366832,9.05525104988933512968379212007050309656,14.0903783115919611125695830580920809611,16,7.6,1000,2.16,1295.26,122872.7,22326.6
116348786,GB / Chelt 15th Nov,3m Nov Chs,15-11-2014 13:15,6881641,Kings Palace,1,2.5,2.41019160233064837739916326813290713664,2.3296874511369726125301807526674572812,2.52,2.16,3.05,1.01,41719.36,541626.64,345565.76
116348786,GB / Chelt 15th Nov,3m Nov Chs,15-11-2014 13:15,6865393,Knock House,0,8.8,9.45179493478522741368079572345151128606,8.69394658639432117384336475094653608438,11,8,1000,4,4464.56,58795.92,25788.28
116348792,GB / Chelt 15th Nov,3m1f Listed Hcap Hrd,15-11-2014 15:00,5975903,Katkeau,1,6.8,5.38822807060812988295682767054810210312,4.97687821389717736251289567933184806207,6.6,4.62,10,1.01,138245.12,418740.82,266897.66
116348792,GB / Chelt 15th Nov,3m1f Listed Hcap Hrd,15-11-2014 15:00,6128990,Invicta Lake,0,23.4612490311428,18.0768721794805773936899022333806231238,18.3620505981156573839725421653036957531,23,16,1000,5.3,1861.1,27437.06,5795.08
116348796,GB / Chelt 15th Nov,2m Listed NHF,15-11-2014 16:05,8474989,Chezzy,0,21,15.9928284535105606669166188788047948803,20.5158621674556653149723941320480350634,25,15.5,1000,12,580.46,28093,2854.08
116371104,GB / Ling 15th Nov,1m Claim Stks,15-11-2014 12:20,8628329,Tasaaboq,0,12.677647466436902,19.2902164320253857052174080182116157076,10.8850349820713788188458475073535202615,26,13,1000,1.98,73.32,16030.74,8871.6
116371104,GB / Ling 15th Nov,1m Claim Stks,15-11-2014 12:20,7262342,Movie Magic,0,173.21269668272691,142.220124603882191811660616708686239645,65.9365268849110733853584448220392599108,220,42,1000,36,38.74,2094.68,1640.34
116371108,GB / Ling 15th Nov,1m Hcap,15-11-2014 13:25,8168081,Big Baz,1,3.793259461550344,3.72832401806375657558811193348478043456,3.5194045321564531842973972270537689077,4.1,3.4,5.2,1.01,4426.04,240436.4,92435.78
116371112,GB / Ling 15th Nov,1m2f Listed,15-11-2014 14:35,7662174,Masterpaver,0,60,48.641258470616577753380151469529937816,33.9718976222664766795738457213375242729,70,30,1000,40,186.18,4707.44,413.66
116371102,GB / Ling 15th Nov,1m Nov Stks,15-11-2014 11:50,8339276,Natural Nine,0,4.47536282685518,4.08995789420945188822274797188466684985,3.70837996800565424748551348325524066598,4.4,3.7,1000,4.4,12706.52,83461.22,3360.26
116371116,GB / Ling 15th Nov,1m2f Hcap,15-11-2014 15:45,6718190,Seaside Rock,0,9.571763201646192,9.27715068627684375996342565320062124505,9.12616177764226145936561297742898638964,11,7.8,1000,4,685.58,30378.78,6305.42
116371148,GB / Wolv 15th Nov,7f Mdn Stks,15-11-2014 19:15,8853560,Sperry,1,1.5320382051076273,1.54972794128931798543490563693981570555,1.65168255738039946714705150506570760837,2.1,1.46,1.73,1.01,3814.46,669772.54,139460.34
116371148,GB / Wolv 15th Nov,7f Mdn Stks,15-11-2014 19:15,8421846,Keep r Lit,0,543.2214798763283,488.601647604501192514574710544222301651,165.575971000638449229391217897525404842,660,110,800,290,4.98,1554.44,87.92
116371156,GB / Wolv 15th Nov,1m Hcap,15-11-2014 21:15,4641156,Ad Vitam,0,7.6,8.26678350074609854160415871497599590094,7.30310217765207295514572751523499598273,10,7,1000,7.2,248.56,46621.38,1370.56
116371156,GB / Wolv 15th Nov,1m Hcap,15-11-2014 21:15,7579131,Oak Bluffs,1,16.232768756551884,16.3738290910536478324981773417366517798,25.5493565493763878908799257163571643703,28,13,21,1.12,24.84,20583.22,17490.46
116371142,GB / Wolv 15th Nov,5f Hcap,15-11-2014 17:45,4014792,Bilash,0,23,16.7570180182230163748831207190235294348,13.3271114543192117146464285720818799162,25,13,1000,40,127.92,8204.24,145.06
116371142,GB / Wolv 15th Nov,5f Hcap,15-11-2014 17:45,4924347,Alpha Delta Whisky,0,32,23.2864446920983085607091092760916872893,15.6935952778480023254467136364612613927,38,21,800,2.12,93.26,6454.22,5587.64
116371142,GB / Wolv 15th Nov,5f Hcap,15-11-2014 17:45,5593284,Electric Qatar,0,18,16.6645034700302240460108298724566182107,33.2491651645085069805535433665028053683,46,15.5,490,8,28.28,11630.22,636.76
116371144,GB / Wolv 15th Nov,6f Nursery,15-11-2014 18:15,279409,Snow Cloud,0,7.539610262562128,7.18388463161033788206707084490247672176,6.99204226129870969144018972566874537982,8.6,6.2,110,1.22,171.44,54973.2,12191.74
116371150,GB / Wolv 15th Nov,1m Nursery,15-11-2014 19:45,8617704,Strong Flame,0,26.532354145672507,27.447280276299964464435765439123595479,15.8098164166749016715787635447068243852,32,22,1000,5.7,22.74,10086.7,868.56
116371152,GB / Wolv 15th Nov,1m1f Mdn Stks,15-11-2014 20:15,8942292,Perche,0,3.15,3.13533325656261903478966798416053486548,4.04943384307815985909097217298461017192,3.9,2.92,1000,2.3,48.68,178560.5,17552.44
116371152,GB / Wolv 15th Nov,1m1f Mdn Stks,15-11-2014 20:15,8942293,Wolf Albarari,1,17.601492027885172,16.1935114150371079547212231271317917245,63.9758343623127968859811302681873248758,65,13.5,50,1.01,11.26,11820.68,40041.02
116380319,GB / Weth 15th Nov,2m Nov Hrd,15-11-2014 12:25,6587998,Cowslip,0,246.90098086565962,303.929816662199364173130257213402672993,139.474082464366424411011899366491050951,560,60,1000,150,50.66,844.4,329.7
116380323,GB / Weth 15th Nov,3m1f Hcap Hrd,15-11-2014 13:30,3307630,Embsay Crag,0,6,5.43195530442700062491457727723708373168,6.71025027599383268118015941408931169712,7,5,1000,3,1089.32,76674.5,20712.4
116380323,GB / Weth 15th Nov,3m1f Hcap Hrd,15-11-2014 13:30,6466232,Pay The King,0,9.947839645725072,10.4275397399893704795352704343810216467,8.82105749084568310744246449399701086604,11.5,8.4,1000,3.5,368.08,24872.26,7185.86
116380325,GB / Weth 15th Nov,3m1f Hcap Chs,15-11-2014 14:05,5936779,Presented,0,8.552718139,8.01631466527846219742790150598117979624,8.40526477205494435541014179935793799885,9.6,7.4,1000,4,1833.22,49334.02,17740.48
116380325,GB / Weth 15th Nov,3m1f Hcap Chs,15-11-2014 14:05,2989227,Deal Done,0,50,32.0686492612200814264829014676827522213,17.2247071808147679626086936281023432154,55,15,1000,20,769.52,11351.36,5720.72
116380321,GB / Weth 15th Nov,2m Nov Chs,15-11-2014 12:55,6162196,Yorkist,0,3.2,3.31509238132963600667255081749074230313,3.61412090482630754982090633407036981586,4.1,3.1,1000,3.2,6735.7,158793.94,38028.66
116380341,GB / Uttox 15th Nov,2m4f Nov Hcap Chs,15-11-2014 14:50,6194062,Pearls Legend,0,9.721346786832854,11.2977497015420532354720242268434819368,11.3298792209475561590866764802517435137,14.5,9.8,1000,4.4,328.8,17486.14,15884.66
116380341,GB / Uttox 15th Nov,2m4f Nov Hcap Chs,15-11-2014 14:50,8234346,Lily Little Legs,0,17.676100208222636,12.8863493649290363702990901422753753289,8.65620410552585140909486145151767429817,17,8.2,1000,17,1408.58,17131.6,1564.74
116380337,GB / Uttox 15th Nov,2m6f Hcap Chs,15-11-2014 13:40,2701172,Fredo,0,7.776635537899557,7.02994871481161853511955208945704542308,4.35923654522234802709354338971957929967,8,4.3,1000,2.14,1901.16,62709.04,23889.54
116380343,GB / Uttox 15th Nov,2m Hcap Hrd,15-11-2014 15:25,7700039,Love Tangle,0,24,16.6407908075625561271802461711648529636,11.6923098779731583915445926483946996988,28,14,1000,24,118.9,12938.08,1750.26
116380343,GB / Uttox 15th Nov,2m Hcap Hrd,15-11-2014 15:25,8336319,Bus Named Desire,0,22.355371020567983,21.0629662477525311166393312862106985148,14.2467438663583338715079585591970785453,25,14.5,1000,1.36,108,8553.56,33920.92
116380343,GB / Uttox 15th Nov,2m Hcap Hrd,15-11-2014 15:25,5942938,Its Oscar,0,5.5,5.26780863800022199677216431763648065605,7.71187369721760636792057518623850363304,7.6,5.3,1000,4.2,207.86,50935.06,13607.7
116380345,GB / Uttox 15th Nov,2m NHF,15-11-2014 16:00,8996642,Officer Hoolihan,0,5.42278041472662,5.4074052858375494389073336753072044143,5.20244670232715672268893777433637005493,6.4,5.1,670,1.66,314.54,68961.96,48092.98
116348784,GB / Chelt 15th Nov,2m Nov Hcap Hrd,15-11-2014 12:40,6761520,Vengeur De Guye,0,67.35607850046941,75.9408172204762565368628367364620541975,59.4767854521650518396286130178811612442,130,36,1000,11.5,457.18,3110.5,1326.1
116348784,GB / Chelt 15th Nov,2m Nov Hcap Hrd,15-11-2014 12:40,6966308,Anteros,0,19.42554535255767,22.5004560292876200249849774203144645587,29.0644978095972948881449932764083032418,34,18.5,1000,15,926.06,10827,1186.4
116348788,GB / Chelt 15th Nov,3m3f Hcap Chs,15-11-2014 13:50,1323979,Pigeon Island,0,32,22.0142713707751563123487737209578168292,20.7082013250668358933689336584617747854,34,18.5,1000,11,2237.94,26477.1,3733.56
116348788,GB / Chelt 15th Nov,3m3f Hcap Chs,15-11-2014 13:50,5207272,Saint Are,0,13.52483828149008,13.0561347295536267305601967344626724171,17.7784125029091944465254174779194695371,19.5,12.5,1000,3.2,6513.76,55234.28,13411.8
116348788,GB / Chelt 15th Nov,3m3f Hcap Chs,15-11-2014 13:50,5838196,Master Neo,0,8.661714699125106,9.82700394522099549130060188449682178673,13.429815839838133000588785696519433667,14.5,8.6,1000,4.2,3751.94,91185.6,17507.92
116348790,GB / Chelt 15th Nov,2m4f Hcap Chs,15-11-2014 14:30,5579191,Kapga De Cerisy,0,35.783030735561944,28.5445922625803000852673528303627634813,23.110980174330562215692147570591602302,40,21,1000,26,12462.06,45812.52,983.6
116348790,GB / Chelt 15th Nov,2m4f Hcap Chs,15-11-2014 14:30,6483690,Caid Du Berlais,1,13,13.5214256154490461901979164955442755255,15.9655104999933152436291282353285432007,17.92,12,17.5,1.02,14932.6,140756.1,55700
116348790,GB / Chelt 15th Nov,2m4f Hcap Chs,15-11-2014 14:30,6898489,Shanpallas,0,31.99159606,28.307741928835343667918458227013414885,22.8962097454994457401071929846763252135,36,17.92,1000,2,3943.42,31047.96,10457.78
116348790,GB / Chelt 15th Nov,2m4f Hcap Chs,15-11-2014 14:30,6799928,King Massini,0,30.857625834611245,27.5551588624502056215988325132529866762,26.6751666357100127126652287811383036086,61.3,24,900,20,32337.24,68625.1,1466.8
116348790,GB / Chelt 15th Nov,2m4f Hcap Chs,15-11-2014 14:30,7021046,Indian Castle,0,10.50236196757112,10.2212463565099171730800949867578045034,11.8338603298344861569816642045754503648,13.2,9.2,1000,8,27289.12,197153.98,6307.64
116348794,GB / Chelt 15th Nov,2m Juv Hrd,15-11-2014 15:35,7286542,Unanimite,0,15.5,12.3281251843817430931266837898225948921,8.9148346316376378399570841944890453559,16.5,8,1000,4,1339.66,72802.42,11569.08
116348794,GB / Chelt 15th Nov,2m Juv Hrd,15-11-2014 15:35,8440870,Magic Magnolia,0,287.17937813980404,128.06239565929783112210661718973633031,59.390507122756072988462321590970802901,330,48,900,100,107.18,7118.56,1097.6
116348786,GB / Chelt 15th Nov,3m Nov Chs,15-11-2014 13:15,7076677,Drop Out Joe,0,34.81066601210513,35.515546571424215171981575740615860951,25.2259021576635499461734653880638155169,44,19,1000,13,843.98,17988.44,9446.08
116348792,GB / Chelt 15th Nov,3m1f Listed Hcap Hrd,15-11-2014 15:00,1390715,Big Easy,0,3.8641770095548056,4.95559411855000224401666059397030519529,6.7370677440248735868334232577031730176,7.5,3.7,1000,1.1,21646.6,434047.3,163622.98
116348792,GB / Chelt 15th Nov,3m1f Listed Hcap Hrd,15-11-2014 15:00,7084580,Cannon Fodder,0,36.63220710063362,38.1095787637008285128691965852054668935,36.6231613726981061614001169422705023863,44.25,25.97,900,30,231.14,11756.72,1084.46
116348796,GB / Chelt 15th Nov,2m Listed NHF,15-11-2014 16:05,8079313,Bitofapuzzle,1,4.986663604,5.32521541434641053459503522099818152991,5.14493532608818942805090009157278026258,6.8,4.6,4.9,1.01,8013.76,182241.4,123376.84
116348796,GB / Chelt 15th Nov,2m Listed NHF,15-11-2014 16:05,8371181,Miss Estela,0,6,6.18918182707805998160342588876186369386,5.7995603646598006281742397275250367502,7.4,5.4,1000,5.2,2545.7,124410.9,11957.3
116348796,GB / Chelt 15th Nov,2m Listed NHF,15-11-2014 16:05,8404487,Aces Over Eights,0,132.978745033,113.543526893811669481183379883694636584,52.7433617732557744880483167049037291783,180,46,1000,110,120.8,3667.76,462.26
116371108,GB / Ling 15th Nov,1m Hcap,15-11-2014 13:25,5742461,George Guru,0,39.58865565125532,32.2612882558578215079397066320956967867,24.9757864305995027116425014695499496723,46,24,1000,9.6,168.92,7618.58,1965.78
116371110,GB / Ling 15th Nov,6f Listed,15-11-2014 14:00,3932559,Medicean Man,0,8.85180967359367,7.52491132348962672744174126152457017592,5.31377915063873170175780447010165613876,8.8,4.97,770,7.4,2119.32,47060.98,2497.78
116371110,GB / Ling 15th Nov,6f Listed,15-11-2014 14:00,8530895,Polybius,0,5.2,5.15550681483474408798225217697612368064,5.05614544158820800818259965025198977572,6.4,4.6,1000,4,4413.48,101631.46,7223.18
116371112,GB / Ling 15th Nov,1m2f Listed,15-11-2014 14:35,7791407,Snowmane,0,15.130597359,12.2944279467795829623250822225993104485,9.08217661044425214198909056031215972271,16,8.4,1000,5,1812.86,28503.86,6645.66
116371102,GB / Ling 15th Nov,1m Nov Stks,15-11-2014 11:50,8642445,Prince of Paris,0,52.22052314622617,50.7857102250136517337461177143494020427,24.1723566738618056159840438694769442352,85,7,1000,55,1083.02,6500.32,415.28
116371106,GB / Ling 15th Nov,6f Mdn Stks,15-11-2014 12:50,7535716,Tolly Mcguiness,0,38.9792047843238,41.0956194543270676384572695859309691895,23.7083500043718938947889747159624802115,50,22.13,1000,18,55.98,5229.14,847.9
116371114,GB / Ling 15th Nov,1m2f Hcap,15-11-2014 15:10,5564285,Automotive,1,24,21.671897209182400882207879813992500702,19.9167625312943280327862420344563547936,34,23,32,1.01,41.9,7888.7,37074.9
116371114,GB / Ling 15th Nov,1m2f Hcap,15-11-2014 15:10,4908760,Mountain Range,0,18.300484706899002,11.9959743971044788901110588115689096347,8.97071573059556796011723771013009473217,19,12.5,800,19.5,153.62,16204.08,466.12
116371116,GB / Ling 15th Nov,1m2f Hcap,15-11-2014 15:45,6719031,Malicho,0,25,25.8496246845782372690571490567815211995,18.3462499769578527583879633851554740995,38,13,770,9.2,233.68,7923.04,2013.7
116371148,GB / Wolv 15th Nov,7f Mdn Stks,15-11-2014 19:15,8848584,Regal Ways,0,14,11.7113655793278641040799542100510412324,8.46594482904749330101331845741914755677,14,6.6,1000,5.5,251.3,23833.54,2488.74
116371156,GB / Wolv 15th Nov,1m Hcap,15-11-2014 21:15,4985425,Warden Bond,0,29,21.4566090360263203010017674408699936207,12.6824074691242096641722753291113129784,32,11.5,740,19,305.88,11528.64,346.18
116371150,GB / Wolv 15th Nov,1m Nursery,15-11-2014 19:45,8766927,Splash of Verve,0,40,40.7109098731089337617953628046375299096,14.779235409611717027851326420637443121,70,13.23,990,2,63,7068.66,2708.1
116371154,GB / Wolv 15th Nov,1m Mdn Stks,15-11-2014 20:45,7629107,Dianora,0,3.9316573551768412,4.15702659254055881213958094872776541919,3.76044524646565697593742583206471146825,5.2,3.7,1000,1.54,25.32,116110.76,17804.64
116380323,GB / Weth 15th Nov,3m1f Hcap Hrd,15-11-2014 13:30,5374817,Pudsey House,0,8.4,8.98055247187207469471400740492609593089,18.3741625300729089692210801748443338085,21,7.8,1000,8,145.92,33132.78,6789.52
116380323,GB / Weth 15th Nov,3m1f Hcap Hrd,15-11-2014 13:30,3887611,Bourne,0,10,11.5679064059272591127119511501805753427,15.7307538154835587057300834974916259799,17.5,9.8,1000,9.6,238.96,15418.9,6041.52
116380325,GB / Weth 15th Nov,3m1f Hcap Chs,15-11-2014 14:05,5593124,Noble Legend,0,9.8,9.78292127213591519907315523981790785829,14.3900721931665323398876925134148840835,15.5,9.2,1000,4.5,1236.14,47795.74,20173.22
116380327,GB / Weth 15th Nov,2m4f Nov Hrd,15-11-2014 14:40,8953883,Friendly Royal,0,44,27.9113812213343289415247803366923374931,14.6042659267211974998864603646241598315,44,14,1000,2.1,176.18,7939.3,9350.92
116380331,GB / Weth 15th Nov,2m4f Hcap Chs,15-11-2014 15:50,6324640,Have You Had Yours,0,2.06,2.16570408368057828974860734720986094079,1.95991514430931289648633810228244439674,2.36,1.91,1000,1.72,2563.44,241002.82,98057.26
116380321,GB / Weth 15th Nov,2m Nov Chs,15-11-2014 12:55,4697347,Dark Dune,0,7.6,7.24603533444467693369297161245280261638,6.67824332779333291972482442122933206339,7.8,6.4,1000,5.7,657.6,45769.7,14889.32
116380329,GB / Weth 15th Nov,2m Hcap Hrd,15-11-2014 15:15,7192342,Slipper Satin,0,40,32.2876615505766034151362323812135018689,22.3208432742884066094475786299989336119,38,22,1000,30,95.4,2979.94,1697.18
116380335,GB / Uttox 15th Nov,2m4f Mdn Hrd,15-11-2014 13:05,8179316,Dancing Shadow,0,3.5737409471698625,3.734196762219569644014654759882315361,3.67832505323499673951882288620906251602,4.5,3.5,1000,3,1878.08,105814.34,30501.5
116380335,GB / Uttox 15th Nov,2m4f Mdn Hrd,15-11-2014 13:05,6856252,Kalucci,0,25.849929035683815,21.2521963416591124607969884760084803785,7.41931754061133283684698389598613345036,29,5.3,1000,24,842.58,8926.9,2836.52
116380341,GB / Uttox 15th Nov,2m4f Nov Hcap Chs,15-11-2014 14:50,6977743,Pure Science,1,3.9948732496234793,3.74112657678968327586284955254424606699,4.4854121120625358377461537980523640284,5.4,3.45,16,1.01,2611.72,174006.52,113529.42
116380333,GB / Uttox 15th Nov,2m Nov Hrd,15-11-2014 12:35,8011932,Surging Seas,0,8.580030966199992,7.06908144357025500941951816997619606483,6.16306966747834749163739518425207083007,8.4,4.6,1000,8,704.66,38874.36,5471.38
116380333,GB / Uttox 15th Nov,2m Nov Hrd,15-11-2014 12:35,8446830,Micky Fingers,0,41.53562432082056,34.7044518008812967097006724175034247928,25.1351481250499895818983720413785029567,46,23,1000,40,134,6952.3,1069.76
116380343,GB / Uttox 15th Nov,2m Hcap Hrd,15-11-2014 15:25,7199686,Spessartine,0,38.634513064601045,37.9059185367510239156870954798326362774,32.2833554880463284669181113999249615194,50,30,1000,32,42.72,5453.24,1376.88
116380345,GB / Uttox 15th Nov,2m NHF,15-11-2014 16:00,8930755,Tyre Hill,0,16,12.7107124940092376063025396609062101589,7.12426292112103304394154092960901354325,17.5,7,1000,12,78.52,14026.32,4540.3
116348784,GB / Chelt 15th Nov,2m Nov Hcap Hrd,15-11-2014 12:40,5619057,John Louis,0,15.092771029791912,11.9828503413190114301595077821173433043,9.08777478837633370466463049355233177406,15.5,7.8,1000,4.7,5386.76,36019.66,7964.04
116348784,GB / Chelt 15th Nov,2m Nov Hcap Hrd,15-11-2014 12:40,5823997,Golden Jubilee,0,9.980529648731753,9.97466923319827584983653280151709046783,11.1427637514344189116322292146852818909,13.5,9.2,1000,9.4,4635.42,47065.38,5320.72
116348790,GB / Chelt 15th Nov,2m4f Hcap Chs,15-11-2014 14:30,2672168,Orpheus Valley,0,211.180417052,174.94657997255816494682344304921126849,115.092302391663179646342135379768308732,270,66.01,1000,120,748.3,4959.36,516.66
116348790,GB / Chelt 15th Nov,2m4f Hcap Chs,15-11-2014 14:30,4670156,Champion Court,0,25,29.0980647326524699251989781099873327597,29.9467709190035277934374299729154774534,34,25,1000,8,4370.96,33549.14,3789.34
116348790,GB / Chelt 15th Nov,2m4f Hcap Chs,15-11-2014 14:30,5128994,Ericht,0,34,28.5142513392231491512481308943205962851,22.7637105134345445645186107473786415847,36,17.45,900,4.2,7517.06,39249.08,6451.84
116348792,GB / Chelt 15th Nov,3m1f Listed Hcap Hrd,15-11-2014 15:00,4119553,Dragons Den,0,40.244147438302164,30.9317473993807400892162496504256521634,20.2415884532657296179155452586769172962,40,18.09,1000,25,436.38,12133.92,1154.46
116348796,GB / Chelt 15th Nov,2m Listed NHF,15-11-2014 16:05,8613851,Daring Carlotta,0,2.864895347141135,2.96111987770870707094671125536773244495,3.57145241787695894244850457180762217318,4.1,2.6,1000,2.12,26471.38,680979.02,75700.4
116371110,GB / Ling 15th Nov,6f Listed,15-11-2014 14:00,6520442,Serenity Spa,0,203.93238641158678,180.328741920876702119986763994307639725,123.948146266136655986618915697065336071,260,103.07,370,130,45.96,1700.56,155.76
116371106,GB / Ling 15th Nov,6f Mdn Stks,15-11-2014 12:50,8844902,Farmshop Boy,0,130,97.5185708166987724233397252477216030085,88.662307352651021339125213438925711975,140,55,1000,110,12.04,3075.56,67.44
116371106,GB / Ling 15th Nov,6f Mdn Stks,15-11-2014 12:50,8171426,Black Widow,0,35.71215802473074,38.7944410984873660864470332722199101602,15.4739644413079990239757528686636457888,60,13.5,1000,22,92.94,5789.54,414.32
116371114,GB / Ling 15th Nov,1m2f Hcap,15-11-2014 15:10,7433203,Benoordenhout,0,9.6,7.45923061502592802739730637674665418774,6.62383230141894846997511391848306599701,10,6.6,1000,2.88,257.84,32892.56,6661.18
116371114,GB / Ling 15th Nov,1m2f Hcap,15-11-2014 15:10,7596829,Percybelle,0,12.496169479812668,9.23303014758269440794406743164432293576,10.1234415895137373035387150746338700438,12.5,8,1000,3.2,388.34,20142.34,2060.26
116371116,GB / Ling 15th Nov,1m2f Hcap,15-11-2014 15:45,7382509,Turnbury,0,6.935519738246585,6.0211315076702988408040769147165838824,4.33869920715515817414307401180625085863,7,3.95,190,1.08,4265.62,42576.7,35707.96
116371116,GB / Ling 15th Nov,1m2f Hcap,15-11-2014 15:45,4906372,Sail Home,0,21,16.2981414111749502315442938065316619213,12.1214160462529123229614970613222143854,24,9.2,1000,12,3598.02,25137.16,1050.68
116371148,GB / Wolv 15th Nov,7f Mdn Stks,15-11-2014 19:15,8992500,Crystalin,0,21.23918527918292,22.8986876659637276235565231009320496421,20.0133757325731232907390778999541218436,30,21,1000,16,84.68,9921.6,472.16
116371156,GB / Wolv 15th Nov,1m Hcap,15-11-2014 21:15,7270450,Bonjour Steve,0,11.5,12.4556271373812831743010904576369243836,13.0306218067092905119413260414690823245,16,10.5,1000,4.5,31.02,21787.94,1827.7
116371156,GB / Wolv 15th Nov,1m Hcap,15-11-2014 21:15,7575270,Company Secretary,0,6.771263372683788,8.15489226524173212084218508236779747382,9.95629915253873631863049261914109363764,12.5,6.2,19,1.12,62.5,46032.14,26986.98
116371142,GB / Wolv 15th Nov,5f Hcap,15-11-2014 17:45,7390426,Joyous,0,6.46007648762061,6.98179451421454049658491306926537838338,12.6041856021709021942648104560390652345,13,6,1000,3.5,227.3,71301.56,2463.88
116371144,GB / Wolv 15th Nov,6f Nursery,15-11-2014 18:15,8688411,Dark Side Dream,0,10,8.74400012466514400675371956935399499445,7.13715089918112799673953301281702144611,10.5,6.6,1000,1.3,206.02,30231.64,12464.96
116371146,GB / Wolv 15th Nov,7f Mdn Stks,15-11-2014 18:45,8603838,Marilyn Mon,0,29,28.1358082445284122238523602163234379075,28.2918900783390520315929838903371757345,50,26,300,14,60.26,8776.4,749.32
116371146,GB / Wolv 15th Nov,7f Mdn Stks,15-11-2014 18:45,8648366,Coolcalmcollected,0,9.11182339782036,9.00430073291052281058399829444006508372,12.2112727096602799883000260044894315016,13.5,8.2,1000,4,210.14,44350.14,2813.26
116371146,GB / Wolv 15th Nov,7f Mdn Stks,15-11-2014 18:45,8992499,Pure Line,0,7.8,6.87731175005587203152495581430444862153,6.97674263932075265300681999382525961237,8.6,6,1000,10,1085.84,52517.76,984.04
116371154,GB / Wolv 15th Nov,1m Mdn Stks,15-11-2014 20:45,8911763,Home Flyer,0,70,65.9820731353634563532705187556673470985,36.6649071979115696958950025132093483388,120,42,1000,36,6,3729.76,312.48
116380319,GB / Weth 15th Nov,2m Nov Hrd,15-11-2014 12:25,8356012,Toola Boola,0,283.380844556,174.690331179898246326042791906957866171,130.642928590704084098185435970040195106,280,60,1000,230,21.42,971.78,88.7
116380319,GB / Weth 15th Nov,2m Nov Hrd,15-11-2014 12:25,8101986,Bulas Belle,1,30.997908013,27.0831617849087455817901848840401551244,26.8939843524013041033472089923946001524,34,18.5,700,1.01,167.8,9364.48,80545.1
116380327,GB / Weth 15th Nov,2m4f Nov Hrd,15-11-2014 14:40,6468788,Arthurs Secret,0,4.310952504197553,4.04140712174697679117138068610554057197,3.98834636124090550621510662493464070483,5.1,3.6,1000,1.38,878.24,141411.44,74408.4
116380321,GB / Weth 15th Nov,2m Nov Chs,15-11-2014 12:55,6340531,Grate Fella,0,21,19.7466116505774776229478872568865579828,21.8191751270953775780449323628807793169,24,14.5,1000,14,94.96,10877.52,2623.24
116380329,GB / Weth 15th Nov,2m Hcap Hrd,15-11-2014 15:15,6557896,Forced Family Fun,1,3.85,3.99956042467964056472168061651183796877,4.26562437238748984868478665554279515593,4.6,3.75,4.6,1.01,5371.52,123148.52,175948.18
116380335,GB / Uttox 15th Nov,2m4f Mdn Hrd,15-11-2014 13:05,7192372,Zeroeshadesofgrey,1,1.947418355,1.91741881278348686000379550793045683537,2.27266385774463252213734922933184803783,2.92,1.82,3,1.01,18110.18,278664.7,211975.26
116380335,GB / Uttox 15th Nov,2m4f Mdn Hrd,15-11-2014 13:05,8703799,Seaviper,0,12,9.67749670500692401001395350904404204298,9.1635492120977948087881105671842438702,15.5,8.8,1000,7.6,277.76,28082.54,10974.72
116380335,GB / Uttox 15th Nov,2m4f Mdn Hrd,15-11-2014 13:05,8475346,Youngdocgallagher,0,29,33.3303813324716295410230934179272316873,43.6993023338260544601448789034397561478,46,22,1000,23,58.14,8401.9,2830.76
116380341,GB / Uttox 15th Nov,2m4f Nov Hcap Chs,15-11-2014 14:50,3512189,Henry King,0,4.2,4.29605197978708472490599327929727084359,4.2446989343699969401615890143996087842,5,4,700,1.06,3665.54,112502.4,176645.36
116380333,GB / Uttox 15th Nov,2m Nov Hrd,15-11-2014 12:35,8947703,Copperfacejack,0,38,27.2723180340720362322780215175471075477,21.1310742274018958849049823974901406902,42,18.5,1000,38,35.96,6347.86,554.52
116380337,GB / Uttox 15th Nov,2m6f Hcap Chs,15-11-2014 13:40,7685259,Heathfield,1,3.8275887443011056,3.63442904907359630868415990074415648205,3.33294117755336709923654529758164890338,4.1,2.86,11,1.01,4468.24,154884.22,112526.5
116380343,GB / Uttox 15th Nov,2m Hcap Hrd,15-11-2014 15:25,8016381,Echo Foxtrot,0,3.699542839792561,3.6414328931484210182832612334984840066,3.16277998155125698259213975359266901389,4.2,3,700,1.5,2034.66,183170.9,86190.72
116380343,GB / Uttox 15th Nov,2m Hcap Hrd,15-11-2014 15:25,5637044,Palus San Marco,0,11.401625805271326,9.54297687707707837622664274928000173642,5.34296980450962198046667527955230905748,12,5.4,1000,8.6,365.3,37979.72,5273.14
116348784,GB / Chelt 15th Nov,2m Nov Hcap Hrd,15-11-2014 12:40,6125874,Honey Pound,0,34.3413864614012,34.9425946051961834886712524581745205505,31.4934740972101696971940995313784743848,44,25,1000,17,950.78,10125.68,2240.54
116348784,GB / Chelt 15th Nov,2m Nov Hcap Hrd,15-11-2014 12:40,7188433,Rayak,0,41.28067141683565,30.8493255663266144472494602777410690415,20.2259056349036211049543903116242812723,44,18,1000,25,1431.14,8622.62,1464.96
116348784,GB / Chelt 15th Nov,2m Nov Hcap Hrd,15-11-2014 12:40,6728607,Ourmanmassini,0,11.5,18.1484294723846395085298839142775476017,33.42330617404338806336207043291155161,44,11.5,1000,4.2,789.4,22123.52,6704.7
116348784,GB / Chelt 15th Nov,2m Nov Hcap Hrd,15-11-2014 12:40,8153929,Great Choice,0,8.919595456521918,9.00936434480288304544537883811511690043,7.77305704046476920436351062315668805801,10.5,7.4,1000,1.2,7488.98,55958.7,40408.06
116348784,GB / Chelt 15th Nov,2m Nov Hcap Hrd,15-11-2014 12:40,7535704,Grand March,0,15.709460372441193,16.9877977408637196533545379422281902262,18.300210490714512941905995229385909531,21,15,1000,15,1915.2,20886.62,1451.96
116348788,GB / Chelt 15th Nov,3m3f Hcap Chs,15-11-2014 13:50,2876354,Cape Tribulation,0,27.99169675487348,16.9608573967584277894453225712764433976,15.1142477036436201895068188454156170462,30,13,1000,8,5170.14,40543.12,6549.38
116348788,GB / Chelt 15th Nov,3m3f Hcap Chs,15-11-2014 13:50,4998675,Sam Winner,1,9.4,9.0367191987213039612523727064065500976,9.33745726729623047422519546508308305354,10.5,6.4,50,1.01,8460.64,113021.3,124797.36
116348788,GB / Chelt 15th Nov,3m3f Hcap Chs,15-11-2014 13:50,6772506,Shattered Dream,0,106.36550768933404,73.8641115659850196707815062620543586511,53.9768047417495038004383690636231812595,130,28,1000,12,540.74,8697.32,6095.3
116348790,GB / Chelt 15th Nov,2m4f Hcap Chs,15-11-2014 14:30,4813820,Cedre Bleu,0,120,79.6363721525086191628918317116743345766,58.2879602493211390801859473870239677936,120,50,900,30,3586.64,20165.76,2037.98
116348790,GB / Chelt 15th Nov,2m4f Hcap Chs,15-11-2014 14:30,6772192,Present View,0,6.744409819,7.34804078920102272218661688153822634161,7.94604003887860214595416186702717024898,8.4,6.8,1000,2.16,60068.32,369579.7,59462.88
116348790,GB / Chelt 15th Nov,2m4f Hcap Chs,15-11-2014 14:30,7186728,Buywise,0,8.161841295,7.85842804349389391658888050335364406495,7.93883562640479023550748936758971044314,9,7.36,1000,6.8,70027.72,312130.28,18047
116348794,GB / Chelt 15th Nov,2m Juv Hrd,15-11-2014 15:35,8467764,Hargam,0,3.042936688262408,3.19302498863895068150027179492810428845,2.86898271780669188705628853092225308591,4.3,2.7,330,1.05,33435.86,535215.66,128606.36
116348794,GB / Chelt 15th Nov,2m Juv Hrd,15-11-2014 15:35,8144263,Haleo,0,489.971314027547,398.158707438624729936290451950807342183,270.112637263782903665539125580406214215,650,200,1000,130,38.34,3079.56,505.34
116348794,GB / Chelt 15th Nov,2m Juv Hrd,15-11-2014 15:35,8992630,Eminent Poet,0,34,36.8661072816848619690393240367606165564,35.3306498784819506907932686745359845794,50,27,1000,40,229.92,18094.42,649.82
116348794,GB / Chelt 15th Nov,2m Juv Hrd,15-11-2014 15:35,8543273,Laigle Royal,0,12.416332311798179,10.8812711034773395280344403940970721618,8.73025944705838682079063143724973761927,17,6.6,1000,12,1682.58,115298.76,4916.28
116348792,GB / Chelt 15th Nov,3m1f Listed Hcap Hrd,15-11-2014 15:00,2732443,Pineau De Re,0,34,24.7144524190375285310358399101115563979,16.6187846225471240376589098884258231963,36,14.83,1000,24,1591.22,33573.98,2852.16
116348792,GB / Chelt 15th Nov,3m1f Listed Hcap Hrd,15-11-2014 15:00,5114651,Theatrical Star,0,38.484316232,36.4387216515112624453479583295046677056,21.600448118186129720431154164339836125,44,19.24,900,20,479.98,14675.76,1885.6
116348792,GB / Chelt 15th Nov,3m1f Listed Hcap Hrd,15-11-2014 15:00,5461817,Fighter Jet,0,18.629134723407006,17.1583552412358001767606562666382002529,14.2278394315606274345394666027354778391,20.2,12.99,1000,8,993.52,32699.08,4848.36
116348792,GB / Chelt 15th Nov,3m1f Listed Hcap Hrd,15-11-2014 15:00,6374329,Masterofdeception,0,53.69941002550332,42.9466443812565680588787889581248910892,24.8197722999286055633546215983705653374,75,22.26,1000,16,350.96,12496.84,1100.04
116348796,GB / Chelt 15th Nov,2m Listed NHF,15-11-2014 16:05,8478290,Caitys Joy,0,20,13.9466762918430948366563166228528850052,17.7091921595938808265681335693775096924,24,14.5,1000,18,450.2,30239.46,1835
116371108,GB / Ling 15th Nov,1m Hcap,15-11-2014 13:25,5595318,Rebellious Guest,0,22,18.4436316311218248010990610507677913527,13.1575041810969000990960787327677792356,24,12,1000,5.1,706.42,14211.1,2551.04
116371108,GB / Ling 15th Nov,1m Hcap,15-11-2014 13:25,7238087,Ifwecan,0,15.345842515467861,11.744435302834503201451861265199772925,12.1152794117240714595903227001092705951,16.5,10,1000,5.6,1160.78,17226.74,4930.06
116371112,GB / Ling 15th Nov,1m2f Listed,15-11-2014 14:35,5819880,Bancnuanaheireann,0,22,19.8648827637653356699623627839179747579,18.1804924854828071290419745995919545377,25,17,770,7,334.54,11232.48,2087.36
116371112,GB / Ling 15th Nov,1m2f Listed,15-11-2014 14:35,6056753,Whispering Warrior,0,23,21.5389667256748351150233027712605299429,19.7168421940221331102062592162072679289,26,16,1000,11,345.14,10162.88,1664.36
116371102,GB / Ling 15th Nov,1m Nov Stks,15-11-2014 11:50,456332,Take Note,0,208.00632332138713,168.574791987893963205653933284957465114,95.8422445928032313826502555231171176871,280,42,1000,16,236.3,1740.44,417.5
116371106,GB / Ling 15th Nov,6f Mdn Stks,15-11-2014 12:50,7800664,Suitsus,1,1.529355404,1.58379393161055708730830982824039858541,1.88699948541528724629633880827152039927,1.91,1.46,1.88,1.01,3638.52,566916.06,87941.64
116371116,GB / Ling 15th Nov,1m2f Hcap,15-11-2014 15:45,7300754,What A Dandy,0,7.4,8.15406685628406073193174927542776007657,13.6966309361171261392636138648475739513,15,6.4,230,3.75,1008.28,62476.36,5778.92
116371116,GB / Ling 15th Nov,1m2f Hcap,15-11-2014 15:45,6799501,Sabre Rock,1,6.2,6.802024874383052176559129069901215194,8.01831372378397794071393369277278289396,8.4,5.9,19.5,1.03,797.98,70339.04,27484.94
116371156,GB / Wolv 15th Nov,1m Hcap,15-11-2014 21:15,1476047,Benandonner,0,28.617711672,24.186605800053269617158165385536080124,18.1141597653526809525275643552961381493,32,16,800,29,134.92,10859.54,302.76
116371146,GB / Wolv 15th Nov,7f Mdn Stks,15-11-2014 18:45,8982415,Kinnara,0,143.90179830212145,82.4400878042463380750127912701748331545,72.8413767838593333207259129515639086596,180,42,1000,100,4.78,3017.96,61.28
116371152,GB / Wolv 15th Nov,1m1f Mdn Stks,15-11-2014 20:15,8869376,Skip And Jump,0,6.284926308,6.05560879628071707051975585007092191379,3.93445425135982469289589480125847066379,7.8,3.6,1000,1.8,17.68,56155.7,6466
116380327,GB / Weth 15th Nov,2m4f Nov Hrd,15-11-2014 14:40,5768247,Kiwayu,0,180.25322305854414,75.6902932825710814576119585081126808464,22.1758970735714932681895774480047255911,230,38,1000,110,37.48,2580.66,243.02
116380331,GB / Weth 15th Nov,2m4f Hcap Chs,15-11-2014 15:50,7170191,Steel Summit,1,2.964981931,3.13523926747630877234151193914867681241,3.50724863730124332588649372751824986263,3.8,2.78,4,1.01,2155.54,144680.44,183985.7
116380329,GB / Weth 15th Nov,2m Hcap Hrd,15-11-2014 15:15,6896502,Master Red,0,13.888067881196044,12.5451889557547645284069256228146147764,9.91239013843768745166837039039102487502,15,9.6,1000,11,503.74,10666.6,4152.04
116380339,GB / Uttox 15th Nov,2m4f Hcap Hrd,15-11-2014 14:15,2858076,Mubrook,0,4.42943612828085,5.00866092057665300564012268451089850488,7.19675133109678408195416404124141470611,7.2,4.3,1000,1.5,267.74,67656,64532.74
116380341,GB / Uttox 15th Nov,2m4f Nov Hcap Chs,15-11-2014 14:50,4622430,Flying Light,0,11.45622428787319,16.0708343973380836897010096547206903922,17.6487533588564596070806829267171844439,42,12,1000,7.2,111.24,14003.12,5842.46
116380337,GB / Uttox 15th Nov,2m6f Hcap Chs,15-11-2014 13:40,6005107,Union Jack Dycy,0,5.3893879132200695,5.17601935107960192526687616453103427683,4.78445630337067263913309560858376143961,6.4,3.7,1000,2.94,1113.02,68899.72,21015.2
