EVENT_ID,MENU_HINT,EVENT_NAME,EVENT_DT,SELECTION_ID,SELECTION_NAME,WIN_LOSE,BSP,PPWAP,MORNINGWAP,PPMAX,PPMIN,IPMAX,IPMIN,MORNINGTRADEDVOL,PPTRADEDVOL,IPTRADEDVOL
125441935,BAGS cards / PBarr 3rd Jul,TO BE PLACED,03-07-2016 14:06,8674603,3. Small Tears,0,3.15,1,1,1,1001,1,1001,0,0,0
101480712,AUS / Sale (AUS) 3rd Jul,TO BE PLACED,03-07-2016 09:44,8756725,1. Sandy Monelli,1,,1,3.75691839837810440952863659401926001014,1,1001,1,1001,39.46,0,0
125441935,BAGS cards / PBarr 3rd Jul,TO BE PLACED,03-07-2016 14:06,8823848,1. Johnnys Glory,1,4.3,1,1,1,1001,1,1001,0,0,0
125441973,BAGS cards / Kinsl 3rd Jul,TO BE PLACED,03-07-2016 15:37,8993904,1. Fennis Lenson,1,2.58,1,1,1,1001,1,1001,0,0,0
125441930,BAGS cards / Hove 3rd Jul,TO BE PLACED,03-07-2016 13:58,9011234,5. Guinness Wonder,0,2.543009101417847,1,1,1,1001,1,1001,0,0,0
125441896,BAGS cards / BVue 3rd Jul,TO BE PLACED,03-07-2016 12:47,9016901,5. Chic Lass,0,3.1,1,1,1,1001,1,1001,0,0,0
125441886,BAGS cards / BVue 3rd Jul,TO BE PLACED,03-07-2016 11:34,9225653,2. Seans Dream,0,4.934710478215711,1,3.22536541488644029682932313919496289633,1,1001,1,1001,88.94,0,0
125441908,BAGS cards / Hove 3rd Jul,TO BE PLACED,03-07-2016 11:11,9257038,5. Baby Blueberry,0,3.7,1,3.44622983207112281857095818241685874218,1,1001,1,1001,242.96,0,0
125441973,BAGS cards / Kinsl 3rd Jul,TO BE PLACED,03-07-2016 15:37,9373508,5. Cooneen Bigsam,0,3.65,1,1,1,1001,1,1001,0,0,0
101480762,AUS / APrk (AUS) 3rd Jul,TO BE PLACED,03-07-2016 11:08,9481811,9. Tara Marrie,0,,1,3.9,1,1001,1,1001,6.76,0,0
125442047,Televised Cards / Henl 3rd Jul,TO BE PLACED,03-07-2016 18:45,9444908,3. Savana Simone,0,4.565392743386328,1,1,1,1001,1,1001,0,0,0
125442063,Televised Cards / Henl 3rd Jul,TO BE PLACED,03-07-2016 20:46,9563101,5. Westmead Rossi,1,1.9985217961645687,1,1,1,1001,1,1001,0,0,0
125442051,Televised Cards / Henl 3rd Jul,TO BE PLACED,03-07-2016 19:15,9809535,4. Mountcashel Babe,0,2.8,1,1,1,1001,1,1001,0,0,0
125441939,BAGS cards / PBarr 3rd Jul,TO BE PLACED,03-07-2016 14:38,9643138,3. Ballymac Bernice,0,3.5,1,1,1,1001,1,1001,0,0,0
101480722,AUS / Sale (AUS) 3rd Jul,TO BE PLACED,03-07-2016 11:35,10125305,7. Shiro,1,,1,2.26,1,1001,1,1001,56.38,0,0
125441981,BAGS cards / Kinsl 3rd Jul,TO BE PLACED,03-07-2016 16:41,10096013,6. Turbo Boats,2,3.303383193442132,1,1,1,1001,1,1001,0,0,0
125441928,BAGS cards / Hove 3rd Jul,TO BE PLACED,03-07-2016 13:44,10170562,3. Piercestown Jane,0,4.4,1,1,1,1001,1,1001,0,0,0
125442008,BAGS cards / Poole 3rd Jul,TO BE PLACED,03-07-2016 20:19,10241936,5. Curragh Dusty,0,8.6,1,1,1,1001,1,1001,0,0,0
125442059,Televised Cards / Henl 3rd Jul,TO BE PLACED,03-07-2016 20:15,10453557,6. Blackrose June,1,1.14302265121165,1,1,1,1001,1,1001,0,0,0
125441904,BAGS cards / BVue 3rd Jul,TO BE PLACED,03-07-2016 13:51,10660579,4. Ballymac Bossman,0,2.9836546853923935,1,1,1,1001,1,1001,0,0,0
125441916,BAGS cards / Hove 3rd Jul,TO BE PLACED,03-07-2016 12:12,10571333,5. Albion Together,1,2.16,1,1,1,1001,1,1001,0,0,0
125441941,BAGS cards / PBarr 3rd Jul,TO BE PLACED,03-07-2016 14:57,10721405,5. Doon Joker,0,2.24,1,1,1,1001,1,1001,0,0,0
125441924,BAGS cards / Hove 3rd Jul,TO BE PLACED,03-07-2016 13:12,10761214,5. Twilight Rumble,0,7.4,1,1,1,1001,1,1001,0,0,0
125441908,BAGS cards / Hove 3rd Jul,TO BE PLACED,03-07-2016 11:11,10813380,4. Warnham Star,1,2.475636935612711,1,2.57806558420885068449538363578478191659,1,1001,1,1001,942.3,0,0
101480732,AUS / Gawl (AUS) 3rd Jul,TO BE PLACED,03-07-2016 10:35,10879596,8. Gladys Corner,0,,1,2.3,1,1001,1,1001,11.28,0,0
125441888,BAGS cards / BVue 3rd Jul,TO BE PLACED,03-07-2016 11:48,10913092,4. Ballymac Lasher,0,2.111111111111111,1,2.09298945568538045027073240239384440011,1,1001,1,1001,280.72,0,0
125442059,Televised Cards / Henl 3rd Jul,TO BE PLACED,03-07-2016 20:15,10990309,4. Rearguard Indy,0,6,1,1,1,1001,1,1001,0,0,0
125442049,Televised Cards / Henl 3rd Jul,TO BE PLACED,03-07-2016 19:00,10986853,1. Bay City Elsa,0,2.3389082001708448,1,1,1,1001,1,1001,0,0,0
125442004,BAGS cards / Poole 3rd Jul,TO BE PLACED,03-07-2016 19:46,11020787,4. Redhills Brahms,0,2.646026261186053,1,1,1,1001,1,1001,0,0,0
125442057,Televised Cards / Henl 3rd Jul,TO BE PLACED,03-07-2016 20:00,11064494,2. Savana Turbo,1,3.6621380176604728,1,1,1,1001,1,1001,0,0,0
101480688,AUS / SPrk (AUS) 3rd Jul,TO BE PLACED,03-07-2016 06:54,11277432,3. Drop A Clanger,0,,1,1.57314468279324509356458238247375627567,1,1001,1,1001,131.46,0,0
125442026,BAGS cards / CPark 3rd Jul,TO BE PLACED,03-07-2016 19:21,11390374,1. Surefire Amber,0,2.04,1,1,1,1001,1,1001,0,0,0
101480746,AUS / APrk (AUS) 3rd Jul,TO BE PLACED,03-07-2016 08:17,11396316,3. Taken Nova,0,,1,2.74,1,1001,1,1001,2.26,0,0
125442004,BAGS cards / Poole 3rd Jul,TO BE PLACED,03-07-2016 19:46,7536966,2. Lagile Bound,1,2.22,1,1,1,1001,1,1001,0,0,0
125442067,Televised Cards / Henl 3rd Jul,TO BE PLACED,03-07-2016 21:15,8840895,2. Rearguard Bond,0,2.477538561633264,1,1,1,1001,1,1001,0,0,0
125441989,BAGS cards / Kinsl 3rd Jul,TO BE PLACED,03-07-2016 17:55,8974518,6. Swan Champ,1,2.48,1,1,1,1001,1,1001,0,0,0
125441955,BAGS cards / PBarr 3rd Jul,TO BE PLACED,03-07-2016 16:47,8971623,2. Swift Sushi,1,2.2,1,1,1,1001,1,1001,0,0,0
125442051,Televised Cards / Henl 3rd Jul,TO BE PLACED,03-07-2016 19:15,9039585,1. Keiths Babydoll,0,7.210262669133954,1,1,1,1001,1,1001,0,0,0
125441908,BAGS cards / Hove 3rd Jul,TO BE PLACED,03-07-2016 11:11,9133883,6. Hollyhill Gene,0,5.4,1,4.57852130325814536340852130325814536341,1,1001,1,1001,159.6,0,0
125442059,Televised Cards / Henl 3rd Jul,TO BE PLACED,03-07-2016 20:15,9123998,2. Unique Lillian,0,9.4,1,1,1,1001,1,1001,0,0,0
125442030,BAGS cards / CPark 3rd Jul,TO BE PLACED,03-07-2016 19:54,9337792,4. Trackside Talk,0,3.65,1,1,1,1001,1,1001,0,0,0
125442065,Televised Cards / Henl 3rd Jul,TO BE PLACED,03-07-2016 21:00,9361448,3. Romeo Zulu,1,3.899420116,1,1,1,1001,1,1001,0,0,0
125442067,Televised Cards / Henl 3rd Jul,TO BE PLACED,03-07-2016 21:15,9393216,3. Savana Razzle,0,3.1164536198670976,1,1,1,1001,1,1001,0,0,0
125441912,BAGS cards / Hove 3rd Jul,TO BE PLACED,03-07-2016 11:42,9580167,2. Clairekeith Kiri,0,7.281301532,1,4.89096291679650981614210034278591461514,1,1001,1,1001,128.36,0,0
125441928,BAGS cards / Hove 3rd Jul,TO BE PLACED,03-07-2016 13:44,10227335,4. Brickhill Jacksy,0,4.3,1,1,1,1001,1,1001,0,0,0
101480754,AUS / APrk (AUS) 3rd Jul,TO BE PLACED,03-07-2016 09:41,10220598,7. Scream Jet,0,,1,2.08,1,1001,1,1001,5.64,0,0
101480802,AUS / Darw (AUS) 3rd Jul,TO BE PLACED,03-07-2016 10:14,10310706,1. Call Me Lily,0,,1,2,1,1001,1,1001,35.6,0,0
125442004,BAGS cards / Poole 3rd Jul,TO BE PLACED,03-07-2016 19:46,10460792,3. The Vicars Wife,0,3.2223981263057793,1,1,1,1001,1,1001,0,0,0
125441888,BAGS cards / BVue 3rd Jul,TO BE PLACED,03-07-2016 11:48,10524142,3. Mcdara Izzy,0,2.784709700428939,1,2.21821787647773726660037564909954701138,1,1001,1,1001,181.02,0,0
125441981,BAGS cards / Kinsl 3rd Jul,TO BE PLACED,03-07-2016 16:41,10499006,5. Stormy Timmy,0,2.96,1,1,1,1001,1,1001,0,0,0
101480782,AUS / Canb (AUS) 3rd Jul,TO BE PLACED,03-07-2016 09:38,10649218,5. Mardella,0,,1,3.15,1,1001,1,1001,22.56,0,0
125441930,BAGS cards / Hove 3rd Jul,TO BE PLACED,03-07-2016 13:58,10608257,6. Mallogs Ali,1,6.2,1,1,1,1001,1,1001,0,0,0
125442002,BAGS cards / Poole 3rd Jul,TO BE PLACED,03-07-2016 19:29,10644200,6. Making Baskets,0,2.9,1,1,1,1001,1,1001,0,0,0
101480708,AUS / Sale (AUS) 3rd Jul,TO BE PLACED,03-07-2016 09:06,10725052,7. Shanlyn Frank,1,,1,2.86,1,1001,1,1001,5.64,0,0
125442026,BAGS cards / CPark 3rd Jul,TO BE PLACED,03-07-2016 19:21,10747731,2. Sign Lizzie,0,2.82,1,1,1,1001,1,1001,0,0,0
125442038,BAGS cards / CPark 3rd Jul,TO BE PLACED,03-07-2016 21:02,10761654,3. Razldazl Brian,1,1.86,1,1,1,1001,1,1001,0,0,0
125442065,Televised Cards / Henl 3rd Jul,TO BE PLACED,03-07-2016 21:00,10761996,2. Strides Hi,0,1.31,1,1,1,1001,1,1001,0,0,0
125441928,BAGS cards / Hove 3rd Jul,TO BE PLACED,03-07-2016 13:44,10663861,5. Dinner Hampden,0,3.8,1,1,1,1001,1,1001,0,0,0
125441949,BAGS cards / PBarr 3rd Jul,TO BE PLACED,03-07-2016 16:02,10884838,5. Mags Rising,0,3.252390751197817,1,1,1,1001,1,1001,0,0,0
125441898,BAGS cards / BVue 3rd Jul,TO BE PLACED,03-07-2016 13:04,10884598,4. Ballymac Clover,0,2.36,1,1,1,1001,1,1001,0,0,0
125441894,BAGS cards / BVue 3rd Jul,TO BE PLACED,03-07-2016 12:33,11020581,4. Headford Rua,0,1.91,1,1,1,1001,1,1001,0,0,0
125441989,BAGS cards / Kinsl 3rd Jul,TO BE PLACED,03-07-2016 17:55,10934677,3. Glenvale Betty,1,2.38,1,1,1,1001,1,1001,0,0,0
125442063,Televised Cards / Henl 3rd Jul,TO BE PLACED,03-07-2016 20:46,11021517,4. Bottom Line,0,5.2,1,1,1,1001,1,1001,0,0,0
101480678,AUS / SPrk (AUS) 3rd Jul,TO BE PLACED,03-07-2016 05:15,11082280,7. Born Billy,0,,1,1.75,1,1001,1,1001,63.76,0,0
125441912,BAGS cards / Hove 3rd Jul,TO BE PLACED,03-07-2016 11:42,11140752,1. Guinness Seven,1,2.25,1,2.35150983519404572036150983519404572036,1,1001,1,1001,827.64,0,0
125441886,BAGS cards / BVue 3rd Jul,TO BE PLACED,03-07-2016 11:34,11283444,5. Made Of Steel,1,2.1264253595238554,1,1.89566582278481012658227848101265822785,1,1001,1,1001,513.5,0,0
125442034,BAGS cards / CPark 3rd Jul,TO BE PLACED,03-07-2016 20:28,11368622,4. Insane Son,0,2.111425150351715,1,1,1,1001,1,1001,0,0,0
125441981,BAGS cards / Kinsl 3rd Jul,TO BE PLACED,03-07-2016 16:41,11388698,2. Exotic Warrior,0,3.9,1,1,1,1001,1,1001,0,0,0
125442053,Televised Cards / Henl 3rd Jul,TO BE PLACED,03-07-2016 19:30,11391366,5. Derryadd Lucy,0,7.722111249836162,1,1,1,1001,1,1001,0,0,0
101480804,AUS / Darw (AUS) 3rd Jul,TO BE PLACED,03-07-2016 10:38,11396305,8. Poker Boom,0,,1,1.84250053157559004890495428449925579417,1,1001,1,1001,94.06,0,0
101480806,AUS / Darw (AUS) 3rd Jul,TO BE PLACED,03-07-2016 10:58,11396306,9. Arnhen Villain,1,,1,1.50570221752903907074973600844772967265,1,1001,1,1001,18.94,0,0
101480750,AUS / APrk (AUS) 3rd Jul,TO BE PLACED,03-07-2016 09:02,11396327,1. Dustys Destiny,0,,1,1.25187020558453513347652654188401350107,1,1001,1,1001,130.36,0,0
101480754,AUS / APrk (AUS) 3rd Jul,TO BE PLACED,03-07-2016 09:41,11396341,1. Wildash Wizards,0,,1,2.27829787234042553191489361702127659574,1,1001,1,1001,5.64,0,0
125441910,BAGS cards / Hove 3rd Jul,TO BE PLACED,03-07-2016 11:28,11389437,4. Suirview Boris,0,3.65,1,2.72915617873131176619646929639327645916,1,1001,1,1001,236.78,0,0
101480772,AUS / Canb (AUS) 3rd Jul,TO BE PLACED,03-07-2016 07:53,11309543,8. Mister Blue,0,,1,2.02,1,1001,1,1001,.02,0,0
125441937,BAGS cards / PBarr 3rd Jul,TO BE PLACED,03-07-2016 14:21,11388498,4. Stakers Boss,0,2.98,1,1,1,1001,1,1001,0,0,0
125441951,BAGS cards / PBarr 3rd Jul,TO BE PLACED,03-07-2016 16:18,7009733,2. Tenacious Clyde,0,5.898297054317082,1,1,1,1001,1,1001,0,0,0
125441996,BAGS cards / Poole 3rd Jul,TO BE PLACED,03-07-2016 18:37,7812522,6. Ide Bonnie,1,3.5405731226969506,1,1,1,1001,1,1001,0,0,0
125441979,BAGS cards / Kinsl 3rd Jul,TO BE PLACED,03-07-2016 16:27,8393538,1. Pickled Onion,1,1.8858822457036781,1,1,1,1001,1,1001,0,0,0
125441892,BAGS cards / BVue 3rd Jul,TO BE PLACED,03-07-2016 12:18,8438285,3. Yellowtown Again,0,5.140879257,1,1,1,1001,1,1001,0,0,0
125441977,BAGS cards / Kinsl 3rd Jul,TO BE PLACED,03-07-2016 16:09,8636615,2. Lara Lu Clampett,0,6,1,1,1,1001,1,1001,0,0,0
125441953,BAGS cards / PBarr 3rd Jul,TO BE PLACED,03-07-2016 16:33,8821722,1. Startofanera,0,4.4,1,1,1,1001,1,1001,0,0,0
125441914,BAGS cards / Hove 3rd Jul,TO BE PLACED,03-07-2016 11:57,8974866,3. Not Tied Down,0,4.018161632303381,1,2.61722957809694793536804308797127468582,1,1001,1,1001,178.24,0,0
125441900,BAGS cards / BVue 3rd Jul,TO BE PLACED,03-07-2016 13:21,8885686,1. Myway Grayson,1,1.88,1,1,1,1001,1,1001,0,0,0
101480672,AUS / Heal (AUS) 3rd Jul,TO BE PLACED,03-07-2016 06:47,9029142,4. Oaklands,0,,1,2.24,1,1001,1,1001,.04,0,0
101480762,AUS / APrk (AUS) 3rd Jul,TO BE PLACED,03-07-2016 11:08,9008069,1. Mr Sly,1,,1,1.62,1,1001,1,1001,1.2,0,0
125442018,BAGS cards / CPark 3rd Jul,TO BE PLACED,03-07-2016 18:11,9218521,6. Jayjay Jet Plane,0,6.2,1,1,1,1001,1,1001,0,0,0
125441996,BAGS cards / Poole 3rd Jul,TO BE PLACED,03-07-2016 18:37,9343563,1. Coolykereen Shed,0,2.68,1,1,1,1001,1,1001,0,0,0
125441998,BAGS cards / Poole 3rd Jul,TO BE PLACED,03-07-2016 18:55,9258388,5. Stradeen Scolari,0,5.980662425,1,1,1,1001,1,1001,0,0,0
125441886,BAGS cards / BVue 3rd Jul,TO BE PLACED,03-07-2016 11:34,9257109,1. Ballymac Luck,0,4.5,1,3.00177036430618092509209987720016373312,1,1001,1,1001,97.72,0,0
125442006,BAGS cards / Poole 3rd Jul,TO BE PLACED,03-07-2016 20:02,9380024,1. Spot On Cadillac,1,2.92,1,1,1,1001,1,1001,0,0,0
101480794,AUS / Darw (AUS) 3rd Jul,TO BE PLACED,03-07-2016 08:59,9484750,7. Wheres Ramsay,0,,1,4.5,1,1001,1,1001,11.28,0,0
125441916,BAGS cards / Hove 3rd Jul,TO BE PLACED,03-07-2016 12:12,9451800,2. Edencurra Strike,0,3.4625846746691975,1,1,1,1001,1,1001,0,0,0
125442038,BAGS cards / CPark 3rd Jul,TO BE PLACED,03-07-2016 21:02,9504630,6. Aventador,0,3.2,1,1,1,1001,1,1001,0,0,0
101480744,AUS / Gawl (AUS) 3rd Jul,TO BE PLACED,03-07-2016 12:32,9503222,5. Chance It,0,,1,1,1,1001,1,1001,0,0,0
101480708,AUS / Sale (AUS) 3rd Jul,TO BE PLACED,03-07-2016 09:06,10198556,1. Diegonator,0,,1,3,1,1001,1,1001,10.14,0,0
125441989,BAGS cards / Kinsl 3rd Jul,TO BE PLACED,03-07-2016 17:55,10204558,2. Got The Flavour,0,4.9,1,1,1,1001,1,1001,0,0,0
101480738,AUS / Gawl (AUS) 3rd Jul,TO BE PLACED,03-07-2016 11:38,10169372,6. Wonder Lace,1,,1,5.49695652173913043478260869565217391304,1,1001,1,1001,36.8,0,0
101480678,AUS / SPrk (AUS) 3rd Jul,TO BE PLACED,03-07-2016 05:15,10249760,3. Brindle Audrey,0,,1,7.10851063829787234042553191489361702128,1,1001,1,1001,5.64,0,0
101480736,AUS / Gawl (AUS) 3rd Jul,TO BE PLACED,03-07-2016 11:19,10187427,1. Allen Kentucky,0,,1,1.8,1,1001,1,1001,57.4,0,0
125441971,BAGS cards / Kinsl 3rd Jul,TO BE PLACED,03-07-2016 15:22,10400843,1. Jessies Flyer,1,2.619697395534022,1,1,1,1001,1,1001,0,0,0
101480780,AUS / Canb (AUS) 3rd Jul,TO BE PLACED,03-07-2016 09:14,10484508,5. Noahs Fusion,1,,1,1.69,1,1001,1,1001,16.92,0,0
101480666,AUS / Heal (AUS) 3rd Jul,TO BE PLACED,03-07-2016 05:47,10498335,5. Howies  Flyer,1,,1,2.58,1,1001,1,1001,5.64,0,0
125441959,BAGS cards / PBarr 3rd Jul,TO BE PLACED,03-07-2016 17:27,10451490,6. Ballybough Sully,1,3.055585054326803,1,1,1,1001,1,1001,0,0,0
125442022,BAGS cards / CPark 3rd Jul,TO BE PLACED,03-07-2016 18:46,10444426,3. Gubu,1,3.9,1,1,1,1001,1,1001,0,0,0
125441983,BAGS cards / Kinsl 3rd Jul,TO BE PLACED,03-07-2016 16:58,10569708,2. Pennys Niatross,0,3.8875692772911856,1,1,1,1001,1,1001,0,0,0
125441943,BAGS cards / PBarr 3rd Jul,TO BE PLACED,03-07-2016 15:13,10579746,3. Fearsome Photon,1,2.34,1,1,1,1001,1,1001,0,0,0
101480760,AUS / APrk (AUS) 3rd Jul,TO BE PLACED,03-07-2016 10:44,10667331,5. Romeo Ragtop,1,,1,3.5,1,1001,1,1001,28.2,0,0
125442022,BAGS cards / CPark 3rd Jul,TO BE PLACED,03-07-2016 18:46,10769820,6. Ballrun Bingham,0,1.82,1,1,1,1001,1,1001,0,0,0
125442008,BAGS cards / Poole 3rd Jul,TO BE PLACED,03-07-2016 20:19,10802894,2. Droopys Palace,0,5.3,1,1,1,1001,1,1001,0,0,0
125441894,BAGS cards / BVue 3rd Jul,TO BE PLACED,03-07-2016 12:33,11016028,5. Kersal Katie,0,3.65,1,1,1,1001,1,1001,0,0,0
101480784,AUS / Canb (AUS) 3rd Jul,TO BE PLACED,03-07-2016 09:58,10933191,2. Beegumbah Rumba,1,,1,1.4500745156482861400894187779433681073,1,1001,1,1001,26.84,0,0
125442061,Televised Cards / Henl 3rd Jul,TO BE PLACED,03-07-2016 20:30,11131949,2. Blackrose Buddy,0,2.3769636177876965,1,1,1,1001,1,1001,0,0,0
125441998,BAGS cards / Poole 3rd Jul,TO BE PLACED,03-07-2016 18:55,11283277,4. Suirview Bee,0,2.58,1,1,1,1001,1,1001,0,0,0
125441914,BAGS cards / Hove 3rd Jul,TO BE PLACED,03-07-2016 11:57,11193340,1. Clairekeith Rico,0,1.94,1,2.22428260680414165144000696075872270077,1,1001,1,1001,689.58,0,0
101480702,AUS / Sale (AUS) 3rd Jul,TO BE PLACED,03-07-2016 07:59,11396196,6. Legend Jack,0,,1,2.26,1,1001,1,1001,.02,0,0
125442057,Televised Cards / Henl 3rd Jul,TO BE PLACED,03-07-2016 20:00,11391374,1. Satin Eva,0,1.429883666,1,1,1,1001,1,1001,0,0,0
101480780,AUS / Canb (AUS) 3rd Jul,TO BE PLACED,03-07-2016 09:14,11396240,1. Gotta Miss Out,0,,1,2.06292388847023360964581763376036171816,1,1001,1,1001,79.62,0,0
101480724,AUS / Gawl (AUS) 3rd Jul,TO BE PLACED,03-07-2016 09:10,11396282,8. Victa Matt,0,,1,1.62,1,1001,1,1001,5.64,0,0
101480800,AUS / Darw (AUS) 3rd Jul,TO BE PLACED,03-07-2016 09:55,11396300,1. Klondike Kate,1,,1,1.36257704332291201429209468512728896829,1,1001,1,1001,179.12,0,0
125441926,BAGS cards / Hove 3rd Jul,TO BE PLACED,03-07-2016 13:28,11389483,2. Bridgers Pegasus,1,2.25,1,1,1,1001,1,1001,0,0,0
125441937,BAGS cards / PBarr 3rd Jul,TO BE PLACED,03-07-2016 14:21,3013993,5. Black Range,0,4.9,1,1,1,1001,1,1001,0,0,0
125441992,BAGS cards / Poole 3rd Jul,TO BE PLACED,03-07-2016 18:04,6735227,2. Meydan King,0,5.4,1,1,1,1001,1,1001,0,0,0
125441979,BAGS cards / Kinsl 3rd Jul,TO BE PLACED,03-07-2016 16:27,8301498,3. Serrano Lady,0,5,1,1,1,1001,1,1001,0,0,0
101480774,AUS / Canb (AUS) 3rd Jul,TO BE PLACED,03-07-2016 08:14,8600331,4. Coco Pepper,1,,1,1.93,1,1001,1,1001,48,0,0
101480716,AUS / Sale (AUS) 3rd Jul,TO BE PLACED,03-07-2016 10:28,8813552,7. Fragility,0,,1,1.78159574468085106382978723404255319149,1,1001,1,1001,22.56,0,0
125441961,BAGS cards / PBarr 3rd Jul,TO BE PLACED,03-07-2016 17:46,8894498,2. My Special Lady,0,2.7773881447398168,1,1,1,1001,1,1001,0,0,0
125442061,Televised Cards / Henl 3rd Jul,TO BE PLACED,03-07-2016 20:30,9030751,6. Forest Lewis,0,8.8,1,1,1,1001,1,1001,0,0,0
125441900,BAGS cards / BVue 3rd Jul,TO BE PLACED,03-07-2016 13:21,9105623,4. Commander Cool,1,2.76,1,1,1,1001,1,1001,0,0,0
125441937,BAGS cards / PBarr 3rd Jul,TO BE PLACED,03-07-2016 14:21,9121958,1. He Did Ya,0,3.55,1,1,1,1001,1,1001,0,0,0
101480696,AUS / SPrk (AUS) 3rd Jul,TO BE PLACED,03-07-2016 08:02,9516459,1. Fawn Mantra,0,,1,7.2,1,1001,1,1001,5.64,0,0
101480716,AUS / Sale (AUS) 3rd Jul,TO BE PLACED,03-07-2016 10:28,9942165,1. Avon Stone,0,,1,2.74,1,1001,1,1001,11.28,0,0
101480696,AUS / SPrk (AUS) 3rd Jul,TO BE PLACED,03-07-2016 08:02,10239032,2. Barrier Reef,0,,1,4,1,1001,1,1001,5.64,0,0
125441926,BAGS cards / Hove 3rd Jul,TO BE PLACED,03-07-2016 13:28,10400208,4. Water Tax,0,2.3,1,1,1,1001,1,1001,0,0,0
101480776,AUS / Canb (AUS) 3rd Jul,TO BE PLACED,03-07-2016 08:32,10341952,1. Unleashable,0,,1,2.5,1,1001,1,1001,11.8,0,0
101480752,AUS / APrk (AUS) 3rd Jul,TO BE PLACED,03-07-2016 09:21,10506748,3. Pants Pirate,0,,1,2.98,1,1001,1,1001,5.64,0,0
125441957,BAGS cards / PBarr 3rd Jul,TO BE PLACED,03-07-2016 17:08,10533243,5. Mohito On Time,0,2.7394329148883116,1,1,1,1001,1,1001,0,0,0
125442040,BAGS cards / CPark 3rd Jul,TO BE PLACED,03-07-2016 21:19,10549126,6. Monbeg Master,1,5.3,1,1,1,1001,1,1001,0,0,0
101480708,AUS / Sale (AUS) 3rd Jul,TO BE PLACED,03-07-2016 09:06,10645895,5. Zipping Scarlet,0,,1,3.06169137302551640340218712029161603888,1,1001,1,1001,82.3,0,0
125441998,BAGS cards / Poole 3rd Jul,TO BE PLACED,03-07-2016 18:55,10571844,2. Leitrim Snapper,0,2.04,1,1,1,1001,1,1001,0,0,0
125442000,BAGS cards / Poole 3rd Jul,TO BE PLACED,03-07-2016 19:12,10620643,4. Ide Forgetmenot,1,2.0535132286231956,1,1,1,1001,1,1001,0,0,0
125441961,BAGS cards / PBarr 3rd Jul,TO BE PLACED,03-07-2016 17:46,10768231,6. Bruis Venture,1,1.86,1,1,1,1001,1,1001,0,0,0
101480746,AUS / APrk (AUS) 3rd Jul,TO BE PLACED,03-07-2016 08:17,10727360,8. Alota Thought,1,,1,2.08,1,1001,1,1001,6.6,0,0
101480742,AUS / Gawl (AUS) 3rd Jul,TO BE PLACED,03-07-2016 12:17,10804490,2. Best In Red,1,,1,1,1,1001,1,1001,0,0,0
125441918,BAGS cards / Hove 3rd Jul,TO BE PLACED,03-07-2016 12:27,10860708,4. Expect Nothing,0,5.8,1,1,1,1001,1,1001,0,0,0
101480808,AUS / Darw (AUS) 3rd Jul,TO BE PLACED,03-07-2016 11:22,10916602,8. Sukhoi,1,,1,2.82,1,1001,1,1001,11.48,0,0
125441945,BAGS cards / PBarr 3rd Jul,TO BE PLACED,03-07-2016 15:29,11002214,5. Knockavilla,0,4.6,1,1,1,1001,1,1001,0,0,0
101480662,AUS / Heal (AUS) 3rd Jul,TO BE PLACED,03-07-2016 05:08,10984796,2. Lorimer Lad,1,,1,1.47,1,1001,1,1001,11.28,0,0
125442006,BAGS cards / Poole 3rd Jul,TO BE PLACED,03-07-2016 20:02,10989932,2. Springwell Mitch,0,3.5,1,1,1,1001,1,1001,0,0,0
125441947,BAGS cards / PBarr 3rd Jul,TO BE PLACED,03-07-2016 15:44,11102473,4. Marshbrook Ivy,1,2.14,1,1,1,1001,1,1001,0,0,0
125441961,BAGS cards / PBarr 3rd Jul,TO BE PLACED,03-07-2016 17:46,11031467,4. Projection,0,2.1892442991086862,1,1,1,1001,1,1001,0,0,0
101480782,AUS / Canb (AUS) 3rd Jul,TO BE PLACED,03-07-2016 09:38,11208405,2. Shezza Buttsy,0,,1,1.9,1,1001,1,1001,13.54,0,0
125441882,BAGS cards / BVue 3rd Jul,TO BE PLACED,03-07-2016 11:03,11390696,6. Union Mills,0,3.35,1,3.52131734006734006734006734006734006734,1,1001,1,1001,142.56,0,0
101480722,AUS / Sale (AUS) 3rd Jul,TO BE PLACED,03-07-2016 11:35,11396203,1. Sweet Amber,0,,1,2.60869152970922882427307206068268015171,1,1001,1,1001,63.28,0,0
125442018,BAGS cards / CPark 3rd Jul,TO BE PLACED,03-07-2016 18:11,11393514,1. Hedsor Rebel,0,5.855447274,1,1,1,1001,1,1001,0,0,0
125442065,Televised Cards / Henl 3rd Jul,TO BE PLACED,03-07-2016 21:00,11391398,1. Droopys Zebo,1,1.81,1,1,1,1001,1,1001,0,0,0
125441896,BAGS cards / BVue 3rd Jul,TO BE PLACED,03-07-2016 12:47,11311420,3. Shaneboy Colleen,1,7.336719223763792,1,1,1,1001,1,1001,0,0,0
101480786,AUS / Canb (AUS) 3rd Jul,TO BE PLACED,03-07-2016 10:22,11396256,7. Chief Star,1,,1,1.8,1,1001,1,1001,51.8,0,0
101480788,AUS / Canb (AUS) 3rd Jul,TO BE PLACED,03-07-2016 10:41,11396261,8. Smart Ask,1,,1,1.34,1,1001,1,1001,33.82,0,0
101480732,AUS / Gawl (AUS) 3rd Jul,TO BE PLACED,03-07-2016 10:35,11396302,4. Dubai,0,,1,1.93,1,1001,1,1001,67.88,0,0
101480748,AUS / APrk (AUS) 3rd Jul,TO BE PLACED,03-07-2016 08:39,11396323,5. Fast Xara,0,,1,2.2,1,1001,1,1001,11.28,0,0
101480760,AUS / APrk (AUS) 3rd Jul,TO BE PLACED,03-07-2016 10:44,11396346,3. Leeroy Roller,0,,1,1.85111111111111111111111111111111111111,1,1001,1,1001,50.76,0,0
125441912,BAGS cards / Hove 3rd Jul,TO BE PLACED,03-07-2016 11:42,11389443,4. Cutters Impact,1,3.1312890281173162,1,2.24281593254188394541218240319538444469,1,1001,1,1001,180.26,0,0
125441928,BAGS cards / Hove 3rd Jul,TO BE PLACED,03-07-2016 13:44,11389488,1. Killure Panther,1,1.9293497586395825,1,1,1,1001,1,1001,0,0,0
125441920,BAGS cards / Hove 3rd Jul,TO BE PLACED,03-07-2016 12:41,7199333,3. Quivers Reef,0,5.4,1,1,1,1001,1,1001,0,0,0
125442034,BAGS cards / CPark 3rd Jul,TO BE PLACED,03-07-2016 20:28,7662774,6. Up To It,0,8,1,1,1,1001,1,1001,0,0,0
125441949,BAGS cards / PBarr 3rd Jul,TO BE PLACED,03-07-2016 16:02,8688799,3. Souter Johnnie,1,5.8076923076923075,1,1,1,1001,1,1001,0,0,0
125442026,BAGS cards / CPark 3rd Jul,TO BE PLACED,03-07-2016 19:21,8872558,5. Four Luck,0,5.3,1,1,1,1001,1,1001,0,0,0
101480728,AUS / Gawl (AUS) 3rd Jul,TO BE PLACED,03-07-2016 09:52,8883727,2. University Tab,1,,1,2.44,1,1001,1,1001,.02,0,0
125441922,BAGS cards / Hove 3rd Jul,TO BE PLACED,03-07-2016 12:58,9094658,5. Sister Tootsie,0,3.1818129038577894,1,1,1,1001,1,1001,0,0,0
125441928,BAGS cards / Hove 3rd Jul,TO BE PLACED,03-07-2016 13:44,9069953,2. Kilmurry Luke,1,2.18,1,1,1,1001,1,1001,0,0,0
125441967,BAGS cards / Kinsl 3rd Jul,TO BE PLACED,03-07-2016 14:47,9142683,3. Mountcashel Tom,0,3.45,1,1,1,1001,1,1001,0,0,0
125441926,BAGS cards / Hove 3rd Jul,TO BE PLACED,03-07-2016 13:28,9354112,5. Sues Zebo,0,3.6,1,1,1,1001,1,1001,0,0,0
125441890,BAGS cards / BVue 3rd Jul,TO BE PLACED,03-07-2016 12:04,9257163,1. Gortown Dora,0,5.1,1,1,1,1001,1,1001,0,0,0
125442020,BAGS cards / CPark 3rd Jul,TO BE PLACED,03-07-2016 18:28,9491021,6. Droopys Hay,0,2.44,1,1,1,1001,1,1001,0,0,0
125442022,BAGS cards / CPark 3rd Jul,TO BE PLACED,03-07-2016 18:46,9450862,2. Overcharge,1,1.8500191348051889,1,1,1,1001,1,1001,0,0,0
125441937,BAGS cards / PBarr 3rd Jul,TO BE PLACED,03-07-2016 14:21,9410931,6. Droopys Calling,1,1.71,1,1,1,1001,1,1001,0,0,0
125441884,BAGS cards / BVue 3rd Jul,TO BE PLACED,03-07-2016 11:19,9532441,6. Russanda Red,0,3,1,2.50758657842080960443281514545174696014,1,1001,1,1001,259.88,0,0
125441904,BAGS cards / BVue 3rd Jul,TO BE PLACED,03-07-2016 13:51,9790044,6. Hint Of Mint,1,2.78,1,1,1,1001,1,1001,0,0,0
125442012,BAGS cards / Poole 3rd Jul,TO BE PLACED,03-07-2016 20:53,9879920,6. Blue Hosepipe,0,4.2,1,1,1,1001,1,1001,0,0,0
101480730,AUS / Gawl (AUS) 3rd Jul,TO BE PLACED,03-07-2016 10:11,10255721,1. Dashing Geek,1,,1,1.56939019827908716797605686494575383464,1,1001,1,1001,53.46,0,0
101480722,AUS / Sale (AUS) 3rd Jul,TO BE PLACED,03-07-2016 11:35,10407639,8. Cheetah Stealth,1,,1,2.3,1,1001,1,1001,5.64,0,0
125442002,BAGS cards / Poole 3rd Jul,TO BE PLACED,03-07-2016 19:29,10524554,5. Tavern Tina,1,2.744871616897144,1,1,1,1001,1,1001,0,0,0
125442053,Televised Cards / Henl 3rd Jul,TO BE PLACED,03-07-2016 19:30,10499509,6. Reagrove Black,1,2.666666666666667,1,1,1,1001,1,1001,0,0,0
125441998,BAGS cards / Poole 3rd Jul,TO BE PLACED,03-07-2016 18:55,10495806,3. Pennys Wiggles,1,2.5721518001836383,1,1,1,1001,1,1001,0,0,0
125442012,BAGS cards / Poole 3rd Jul,TO BE PLACED,03-07-2016 20:53,10579417,2. Stoke Debbie,0,3.65,1,1,1,1001,1,1001,0,0,0
101480726,AUS / Gawl (AUS) 3rd Jul,TO BE PLACED,03-07-2016 09:27,10782682,2. Good Bye Kiss,0,,1,1.95,1,1001,1,1001,5.64,0,0
101480714,AUS / Sale (AUS) 3rd Jul,TO BE PLACED,03-07-2016 10:08,10830584,2. Mister Brown,1,,1,1.58,1,1001,1,1001,5.64,0,0
125441965,BAGS cards / Kinsl 3rd Jul,TO BE PLACED,03-07-2016 14:29,10912578,4. Boherduff Dawn,0,1.89,1,1,1,1001,1,1001,0,0,0
101480674,AUS / Heal (AUS) 3rd Jul,TO BE PLACED,03-07-2016 07:03,10920388,2. Monaleen Deejay,0,,1,1.33,1,1001,1,1001,56.38,0,0
125441939,BAGS cards / PBarr 3rd Jul,TO BE PLACED,03-07-2016 14:38,10930527,6. Shunters Riches,0,2.88,1,1,1,1001,1,1001,0,0,0
125442010,BAGS cards / Poole 3rd Jul,TO BE PLACED,03-07-2016 20:37,11141961,2. Silver Ripple,1,2.58,1,1,1,1001,1,1001,0,0,0
101480734,AUS / Gawl (AUS) 3rd Jul,TO BE PLACED,03-07-2016 10:55,11151570,3. Flashy Fyfe,0,,1,2.78,1,1001,1,1001,22.56,0,0
125441941,BAGS cards / PBarr 3rd Jul,TO BE PLACED,03-07-2016 14:57,11102471,2. Overdale Zeus,1,2.0318684074538758,1,1,1,1001,1,1001,0,0,0
125442010,BAGS cards / Poole 3rd Jul,TO BE PLACED,03-07-2016 20:37,11172835,4. Feora Trixie,1,2.4,1,1,1,1001,1,1001,0,0,0
125442020,BAGS cards / CPark 3rd Jul,TO BE PLACED,03-07-2016 18:28,11172442,3. Sandos Boy,0,2.02,1,1,1,1001,1,1001,0,0,0
125442030,BAGS cards / CPark 3rd Jul,TO BE PLACED,03-07-2016 19:54,11258691,2. Flaming Spring,1,2.556683522291715,1,1,1,1001,1,1001,0,0,0
125442040,BAGS cards / CPark 3rd Jul,TO BE PLACED,03-07-2016 21:19,11232528,1. Jetty Tom,1,1.5514328451750043,1,1,1,1001,1,1001,0,0,0
101480768,AUS / APrk (AUS) 3rd Jul,TO BE PLACED,03-07-2016 12:12,11192248,2. Coochin Carol,0,,1,1,1,1001,1,1001,0,0,0
125441898,BAGS cards / BVue 3rd Jul,TO BE PLACED,03-07-2016 13:04,11231872,1. Ellaha Shark,1,2.94,1,1,1,1001,1,1001,0,0,0
101480652,AUS / Heal (AUS) 3rd Jul,TO BE PLACED,03-07-2016 03:33,11396206,5. Okay Alpha,0,,1,2.54,1,1001,1,1001,24,0,0
125441981,BAGS cards / Kinsl 3rd Jul,TO BE PLACED,03-07-2016 16:41,11388700,4. Saratoga Ninja,2,2.58,1,1,1,1001,1,1001,0,0,0
125442045,Televised Cards / Henl 3rd Jul,TO BE PLACED,03-07-2016 18:30,11391342,1. Savana Sarah,0,7,1,1,1,1001,1,1001,0,0,0
125442045,Televised Cards / Henl 3rd Jul,TO BE PLACED,03-07-2016 18:30,11391344,3. Rhincrew Eve,1,2.3,1,1,1,1001,1,1001,0,0,0
125442047,Televised Cards / Henl 3rd Jul,TO BE PLACED,03-07-2016 18:45,11391351,4. Dower Ebony,1,2.1,1,1,1,1001,1,1001,0,0,0
125442055,Televised Cards / Henl 3rd Jul,TO BE PLACED,03-07-2016 19:45,11391370,3. Droopys Rogue,0,5.557414963,1,1,1,1001,1,1001,0,0,0
125441888,BAGS cards / BVue 3rd Jul,TO BE PLACED,03-07-2016 11:48,11397171,5. Upfront Anglesey (Res),1,2.0811015017854513,1,1.79486417632746529268641763274652926864,1,1001,1,1001,698.7,0,0
101480750,AUS / APrk (AUS) 3rd Jul,TO BE PLACED,03-07-2016 09:02,11396333,8. Flying Princess,1,,1,2.68,1,1001,1,1001,11.28,0,0
125441920,BAGS cards / Hove 3rd Jul,TO BE PLACED,03-07-2016 12:41,11389468,5. Black Tarquynn,0,2.223897875165858,1,1,1,1001,1,1001,0,0,0
125441926,BAGS cards / Hove 3rd Jul,TO BE PLACED,03-07-2016 13:28,11389484,3. Get On Carly,0,4.6,1,1,1,1001,1,1001,0,0,0
125441943,BAGS cards / PBarr 3rd Jul,TO BE PLACED,03-07-2016 15:13,11388517,5. Killeacle Owly,0,4.5,1,1,1,1001,1,1001,0,0,0
125441955,BAGS cards / PBarr 3rd Jul,TO BE PLACED,03-07-2016 16:47,8183297,1. Seathwaite Jenny,0,5.8,1,1,1,1001,1,1001,0,0,0
125442014,BAGS cards / Poole 3rd Jul,TO BE PLACED,03-07-2016 21:11,8524180,6. Away Day Mammy,0,5.101761400686227,1,1,1,1001,1,1001,0,0,0
125441996,BAGS cards / Poole 3rd Jul,TO BE PLACED,03-07-2016 18:37,8629839,4. Autumn Sultan,1,3.45,1,1,1,1001,1,1001,0,0,0
125442024,BAGS cards / CPark 3rd Jul,TO BE PLACED,03-07-2016 19:04,8757488,1. Gortown Misty,1,2.5923566878980893,1,1,1,1001,1,1001,0,0,0
125441994,BAGS cards / Poole 3rd Jul,TO BE PLACED,03-07-2016 18:19,8839839,5. House Of Fun,0,2.22,1,1,1,1001,1,1001,0,0,0
125441994,BAGS cards / Poole 3rd Jul,TO BE PLACED,03-07-2016 18:19,9037510,4. Avalon Sparky,0,3.65,1,1,1,1001,1,1001,0,0,0
101480728,AUS / Gawl (AUS) 3rd Jul,TO BE PLACED,03-07-2016 09:52,9042182,5. Gustow Bale,1,,1,3.25,1,1001,1,1001,33.82,0,0
101480740,AUS / Gawl (AUS) 3rd Jul,TO BE PLACED,03-07-2016 12:02,9137600,1. Pelican Keeping,1,,1,1,1,1001,1,1001,0,0,0
125442057,Televised Cards / Henl 3rd Jul,TO BE PLACED,03-07-2016 20:00,9129466,6. Mash Mad Winky,0,17.438440917,1,1,1,1001,1,1001,0,0,0
101480812,AUS / Darw (AUS) 3rd Jul,TO BE PLACED,03-07-2016 12:07,9263826,6. Like That,1,,1,1,1,1001,1,1001,0,0,0
125442061,Televised Cards / Henl 3rd Jul,TO BE PLACED,03-07-2016 20:30,9444325,4. Droopys Genoa,1,6.802575238,1,1,1,1001,1,1001,0,0,0
125441890,BAGS cards / BVue 3rd Jul,TO BE PLACED,03-07-2016 12:04,9588380,6. Cheeky Lassie,0,7,1,1,1,1001,1,1001,0,0,0
125441892,BAGS cards / BVue 3rd Jul,TO BE PLACED,03-07-2016 12:18,9549390,1. Shaneboy Theo,0,4.1,1,1,1,1001,1,1001,0,0,0
125441924,BAGS cards / Hove 3rd Jul,TO BE PLACED,03-07-2016 13:12,9669748,6. Hallies Boy,0,1.570769937,1,1,1,1001,1,1001,0,0,0
125442034,BAGS cards / CPark 3rd Jul,TO BE PLACED,03-07-2016 20:28,9812620,3. Dunbolg Three,1,2.12,1,1,1,1001,1,1001,0,0,0
101480732,AUS / Gawl (AUS) 3rd Jul,TO BE PLACED,03-07-2016 10:35,9891082,6. Lapland,1,,1,1.61,1,1001,1,1001,4,0,0
125442004,BAGS cards / Poole 3rd Jul,TO BE PLACED,03-07-2016 19:46,10110343,6. Droopys Catford,0,4.096723644533195,1,1,1,1001,1,1001,0,0,0
125442067,Televised Cards / Henl 3rd Jul,TO BE PLACED,03-07-2016 21:15,10137668,5. Belstone Fox,1,1.9,1,1,1,1001,1,1001,0,0,0
101480732,AUS / Gawl (AUS) 3rd Jul,TO BE PLACED,03-07-2016 10:35,10255815,5. Breshia Bale,1,,1,3.7,1,1001,1,1001,22.56,0,0
125442036,BAGS cards / CPark 3rd Jul,TO BE PLACED,03-07-2016 20:45,10401753,5. Dreaming Rad,0,6,1,1,1,1001,1,1001,0,0,0
125441924,BAGS cards / Hove 3rd Jul,TO BE PLACED,03-07-2016 13:12,10399973,2. Liosgarbh All,0,2.28,1,1,1,1001,1,1001,0,0,0
101480698,AUS / SPrk (AUS) 3rd Jul,TO BE PLACED,03-07-2016 08:28,10390591,8. Pictures Of Me,0,,1,6.8,1,1001,1,1001,5.64,0,0
101480796,AUS / Darw (AUS) 3rd Jul,TO BE PLACED,03-07-2016 09:17,10413354,5. Many Returns,0,,1,1.92,1,1001,1,1001,37.2,0,0
125441977,BAGS cards / Kinsl 3rd Jul,TO BE PLACED,03-07-2016 16:09,10619266,3. Different Date,1,3.5,1,1,1,1001,1,1001,0,0,0
125441989,BAGS cards / Kinsl 3rd Jul,TO BE PLACED,03-07-2016 17:55,10620398,5. Ferryforth Orla,0,3.4337958523933776,1,1,1,1001,1,1001,0,0,0
125441945,BAGS cards / PBarr 3rd Jul,TO BE PLACED,03-07-2016 15:29,10700458,4. Ascot Kara,0,4,1,1,1,1001,1,1001,0,0,0
125441910,BAGS cards / Hove 3rd Jul,TO BE PLACED,03-07-2016 11:28,10888120,2. Dalcash Jangle,0,3,1,2.95555470543228768171384850803366488141,1,1001,1,1001,130.7,0,0
101480754,AUS / APrk (AUS) 3rd Jul,TO BE PLACED,03-07-2016 09:41,10972603,3. Pricey Hot,1,,1,2.6,1,1001,1,1001,1.12,0,0
101480698,AUS / SPrk (AUS) 3rd Jul,TO BE PLACED,03-07-2016 08:28,10978422,5. Crimson Peak,0,,1,3.3,1,1001,1,1001,11.28,0,0
125441882,BAGS cards / BVue 3rd Jul,TO BE PLACED,03-07-2016 11:03,10924899,2. Slaneyside Lyric,0,3.386271946596681,1,2.96031710726995424504321301474326385358,1,1001,1,1001,314.72,0,0
125442055,Televised Cards / Henl 3rd Jul,TO BE PLACED,03-07-2016 19:45,10983420,6. Quivers Zebo,0,2.416430595,1,1,1,1001,1,1001,0,0,0
125441935,BAGS cards / PBarr 3rd Jul,TO BE PLACED,03-07-2016 14:06,11086770,6. Slinky Topsun,0,2.25,1,1,1,1001,1,1001,0,0,0
125441890,BAGS cards / BVue 3rd Jul,TO BE PLACED,03-07-2016 12:04,11197725,4. Ciders Bob,0,2.3895219998277026,1,1,1,1001,1,1001,0,0,0
125442028,BAGS cards / CPark 3rd Jul,TO BE PLACED,03-07-2016 19:37,11390383,4. Ask Karen,1,4.6,1,1,1,1001,1,1001,0,0,0
125442038,BAGS cards / CPark 3rd Jul,TO BE PLACED,03-07-2016 21:02,11390411,2. Feora Sean,1,11.5,1,1,1,1001,1,1001,0,0,0
125442032,BAGS cards / CPark 3rd Jul,TO BE PLACED,03-07-2016 20:11,11351061,2. Dunbolg Casey,1,1.8040781602496283,1,1,1,1001,1,1001,0,0,0
125441882,BAGS cards / BVue 3rd Jul,TO BE PLACED,03-07-2016 11:03,11390693,3. Hunky Dory,1,4.546480997735635,1,3.6236703425392797892065970527959402752,1,1001,1,1001,204.94,0,0
101480704,AUS / Sale (AUS) 3rd Jul,TO BE PLACED,03-07-2016 08:25,11396198,5. Major Nippa,1,,1,1.42,1,1001,1,1001,6.76,0,0
101480720,AUS / Sale (AUS) 3rd Jul,TO BE PLACED,03-07-2016 11:16,11396201,9. Make Us Magic,0,,1,3.65,1,1001,1,1001,5.64,0,0
125441908,BAGS cards / Hove 3rd Jul,TO BE PLACED,03-07-2016 11:11,11374101,1. Liljaqs Girl,1,2.08,1,2.18055965267039371951944807898180088022,1,1001,1,1001,672.56,0,0
101480790,AUS / Canb (AUS) 3rd Jul,TO BE PLACED,03-07-2016 11:05,11396266,1. Megalina,1,,1,1.88,1,1001,1,1001,11.28,0,0
125441922,BAGS cards / Hove 3rd Jul,TO BE PLACED,03-07-2016 12:58,11389472,3. Droopys Cycle,0,5.6,1,1,1,1001,1,1001,0,0,0
125441959,BAGS cards / PBarr 3rd Jul,TO BE PLACED,03-07-2016 17:27,11388563,3. Galtee Reggie,0,1.91,1,1,1,1001,1,1001,0,0,0
125442034,BAGS cards / CPark 3rd Jul,TO BE PLACED,03-07-2016 20:28,6788324,1. Feora Talisman,0,6,1,1,1,1001,1,1001,0,0,0
125442024,BAGS cards / CPark 3rd Jul,TO BE PLACED,03-07-2016 19:04,7631218,4. Emporio Scorpio,0,2.2,1,1,1,1001,1,1001,0,0,0
125442028,BAGS cards / CPark 3rd Jul,TO BE PLACED,03-07-2016 19:37,8157163,3. Laytown Mist,0,4,1,1,1,1001,1,1001,0,0,0
125441949,BAGS cards / PBarr 3rd Jul,TO BE PLACED,03-07-2016 16:02,8254257,2. Matching Suarez,0,3.3,1,1,1,1001,1,1001,0,0,0
125441918,BAGS cards / Hove 3rd Jul,TO BE PLACED,03-07-2016 12:27,8494271,5. Ballygibbon King,1,2.52,1,1,1,1001,1,1001,0,0,0
125442004,BAGS cards / Poole 3rd Jul,TO BE PLACED,03-07-2016 19:46,8683612,1. Leaders Sveta,1,4.80619534129306,1,1,1,1001,1,1001,0,0,0
101480728,AUS / Gawl (AUS) 3rd Jul,TO BE PLACED,03-07-2016 09:52,8591038,1. Overstocked,0,,1,2.18,1,1001,1,1001,257.4,0,0
125442010,BAGS cards / Poole 3rd Jul,TO BE PLACED,03-07-2016 20:37,8711085,1. Avalon Babs,0,2.06,1,1,1,1001,1,1001,0,0,0
101480660,AUS / Heal (AUS) 3rd Jul,TO BE PLACED,03-07-2016 04:48,8805705,4. Karthikeyan,0,,1,4.1,1,1001,1,1001,11.28,0,0
125441943,BAGS cards / PBarr 3rd Jul,TO BE PLACED,03-07-2016 15:13,8993620,2. Dromscarra Dolly,0,6.6,1,1,1,1001,1,1001,0,0,0
125441967,BAGS cards / Kinsl 3rd Jul,TO BE PLACED,03-07-2016 14:47,8953986,6. Wilkys Girl,1,5.455875512426282,1,1,1,1001,1,1001,0,0,0
125442024,BAGS cards / CPark 3rd Jul,TO BE PLACED,03-07-2016 19:04,9106485,3. Feora Aine,0,5.7,1,1,1,1001,1,1001,0,0,0
101480712,AUS / Sale (AUS) 3rd Jul,TO BE PLACED,03-07-2016 09:44,9433965,8. To The Galos,0,,1,1.73490751806954641170109840077400261795,1,1001,1,1001,351.42,0,0
101480666,AUS / Heal (AUS) 3rd Jul,TO BE PLACED,03-07-2016 05:47,9550752,6. Smokester,0,,1,5.2,1,1001,1,1001,5.64,0,0
125442008,BAGS cards / Poole 3rd Jul,TO BE PLACED,03-07-2016 20:19,9649430,1. Dundee Dave,1,3.15,1,1,1,1001,1,1001,0,0,0
125441926,BAGS cards / Hove 3rd Jul,TO BE PLACED,03-07-2016 13:28,9809580,1. Aero Saffron,1,2.84,1,1,1,1001,1,1001,0,0,0
101480764,AUS / APrk (AUS) 3rd Jul,TO BE PLACED,03-07-2016 11:32,10172948,8. Popular Belief,0,,1,2.58,1,1001,1,1001,33.82,0,0
125442036,BAGS cards / CPark 3rd Jul,TO BE PLACED,03-07-2016 20:45,10402200,2. Korda Blue,0,3,1,1,1,1001,1,1001,0,0,0
125441922,BAGS cards / Hove 3rd Jul,TO BE PLACED,03-07-2016 12:58,10400182,2. Droopys Ferrer,0,5.220487577464665,1,1,1,1001,1,1001,0,0,0
101480662,AUS / Heal (AUS) 3rd Jul,TO BE PLACED,03-07-2016 05:08,10337621,3. Lektra Blicavs,0,,1,2,1,1001,1,1001,5.64,0,0
101480768,AUS / APrk (AUS) 3rd Jul,TO BE PLACED,03-07-2016 12:12,10363590,3. Leadfoot Magic,0,,1,1,1,1001,1,1001,0,0,0
125441989,BAGS cards / Kinsl 3rd Jul,TO BE PLACED,03-07-2016 17:55,10518424,1. Relaxed Customer,0,2.6155161025281988,1,1,1,1001,1,1001,0,0,0
101480754,AUS / APrk (AUS) 3rd Jul,TO BE PLACED,03-07-2016 09:41,10491001,5. Best Strategy,1,,1,1.72932607043324043577400557385355966557,1,1001,1,1001,78.94,0,0
125441961,BAGS cards / PBarr 3rd Jul,TO BE PLACED,03-07-2016 17:46,10499464,3. Danzey Swift,0,3.4,1,1,1,1001,1,1001,0,0,0
125441902,BAGS cards / BVue 3rd Jul,TO BE PLACED,03-07-2016 13:37,10448138,1. Scotts Noodles,0,2.34,1,1,1,1001,1,1001,0,0,0
125441904,BAGS cards / BVue 3rd Jul,TO BE PLACED,03-07-2016 13:51,10618625,3. Sister No Mercy,1,2.5,1,1,1,1001,1,1001,0,0,0
125442051,Televised Cards / Henl 3rd Jul,TO BE PLACED,03-07-2016 19:15,10644064,6. Sidarian Sleepy,0,6.6,1,1,1,1001,1,1001,0,0,0
125442059,Televised Cards / Henl 3rd Jul,TO BE PLACED,03-07-2016 20:15,10635326,3. Savana Lenny,1,1.495049505,1,1,1,1001,1,1001,0,0,0
125441902,BAGS cards / BVue 3rd Jul,TO BE PLACED,03-07-2016 13:37,10582215,3. Ballymac Hunter,0,2.2,1,1,1,1001,1,1001,0,0,0
125441945,BAGS cards / PBarr 3rd Jul,TO BE PLACED,03-07-2016 15:29,10754561,2. Derryhogan Jenny,1,2,1,1,1,1001,1,1001,0,0,0
101480796,AUS / Darw (AUS) 3rd Jul,TO BE PLACED,03-07-2016 09:17,10830410,3. Ess Class,1,,1,2.34,1,1001,1,1001,5.64,0,0
101480744,AUS / Gawl (AUS) 3rd Jul,TO BE PLACED,03-07-2016 12:32,10850277,1. Pacific Bluff,1,,1,1,1,1001,1,1001,0,0,0
125441888,BAGS cards / BVue 3rd Jul,TO BE PLACED,03-07-2016 11:48,10789032,1. Rocky Danlew,0,6.2,1,5.57092140365278062794992817566180997332,1,1001,1,1001,97.46,0,0
125441945,BAGS cards / PBarr 3rd Jul,TO BE PLACED,03-07-2016 15:29,10842835,3. Ooaar Assarula,0,2.54,1,1,1,1001,1,1001,0,0,0
125441949,BAGS cards / PBarr 3rd Jul,TO BE PLACED,03-07-2016 16:02,10839161,1. Bigfoot Playboy,0,2.82,1,1,1,1001,1,1001,0,0,0
125442047,Televised Cards / Henl 3rd Jul,TO BE PLACED,03-07-2016 18:45,11065320,6. Rockburst Avril,0,2.36,1,1,1,1001,1,1001,0,0,0
125441912,BAGS cards / Hove 3rd Jul,TO BE PLACED,03-07-2016 11:42,11046125,3. Dottie Belle,0,3,1,2.5903368485717211016688850209890447425,1,1001,1,1001,195.34,0,0
125441959,BAGS cards / PBarr 3rd Jul,TO BE PLACED,03-07-2016 17:27,11285163,4. Overdale Dante,1,2.666666666666667,1,1,1,1001,1,1001,0,0,0
125441886,BAGS cards / BVue 3rd Jul,TO BE PLACED,03-07-2016 11:34,11189190,4. Dance Stripey,1,2.25,1,2.20642029494382022471910112359550561798,1,1001,1,1001,227.84,0,0
125442030,BAGS cards / CPark 3rd Jul,TO BE PLACED,03-07-2016 19:54,11203060,5. Rubys Clover,0,3.5567901812616043,1,1,1,1001,1,1001,0,0,0
125442053,Televised Cards / Henl 3rd Jul,TO BE PLACED,03-07-2016 19:30,11307939,2. Best Mate Malc,1,2.5,1,1,1,1001,1,1001,0,0,0
125441922,BAGS cards / Hove 3rd Jul,TO BE PLACED,03-07-2016 12:58,11310478,1. Planet Claire,0,1.98,1,1,1,1001,1,1001,0,0,0
125442047,Televised Cards / Henl 3rd Jul,TO BE PLACED,03-07-2016 18:45,11391352,5. See The Shadow,0,4.6,1,1,1,1001,1,1001,0,0,0
125442051,Televised Cards / Henl 3rd Jul,TO BE PLACED,03-07-2016 19:15,11391360,5. Lord Kilgraney,1,1.76,1,1,1,1001,1,1001,0,0,0
125442065,Televised Cards / Henl 3rd Jul,TO BE PLACED,03-07-2016 21:00,11391402,5. Shinrone Dash,0,17.5,1,1,1,1001,1,1001,0,0,0
101480772,AUS / Canb (AUS) 3rd Jul,TO BE PLACED,03-07-2016 07:53,11396234,3. Stilton Bart,1,,1,1.47,1,1001,1,1001,11.28,0,0
101480734,AUS / Gawl (AUS) 3rd Jul,TO BE PLACED,03-07-2016 10:55,11396307,7. Like A Tornado,1,,1,2.96972378516624040920716112531969309463,1,1001,1,1001,156.4,0,0
101480754,AUS / APrk (AUS) 3rd Jul,TO BE PLACED,03-07-2016 09:41,11396342,8. Royal Village,0,,1,1.39493333333333333333333333333333333333,1,1001,1,1001,213,0,0
101480768,AUS / APrk (AUS) 3rd Jul,TO BE PLACED,03-07-2016 12:12,11396353,5. Margs Memory,0,,1,1,1,1001,1,1001,0,0,0
125441908,BAGS cards / Hove 3rd Jul,TO BE PLACED,03-07-2016 11:11,11389429,2. Gingers Lallana,0,3.5,1,2.86987351905219340377841818764008965738,1,1001,1,1001,124.92,0,0
125441910,BAGS cards / Hove 3rd Jul,TO BE PLACED,03-07-2016 11:28,11389434,1. Jumeirah Henry,1,2.82,1,2.62136545515171723907969323107702567523,1,1001,1,1001,239.92,0,0
125441930,BAGS cards / Hove 3rd Jul,TO BE PLACED,03-07-2016 13:58,11389495,2. Ajays Blazer,0,3.35,1,1,1,1001,1,1001,0,0,0
125441975,BAGS cards / Kinsl 3rd Jul,TO BE PLACED,03-07-2016 15:53,5325540,1. Lord Lindsay,0,3.2943079002108426,1,1,1,1001,1,1001,0,0,0
125442000,BAGS cards / Poole 3rd Jul,TO BE PLACED,03-07-2016 19:12,7427959,3. Middletons Boy,0,3.25,1,1,1,1001,1,1001,0,0,0
125441939,BAGS cards / PBarr 3rd Jul,TO BE PLACED,03-07-2016 14:38,7648886,2. Tybar Boo,1,5.8,1,1,1,1001,1,1001,0,0,0
125441979,BAGS cards / Kinsl 3rd Jul,TO BE PLACED,03-07-2016 16:27,8167490,6. Too Dear,0,2.36,1,1,1,1001,1,1001,0,0,0
125441963,BAGS cards / Kinsl 3rd Jul,TO BE PLACED,03-07-2016 14:12,8281212,1. Silverhill Bell,1,4.5,1,1,1,1001,1,1001,0,0,0
125441983,BAGS cards / Kinsl 3rd Jul,TO BE PLACED,03-07-2016 16:58,8794216,1. Trewmount Ellie,1,2.6,1,1,1,1001,1,1001,0,0,0
125441926,BAGS cards / Hove 3rd Jul,TO BE PLACED,03-07-2016 13:28,8839852,6. Buffys Angel,0,3.55,1,1,1,1001,1,1001,0,0,0
125441965,BAGS cards / Kinsl 3rd Jul,TO BE PLACED,03-07-2016 14:29,8854654,1. Killieford Texan,0,2.32,1,1,1,1001,1,1001,0,0,0
125441965,BAGS cards / Kinsl 3rd Jul,TO BE PLACED,03-07-2016 14:29,8968450,6. Smooth Hound,0,4.8,1,1,1,1001,1,1001,0,0,0
101480658,AUS / Heal (AUS) 3rd Jul,TO BE PLACED,03-07-2016 04:27,9041963,5. Splash Of White,1,,1,1.9,1,1001,1,1001,5.64,0,0
125442022,BAGS cards / CPark 3rd Jul,TO BE PLACED,03-07-2016 18:46,9091094,1. Oxford Girl,0,6,1,1,1,1001,1,1001,0,0,0
101480810,AUS / Darw (AUS) 3rd Jul,TO BE PLACED,03-07-2016 11:42,9130447,6. Sum Ting Wong,0,,1,2.01475768134304719670573329109914475768,1,1001,1,1001,63.14,0,0
125442022,BAGS cards / CPark 3rd Jul,TO BE PLACED,03-07-2016 18:46,9258088,4. Laughil Max,0,3.75,1,1,1,1001,1,1001,0,0,0
101480718,AUS / Sale (AUS) 3rd Jul,TO BE PLACED,03-07-2016 10:52,9323795,7. Bending Bananas,1,,1,2.62,1,1001,1,1001,5.64,0,0
125442010,BAGS cards / Poole 3rd Jul,TO BE PLACED,03-07-2016 20:37,9392505,6. Droopys Seneca,0,3.4,1,1,1,1001,1,1001,0,0,0
101480718,AUS / Sale (AUS) 3rd Jul,TO BE PLACED,03-07-2016 10:52,9420737,8. Triple Cee,0,,1,1.91,1,1001,1,1001,54.12,0,0
125442002,BAGS cards / Poole 3rd Jul,TO BE PLACED,03-07-2016 19:29,9596547,2. Ballybeg Darkey,1,3.9,1,1,1,1001,1,1001,0,0,0
125441987,BAGS cards / Kinsl 3rd Jul,TO BE PLACED,03-07-2016 17:37,9595137,3. Missile,0,2,1,1,1,1001,1,1001,0,0,0
125442047,Televised Cards / Henl 3rd Jul,TO BE PLACED,03-07-2016 18:45,9811008,1. Armchair Boothby,0,4.2,1,1,1,1001,1,1001,0,0,0
125441969,BAGS cards / Kinsl 3rd Jul,TO BE PLACED,03-07-2016 15:04,9789546,6. Dating Nora Jaxx,0,5.5,1,1,1,1001,1,1001,0,0,0
101480784,AUS / Canb (AUS) 3rd Jul,TO BE PLACED,03-07-2016 09:58,9847884,3. Terra Billy,0,,1,6,1,1001,1,1001,8,0,0
125441951,BAGS cards / PBarr 3rd Jul,TO BE PLACED,03-07-2016 16:18,9881167,3. Ceiligh,0,2.461075450510252,1,1,1,1001,1,1001,0,0,0
101480806,AUS / Darw (AUS) 3rd Jul,TO BE PLACED,03-07-2016 10:58,9654472,6. Presh,1,,1,1.23,1,1001,1,1001,5.64,0,0
125441902,BAGS cards / BVue 3rd Jul,TO BE PLACED,03-07-2016 13:37,10401780,4. Ballymac Curragh,0,5.784688995215311,1,1,1,1001,1,1001,0,0,0
125441975,BAGS cards / Kinsl 3rd Jul,TO BE PLACED,03-07-2016 15:53,10400824,6. Velvet Vera,1,2.32,1,1,1,1001,1,1001,0,0,0
125442014,BAGS cards / Poole 3rd Jul,TO BE PLACED,03-07-2016 21:11,10304658,5. Piercestown Eve,0,3.1553788677090777,1,1,1,1001,1,1001,0,0,0
101480708,AUS / Sale (AUS) 3rd Jul,TO BE PLACED,03-07-2016 09:06,10372580,3. Utopia,1,,1,1.69273167358229598893499308437067773167,1,1001,1,1001,57.84,0,0
101480718,AUS / Sale (AUS) 3rd Jul,TO BE PLACED,03-07-2016 10:52,10466556,6. Lethal Spider,1,,1,1.77,1,1001,1,1001,11.28,0,0
125441967,BAGS cards / Kinsl 3rd Jul,TO BE PLACED,03-07-2016 14:47,10544174,1. Medina Miracle,1,1.81,1,1,1,1001,1,1001,0,0,0
125441959,BAGS cards / PBarr 3rd Jul,TO BE PLACED,03-07-2016 17:27,10571519,5. Kingtone Hanna,0,4.1147963883591,1,1,1,1001,1,1001,0,0,0
125441959,BAGS cards / PBarr 3rd Jul,TO BE PLACED,03-07-2016 17:27,10571551,1. Drumsna Lass,0,3.55,1,1,1,1001,1,1001,0,0,0
125441920,BAGS cards / Hove 3rd Jul,TO BE PLACED,03-07-2016 12:41,10571765,1. Westmead Rita,1,2.82,1,1,1,1001,1,1001,0,0,0
125441892,BAGS cards / BVue 3rd Jul,TO BE PLACED,03-07-2016 12:18,10696560,4. Ballymac Metro,0,2.56,1,1,1,1001,1,1001,0,0,0
101480746,AUS / APrk (AUS) 3rd Jul,TO BE PLACED,03-07-2016 08:17,10774879,2. Abbey Kebabbey,0,,1,1.29415161427961883089176504053477456976,1,1001,1,1001,281.24,0,0
125442055,Televised Cards / Henl 3rd Jul,TO BE PLACED,03-07-2016 19:45,10956586,4. Strides Hugo,0,3.446565533,1,1,1,1001,1,1001,0,0,0
125442057,Televised Cards / Henl 3rd Jul,TO BE PLACED,03-07-2016 20:00,11110701,5. Call Me Azza,0,5.4,1,1,1,1001,1,1001,0,0,0
125442012,BAGS cards / Poole 3rd Jul,TO BE PLACED,03-07-2016 20:53,11047088,1. Aussi Bolt,1,2.04145522122215,1,1,1,1001,1,1001,0,0,0
125441977,BAGS cards / Kinsl 3rd Jul,TO BE PLACED,03-07-2016 16:09,11069737,4. Velvet Annie,1,3.5470179507392454,1,1,1,1001,1,1001,0,0,0
125442030,BAGS cards / CPark 3rd Jul,TO BE PLACED,03-07-2016 19:54,11232533,6. Cracking Sophie,1,1.97,1,1,1,1001,1,1001,0,0,0
125441941,BAGS cards / PBarr 3rd Jul,TO BE PLACED,03-07-2016 14:57,11285165,6. Alot Of Thought,0,3.05,1,1,1,1001,1,1001,0,0,0
101480784,AUS / Canb (AUS) 3rd Jul,TO BE PLACED,03-07-2016 09:58,11396250,5. Hawkeye Izmir,1,,1,2.03764337851929092805005213764337851929,1,1001,1,1001,19.18,0,0
101480790,AUS / Canb (AUS) 3rd Jul,TO BE PLACED,03-07-2016 11:05,11297886,2. Miss Maple Lea,0,,1,1.40895104895104895104895104895104895105,1,1001,1,1001,28.6,0,0
125441941,BAGS cards / PBarr 3rd Jul,TO BE PLACED,03-07-2016 14:57,2866939,1. Golly Miss Molly,1,3.5,1,1,1,1001,1,1001,0,0,0
125441894,BAGS cards / BVue 3rd Jul,TO BE PLACED,03-07-2016 12:33,6961632,3. Somegametowin,0,4.844448895389213,1,1,1,1001,1,1001,0,0,0
125442024,BAGS cards / CPark 3rd Jul,TO BE PLACED,03-07-2016 19:04,7199284,2. Flaming Dawn,0,4.47612381434359,1,1,1,1001,1,1001,0,0,0
125442026,BAGS cards / CPark 3rd Jul,TO BE PLACED,03-07-2016 19:21,7631208,6. Cushie Allstar,0,3.7,1,1,1,1001,1,1001,0,0,0
125442000,BAGS cards / Poole 3rd Jul,TO BE PLACED,03-07-2016 19:12,8324757,1. She Was Crazy,0,4.6,1,1,1,1001,1,1001,0,0,0
125441924,BAGS cards / Hove 3rd Jul,TO BE PLACED,03-07-2016 13:12,8513272,4. Du Cane Road,1,4.8,1,1,1,1001,1,1001,0,0,0
101480742,AUS / Gawl (AUS) 3rd Jul,TO BE PLACED,03-07-2016 12:17,8818039,1. Astaire,0,,1,1,1,1001,1,1001,0,0,0
125441896,BAGS cards / BVue 3rd Jul,TO BE PLACED,03-07-2016 12:47,9392887,6. Farah,0,2.166244328175089,1,1,1,1001,1,1001,0,0,0
101480654,AUS / Heal (AUS) 3rd Jul,TO BE PLACED,03-07-2016 03:52,9516464,7. Alberts Patch,1,,1,3.65,1,1001,1,1001,5.64,0,0
125441969,BAGS cards / Kinsl 3rd Jul,TO BE PLACED,03-07-2016 15:04,9467821,1. Maglass Vic,1,2.879701359423344,1,1,1,1001,1,1001,0,0,0
125442010,BAGS cards / Poole 3rd Jul,TO BE PLACED,03-07-2016 20:37,9596300,5. Group Kawasaki,0,7.175449393568561,1,1,1,1001,1,1001,0,0,0
101480792,AUS / Canb (AUS) 3rd Jul,TO BE PLACED,03-07-2016 11:25,10109387,3. Shirley Bass,0,,1,1.43206631427198462277751081210956271024,1,1001,1,1001,41.62,0,0
125441967,BAGS cards / Kinsl 3rd Jul,TO BE PLACED,03-07-2016 14:47,10070280,5. Fleetwood Bucko,0,5.9,1,1,1,1001,1,1001,0,0,0
125442012,BAGS cards / Poole 3rd Jul,TO BE PLACED,03-07-2016 20:53,10075566,4. Shellgrove Clint,1,2.3,1,1,1,1001,1,1001,0,0,0
101480746,AUS / APrk (AUS) 3rd Jul,TO BE PLACED,03-07-2016 08:17,10139324,7. Legend Mate,1,,1,2.03333333333333333333333333333333333333,1,1001,1,1001,16.92,0,0
125441900,BAGS cards / BVue 3rd Jul,TO BE PLACED,03-07-2016 13:21,10241455,3. Kilpatrick Betzy,0,3.5,1,1,1,1001,1,1001,0,0,0
125442067,Televised Cards / Henl 3rd Jul,TO BE PLACED,03-07-2016 21:15,10188992,4. Coolavanny Bisto,1,13.5,1,1,1,1001,1,1001,0,0,0
101480664,AUS / Heal (AUS) 3rd Jul,TO BE PLACED,03-07-2016 05:27,10151282,5. Still The One,1,,1,3.32962546816479400749063670411985018727,1,1001,1,1001,16.02,0,0
101480786,AUS / Canb (AUS) 3rd Jul,TO BE PLACED,03-07-2016 10:22,10285044,5. Slick Cosmic,0,,1,2.5,1,1001,1,1001,11.28,0,0
101480716,AUS / Sale (AUS) 3rd Jul,TO BE PLACED,03-07-2016 10:28,10463281,4. Zipping Zali,1,,1,1.99383333333333333333333333333333333333,1,1001,1,1001,60,0,0
101480760,AUS / APrk (AUS) 3rd Jul,TO BE PLACED,03-07-2016 10:44,10491008,7. Miranda Rose Hi,0,,1,4.70541549953314659197012138188608776844,1,1001,1,1001,21.42,0,0
125441981,BAGS cards / Kinsl 3rd Jul,TO BE PLACED,03-07-2016 16:41,10495405,1. Going For Broke,0,2.3,1,1,1,1001,1,1001,0,0,0
125441973,BAGS cards / Kinsl 3rd Jul,TO BE PLACED,03-07-2016 15:37,10639880,3. Darver Hallielou,0,3.6746945611496633,1,1,1,1001,1,1001,0,0,0
125441886,BAGS cards / BVue 3rd Jul,TO BE PLACED,03-07-2016 11:34,10582212,6. Millbank Blake,0,6.2,1,5.51034807149576669802445907808090310442,1,1001,1,1001,63.78,0,0
125441965,BAGS cards / Kinsl 3rd Jul,TO BE PLACED,03-07-2016 14:29,10730500,2. Swift Irelia,1,3.75,1,1,1,1001,1,1001,0,0,0
125441992,BAGS cards / Poole 3rd Jul,TO BE PLACED,03-07-2016 18:04,10746846,4. Corban Tom,1,1.8850833721831437,1,1,1,1001,1,1001,0,0,0
125441884,BAGS cards / BVue 3rd Jul,TO BE PLACED,03-07-2016 11:19,10863556,1. Anglesey Bertie,0,3,1,2.33169715285509782090027039923651980277,1,1001,1,1001,125.74,0,0
125441961,BAGS cards / PBarr 3rd Jul,TO BE PLACED,03-07-2016 17:46,10813180,1. Bodens Boyo,0,6.4,1,1,1,1001,1,1001,0,0,0
125441953,BAGS cards / PBarr 3rd Jul,TO BE PLACED,03-07-2016 16:33,10989867,2. Our Lucky Star,1,2.18,1,1,1,1001,1,1001,0,0,0
101480766,AUS / APrk (AUS) 3rd Jul,TO BE PLACED,03-07-2016 11:57,10940020,3. Wiggle,0,,1,2.4,1,1001,1,1001,5.64,0,0
125441892,BAGS cards / BVue 3rd Jul,TO BE PLACED,03-07-2016 12:18,11016064,5. Sister Of Souls,1,8,1,1,1,1001,1,1001,0,0,0
101480766,AUS / APrk (AUS) 3rd Jul,TO BE PLACED,03-07-2016 11:57,11149268,7. Coup De Kahn,1,,1,1.72868678845644691554143500132380195923,1,1001,1,1001,151.08,0,0
125442038,BAGS cards / CPark 3rd Jul,TO BE PLACED,03-07-2016 21:02,11064496,4. Balboa Skywalker,0,3.4,1,1,1,1001,1,1001,0,0,0
125441886,BAGS cards / BVue 3rd Jul,TO BE PLACED,03-07-2016 11:34,11197712,3. Tally Ho Rainbow,0,2.24,1,1.99891228070175438596491228070175438596,1,1001,1,1001,273.6,0,0
125442036,BAGS cards / CPark 3rd Jul,TO BE PLACED,03-07-2016 20:45,11231630,6. Dodake Express,0,3.4,1,1,1,1001,1,1001,0,0,0
125441992,BAGS cards / Poole 3rd Jul,TO BE PLACED,03-07-2016 18:04,11211833,3. Droopys Circle,0,2.32,1,1,1,1001,1,1001,0,0,0
101480658,AUS / Heal (AUS) 3rd Jul,TO BE PLACED,03-07-2016 04:27,11246772,6. Champion Exhibit,1,,1,2.28,1,1001,1,1001,.02,0,0
125442036,BAGS cards / CPark 3rd Jul,TO BE PLACED,03-07-2016 20:45,11390407,4. Breakfast Show,0,6,1,1,1,1001,1,1001,0,0,0
101480752,AUS / APrk (AUS) 3rd Jul,TO BE PLACED,03-07-2016 09:21,11361805,5. Mister Swifty,1,,1,3.3,1,1001,1,1001,11.28,0,0
125442045,Televised Cards / Henl 3rd Jul,TO BE PLACED,03-07-2016 18:30,11391343,2. Tambuca,1,1.5129863778411528,1,1,1,1001,1,1001,0,0,0
125442045,Televised Cards / Henl 3rd Jul,TO BE PLACED,03-07-2016 18:30,11391345,4. Kincali Jem,0,8.4,1,1,1,1001,1,1001,0,0,0
101480772,AUS / Canb (AUS) 3rd Jul,TO BE PLACED,03-07-2016 07:53,11396235,10. Leadfinger,1,,1,1.91498891352549889135254988913525498891,1,1001,1,1001,45.1,0,0
101480792,AUS / Canb (AUS) 3rd Jul,TO BE PLACED,03-07-2016 11:25,11396269,1. High Wind,0,,1,2.14924913985023274640760979558793766444,1,1001,1,1001,197.64,0,0
101480724,AUS / Gawl (AUS) 3rd Jul,TO BE PLACED,03-07-2016 09:10,11396279,5. Why Not Joy,0,,1,4.7,1,1001,1,1001,5.64,0,0
101480804,AUS / Darw (AUS) 3rd Jul,TO BE PLACED,03-07-2016 10:38,11396303,1. Stanislav,1,,1,2.04,1,1001,1,1001,28.18,0,0
101480744,AUS / Gawl (AUS) 3rd Jul,TO BE PLACED,03-07-2016 12:32,11396348,7. Miss Collectable,0,,1,1,1,1001,1,1001,0,0,0
101480764,AUS / APrk (AUS) 3rd Jul,TO BE PLACED,03-07-2016 11:32,11396350,3. Alota Amy,0,,1,1.38,1,1001,1,1001,33.82,0,0
125441957,BAGS cards / PBarr 3rd Jul,TO BE PLACED,03-07-2016 17:08,8035560,4. Pass It Wiggy,0,3.45,1,1,1,1001,1,1001,0,0,0
101480812,AUS / Darw (AUS) 3rd Jul,TO BE PLACED,03-07-2016 12:07,8563475,3. Irish Gift,0,,1,1,1,1001,1,1001,0,0,0
125442030,BAGS cards / CPark 3rd Jul,TO BE PLACED,03-07-2016 19:54,8705899,3. Aghaburren Chris,0,4.3,1,1,1,1001,1,1001,0,0,0
125441963,BAGS cards / Kinsl 3rd Jul,TO BE PLACED,03-07-2016 14:12,8776229,5. Barbican Belle,0,5.3,1,1,1,1001,1,1001,0,0,0
125441882,BAGS cards / BVue 3rd Jul,TO BE PLACED,03-07-2016 11:03,8921476,5. Geneva Encore,0,3.946271985,1,2.75458567499701064211407389692694009327,1,1001,1,1001,167.26,0,0
125441902,BAGS cards / BVue 3rd Jul,TO BE PLACED,03-07-2016 13:37,9056148,5. Lozzie Lou,1,4.2,1,1,1,1001,1,1001,0,0,0
125441979,BAGS cards / Kinsl 3rd Jul,TO BE PLACED,03-07-2016 16:27,9145718,4. Scarthy Lass,0,2.14,1,1,1,1001,1,1001,0,0,0
125442002,BAGS cards / Poole 3rd Jul,TO BE PLACED,03-07-2016 19:29,9107466,4. Speed Gun,0,2.40964706,1,1,1,1001,1,1001,0,0,0
101480690,AUS / SPrk (AUS) 3rd Jul,TO BE PLACED,03-07-2016 07:09,9114613,3. Ringer,1,,1,1.54419091554293825408090844570617459191,1,1001,1,1001,56.36,0,0
101480764,AUS / APrk (AUS) 3rd Jul,TO BE PLACED,03-07-2016 11:32,9110383,1. Betown Gem,1,,1,1.55017180788754392815306520890277235455,1,1001,1,1001,51.22,0,0
101480740,AUS / Gawl (AUS) 3rd Jul,TO BE PLACED,03-07-2016 12:02,9103647,4. Oaky Doaks,0,,1,1,1,1001,1,1001,0,0,0
125441969,BAGS cards / Kinsl 3rd Jul,TO BE PLACED,03-07-2016 15:04,9389692,5. Black Sutton,1,2.38,1,1,1,1001,1,1001,0,0,0
125442049,Televised Cards / Henl 3rd Jul,TO BE PLACED,03-07-2016 19:00,9378347,5. Moyar Ranger,1,1.393587883,1,1,1,1001,1,1001,0,0,0
125442006,BAGS cards / Poole 3rd Jul,TO BE PLACED,03-07-2016 20:02,9438509,4. Chadwell Teddy,0,2.2910149037066736,1,1,1,1001,1,1001,0,0,0
101480790,AUS / Canb (AUS) 3rd Jul,TO BE PLACED,03-07-2016 11:05,9503733,7. Princetown,0,,1,3.8,1,1001,1,1001,5.64,0,0
125441996,BAGS cards / Poole 3rd Jul,TO BE PLACED,03-07-2016 18:37,9431645,3. Any Leeway,0,3.532642646,1,1,1,1001,1,1001,0,0,0
125441994,BAGS cards / Poole 3rd Jul,TO BE PLACED,03-07-2016 18:19,9596262,3. Pine Arch,0,5.4,1,1,1,1001,1,1001,0,0,0
125441973,BAGS cards / Kinsl 3rd Jul,TO BE PLACED,03-07-2016 15:37,9788174,6. Kilaharry Ted,1,2.535593046,1,1,1,1001,1,1001,0,0,0
101480690,AUS / SPrk (AUS) 3rd Jul,TO BE PLACED,03-07-2016 07:09,10125492,2. Skate Thin Ice,0,,1,1.40526772165618903099934966399306308259,1,1001,1,1001,92.26,0,0
101480738,AUS / Gawl (AUS) 3rd Jul,TO BE PLACED,03-07-2016 11:38,9971758,2. Honey Girl,0,,1,2.58,1,1001,1,1001,5.64,0,0
125442059,Televised Cards / Henl 3rd Jul,TO BE PLACED,03-07-2016 20:15,10187790,1. Head Iton Sandy,0,33.162711558695875,1,1,1,1001,1,1001,0,0,0
101480768,AUS / APrk (AUS) 3rd Jul,TO BE PLACED,03-07-2016 12:12,10247971,1. Island Fantasy,1,,1,1,1,1001,1,1001,0,0,0
125441939,BAGS cards / PBarr 3rd Jul,TO BE PLACED,03-07-2016 14:38,10401025,5. Bumblebee Ciana,0,1.686871337268385,1,1,1,1001,1,1001,0,0,0
125441930,BAGS cards / Hove 3rd Jul,TO BE PLACED,03-07-2016 13:58,10294250,3. Tyrur Gabrielle,0,2.58,1,1,1,1001,1,1001,0,0,0
125441975,BAGS cards / Kinsl 3rd Jul,TO BE PLACED,03-07-2016 15:53,10496282,2. Wheres Terry,1,2.258987903516685,1,1,1,1001,1,1001,0,0,0
125441957,BAGS cards / PBarr 3rd Jul,TO BE PLACED,03-07-2016 17:08,10453292,2. Theos Charm,1,3.611174490251578,1,1,1,1001,1,1001,0,0,0
125442018,BAGS cards / CPark 3rd Jul,TO BE PLACED,03-07-2016 18:11,10524759,4. Strides Ruso,0,4.3,1,1,1,1001,1,1001,0,0,0
125441963,BAGS cards / Kinsl 3rd Jul,TO BE PLACED,03-07-2016 14:12,10661805,4. Clounamon Master,0,3.25,1,1,1,1001,1,1001,0,0,0
125442038,BAGS cards / CPark 3rd Jul,TO BE PLACED,03-07-2016 21:02,10595691,5. Golovkin,0,3.25,1,1,1,1001,1,1001,0,0,0
125441953,BAGS cards / PBarr 3rd Jul,TO BE PLACED,03-07-2016 16:33,10570314,5. Tally Ho Miller,0,2.496187558387173,1,1,1,1001,1,1001,0,0,0
101480774,AUS / Canb (AUS) 3rd Jul,TO BE PLACED,03-07-2016 08:14,10664989,2. Elle Nette Lee,1,,1,1.86,1,1001,1,1001,44.86,0,0
101480766,AUS / APrk (AUS) 3rd Jul,TO BE PLACED,03-07-2016 11:57,10774885,2. Fabre Force,0,,1,1.71878603544035969320285638719915366305,1,1001,1,1001,75.62,0,0
125441882,BAGS cards / BVue 3rd Jul,TO BE PLACED,03-07-2016 11:03,10839752,4. Rosegrove Lass,1,2.16,1,1.68631687242798353909465020576131687243,1,1001,1,1001,97.2,0,0
125441996,BAGS cards / Poole 3rd Jul,TO BE PLACED,03-07-2016 18:37,10890380,2. Bailey Blitz,0,3.55,1,1,1,1001,1,1001,0,0,0
125441945,BAGS cards / PBarr 3rd Jul,TO BE PLACED,03-07-2016 15:29,10888696,1. Colmyard Kitty,0,3.5,1,1,1,1001,1,1001,0,0,0
101480702,AUS / Sale (AUS) 3rd Jul,TO BE PLACED,03-07-2016 07:59,10997642,7. Aston Hammer,1,,1,1.53,1,1001,1,1001,6.76,0,0
125441992,BAGS cards / Poole 3rd Jul,TO BE PLACED,03-07-2016 18:04,10942465,1. Spoton Rosefinch,0,2.86,1,1,1,1001,1,1001,0,0,0
125442045,Televised Cards / Henl 3rd Jul,TO BE PLACED,03-07-2016 18:30,11065283,5. Sambuca,0,4.4,1,1,1,1001,1,1001,0,0,0
125442028,BAGS cards / CPark 3rd Jul,TO BE PLACED,03-07-2016 19:37,11046404,5. Hollyoak Tempest,0,8.6,1,1,1,1001,1,1001,0,0,0
101480756,AUS / APrk (AUS) 3rd Jul,TO BE PLACED,03-07-2016 10:05,11235294,5. Spring Crusher,1,,1,2.74,1,1001,1,1001,11.28,0,0
125441918,BAGS cards / Hove 3rd Jul,TO BE PLACED,03-07-2016 12:27,11248326,2. Spiden Lizzie,0,2.38,1,1,1,1001,1,1001,0,0,0
125441920,BAGS cards / Hove 3rd Jul,TO BE PLACED,03-07-2016 12:41,11282957,6. Perro Par,0,5.162471363520661,1,1,1,1001,1,1001,0,0,0
125441920,BAGS cards / Hove 3rd Jul,TO BE PLACED,03-07-2016 12:41,11284589,2. Dinner Osidge,0,2.36,1,1,1,1001,1,1001,0,0,0
125441987,BAGS cards / Kinsl 3rd Jul,TO BE PLACED,03-07-2016 17:37,11257064,4. Sporting Prince,1,2.12,1,1,1,1001,1,1001,0,0,0
125441890,BAGS cards / BVue 3rd Jul,TO BE PLACED,03-07-2016 12:04,11390717,3. Astons Bolt,1,2.44,1,2.36452635471736998987433634166360040742,1,1001,1,1001,27.04,0,0
101480698,AUS / SPrk (AUS) 3rd Jul,TO BE PLACED,03-07-2016 08:28,11396188,4. Bel Air Mist,1,,1,1.72,1,1001,1,1001,16.92,0,0
101480668,AUS / Heal (AUS) 3rd Jul,TO BE PLACED,03-07-2016 06:05,11396223,1. Arby,0,,1,1.43,1,1001,1,1001,35.56,0,0
125441937,BAGS cards / PBarr 3rd Jul,TO BE PLACED,03-07-2016 14:21,11397365,2. Yeah Marty (Res),1,2.96,1,1,1,1001,1,1001,0,0,0
125441937,BAGS cards / PBarr 3rd Jul,TO BE PLACED,03-07-2016 14:21,11388497,3. Effernogue Heidi,0,4.2,1,1,1,1001,1,1001,0,0,0
125442006,BAGS cards / Poole 3rd Jul,TO BE PLACED,03-07-2016 20:02,7127978,5. Kilgraney Cream,1,3,1,1,1,1001,1,1001,0,0,0
125442014,BAGS cards / Poole 3rd Jul,TO BE PLACED,03-07-2016 21:11,8393812,1. Minglers Gem,0,2.72,1,1,1,1001,1,1001,0,0,0
125441977,BAGS cards / Kinsl 3rd Jul,TO BE PLACED,03-07-2016 16:09,8389634,5. Bizzy Katie,0,2.4,1,1,1,1001,1,1001,0,0,0
125442067,Televised Cards / Henl 3rd Jul,TO BE PLACED,03-07-2016 21:15,8351189,1. Blackrose Vic,0,1.41,1,1,1,1001,1,1001,0,0,0
125442032,BAGS cards / CPark 3rd Jul,TO BE PLACED,03-07-2016 20:11,8693300,4. Hollyoak Galahad,0,4.1,1,1,1,1001,1,1001,0,0,0
125441953,BAGS cards / PBarr 3rd Jul,TO BE PLACED,03-07-2016 16:33,8760159,6. Rustletheleaves,0,2.86,1,1,1,1001,1,1001,0,0,0
125441947,BAGS cards / PBarr 3rd Jul,TO BE PLACED,03-07-2016 15:44,8821781,6. Albans Flash,0,3.481582008525729,1,1,1,1001,1,1001,0,0,0
125441985,BAGS cards / Kinsl 3rd Jul,TO BE PLACED,03-07-2016 17:17,8905782,5. Kilara Flash,1,4.5,1,1,1,1001,1,1001,0,0,0
125441985,BAGS cards / Kinsl 3rd Jul,TO BE PLACED,03-07-2016 17:17,8939335,2. Saleen Sail,0,3.55,1,1,1,1001,1,1001,0,0,0
125442010,BAGS cards / Poole 3rd Jul,TO BE PLACED,03-07-2016 20:37,8928788,3. Curryhills Lmont,0,4.3,1,1,1,1001,1,1001,0,0,0
125441914,BAGS cards / Hove 3rd Jul,TO BE PLACED,03-07-2016 11:57,9015882,5. Miss Jolly,0,2.52,1,2.57245591644310160706378766962727580549,1,1001,1,1001,767.86,0,0
125441998,BAGS cards / Poole 3rd Jul,TO BE PLACED,03-07-2016 18:55,9042969,6. Ide Luka,1,2.373559384417198,1,1,1,1001,1,1001,0,0,0
101480784,AUS / Canb (AUS) 3rd Jul,TO BE PLACED,03-07-2016 09:58,9304030,8. Dana Peach,1,,1,1.85,1,1001,1,1001,39.46,0,0
125441924,BAGS cards / Hove 3rd Jul,TO BE PLACED,03-07-2016 13:12,9512067,3. Pennys Bolt,0,2.88,1,1,1,1001,1,1001,0,0,0
125441985,BAGS cards / Kinsl 3rd Jul,TO BE PLACED,03-07-2016 17:17,9512904,4. Bartlemy Knoxy,0,2.22,1,1,1,1001,1,1001,0,0,0
101480734,AUS / Gawl (AUS) 3rd Jul,TO BE PLACED,03-07-2016 10:55,9456433,2. Storming Kinship,0,,1,2.7380184440766138567037124615748403878,1,1001,1,1001,84.58,0,0
125442012,BAGS cards / Poole 3rd Jul,TO BE PLACED,03-07-2016 20:53,9678416,3. Galley Brae,0,3.5,1,1,1,1001,1,1001,0,0,0
101480710,AUS / Sale (AUS) 3rd Jul,TO BE PLACED,03-07-2016 09:24,10093296,4. Rack Tap Rack,0,,1,2.14,1,1001,1,1001,13.1,0,0
125441916,BAGS cards / Hove 3rd Jul,TO BE PLACED,03-07-2016 12:12,10212933,4. Rigellian,1,5.3,1,1,1,1001,1,1001,0,0,0
125441904,BAGS cards / BVue 3rd Jul,TO BE PLACED,03-07-2016 13:51,10254167,1. Ballymac Bunlahy,0,3.75,1,1,1,1001,1,1001,0,0,0
101480760,AUS / APrk (AUS) 3rd Jul,TO BE PLACED,03-07-2016 10:44,10341481,4. Master Corsair,1,,1,2.4,1,1001,1,1001,16.92,0,0
101480714,AUS / Sale (AUS) 3rd Jul,TO BE PLACED,03-07-2016 10:08,10302009,5. Kiss My Fuji,0,,1,3.4,1,1001,1,1001,5.64,0,0
125441900,BAGS cards / BVue 3rd Jul,TO BE PLACED,03-07-2016 13:21,10621300,5. Trigonometry,0,8.6,1,1,1,1001,1,1001,0,0,0
125442030,BAGS cards / CPark 3rd Jul,TO BE PLACED,03-07-2016 19:54,10571213,1. Loughside Flossy,0,4.13752238814719,1,1,1,1001,1,1001,0,0,0
125441922,BAGS cards / Hove 3rd Jul,TO BE PLACED,03-07-2016 12:58,10639038,4. Zebo Supreme,1,2.5595502497412967,1,1,1,1001,1,1001,0,0,0
101480656,AUS / Heal (AUS) 3rd Jul,TO BE PLACED,03-07-2016 04:11,10610239,2. Mr Coops,1,,1,3.1,1,1001,1,1001,5.64,0,0
125442000,BAGS cards / Poole 3rd Jul,TO BE PLACED,03-07-2016 19:12,10571874,2. Blackboy Minnie,1,1.568485104299616,1,1,1,1001,1,1001,0,0,0
125441914,BAGS cards / Hove 3rd Jul,TO BE PLACED,03-07-2016 11:57,10746167,4. Beanos Nell,1,2,1,1.88615225904248599941050149479978104341,1,1001,1,1001,949.96,0,0
101480786,AUS / Canb (AUS) 3rd Jul,TO BE PLACED,03-07-2016 10:22,10774808,8. Walkaway High,1,,1,2.08891257995735607675906183368869936034,1,1001,1,1001,56.28,0,0
101480710,AUS / Sale (AUS) 3rd Jul,TO BE PLACED,03-07-2016 09:24,10800237,2. Omega Sniper,1,,1,1.66,1,1001,1,1001,16.92,0,0
125442014,BAGS cards / Poole 3rd Jul,TO BE PLACED,03-07-2016 21:11,10868985,3. Ardera Ryan,1,2.52,1,1,1,1001,1,1001,0,0,0
125442004,BAGS cards / Poole 3rd Jul,TO BE PLACED,03-07-2016 19:46,10818744,5. Tic Tok Master,0,2.6,1,1,1,1001,1,1001,0,0,0
125441992,BAGS cards / Poole 3rd Jul,TO BE PLACED,03-07-2016 18:04,10818424,5. Prussian Witch,1,5.3,1,1,1,1001,1,1001,0,0,0
101480756,AUS / APrk (AUS) 3rd Jul,TO BE PLACED,03-07-2016 10:05,11027571,4. Cosmo Len,0,,1,2.2,1,1001,1,1001,28.18,0,0
125441908,BAGS cards / Hove 3rd Jul,TO BE PLACED,03-07-2016 11:11,11011926,3. Missile Command,0,3.1,1,2.1676805375647668393782383419689119171,1,1001,1,1001,494.08,0,0
125442057,Televised Cards / Henl 3rd Jul,TO BE PLACED,03-07-2016 20:00,11012243,3. Blackrose Dude,1,1.94,1,1,1,1001,1,1001,0,0,0
125441898,BAGS cards / BVue 3rd Jul,TO BE PLACED,03-07-2016 13:04,11046615,6. Mustang Brave,0,2.24,1,1,1,1001,1,1001,0,0,0
125441953,BAGS cards / PBarr 3rd Jul,TO BE PLACED,03-07-2016 16:33,11073840,3. Burgess Seamie,1,2.98,1,1,1,1001,1,1001,0,0,0
125441949,BAGS cards / PBarr 3rd Jul,TO BE PLACED,03-07-2016 16:02,11073882,6. Robeen Sailor,0,2.2,1,1,1,1001,1,1001,0,0,0
125441930,BAGS cards / Hove 3rd Jul,TO BE PLACED,03-07-2016 13:58,11073956,1. Myles Baby,1,2.18,1,1,1,1001,1,1001,0,0,0
101480664,AUS / Heal (AUS) 3rd Jul,TO BE PLACED,03-07-2016 05:27,11224830,8. Flying Mikayla,0,,1,2.15933064516129032258064516129032258065,1,1001,1,1001,49.6,0,0
125442032,BAGS cards / CPark 3rd Jul,TO BE PLACED,03-07-2016 20:11,11284863,6. Only Duke,1,3.9,1,1,1,1001,1,1001,0,0,0
125442018,BAGS cards / CPark 3rd Jul,TO BE PLACED,03-07-2016 18:11,11288209,2. Feora Scamp,1,1.42,1,1,1,1001,1,1001,0,0,0
125442036,BAGS cards / CPark 3rd Jul,TO BE PLACED,03-07-2016 20:45,11390406,3. Pookies Raptor,1,1.9990783612814267,1,1,1,1001,1,1001,0,0,0
125441882,BAGS cards / BVue 3rd Jul,TO BE PLACED,03-07-2016 11:03,11390691,1. Anglesey Gwalch,0,2.24,1,2.06810875562654276172498910991723537099,1,1001,1,1001,550.96,0,0
125442008,BAGS cards / Poole 3rd Jul,TO BE PLACED,03-07-2016 20:19,11390082,6. Rhinos Wocket,1,2.02,1,1,1,1001,1,1001,0,0,0
125442014,BAGS cards / Poole 3rd Jul,TO BE PLACED,03-07-2016 21:11,11390096,2. Drumnabeys Dingo,0,4.8,1,1,1,1001,1,1001,0,0,0
101480680,AUS / SPrk (AUS) 3rd Jul,TO BE PLACED,03-07-2016 05:36,11396119,7. Bonte,1,,1,2,1,1001,1,1001,26,0,0
125442065,Televised Cards / Henl 3rd Jul,TO BE PLACED,03-07-2016 21:00,11391403,6. Aughane Val,0,4.333333333333334,1,1,1,1001,1,1001,0,0,0
101480782,AUS / Canb (AUS) 3rd Jul,TO BE PLACED,03-07-2016 09:38,11396244,1. Blucifer,1,,1,1.6499352834584519803261713694020191561,1,1001,1,1001,77.26,0,0
101480750,AUS / APrk (AUS) 3rd Jul,TO BE PLACED,03-07-2016 09:02,11396329,3. Shaylor Cherry,1,,1,3.5,1,1001,1,1001,1.12,0,0
101480766,AUS / APrk (AUS) 3rd Jul,TO BE PLACED,03-07-2016 11:57,11396351,5. Frosty Fantasy,1,,1,2,1,1001,1,1001,50.74,0,0
125441910,BAGS cards / Hove 3rd Jul,TO BE PLACED,03-07-2016 11:28,7562754,3. Swift Danny,0,2.7,1,2.76548315451377024533588464429713660903,1,1001,1,1001,1170.64,0,0
125441916,BAGS cards / Hove 3rd Jul,TO BE PLACED,03-07-2016 12:12,7700113,6. Next Customer,0,5.6,1,1,1,1001,1,1001,0,0,0
125441987,BAGS cards / Kinsl 3rd Jul,TO BE PLACED,03-07-2016 17:37,8012753,1. Summerfield Dubh,0,5.2,1,1,1,1001,1,1001,0,0,0
101480740,AUS / Gawl (AUS) 3rd Jul,TO BE PLACED,03-07-2016 12:02,8537678,7. Sunday Pints,0,,1,1,1,1001,1,1001,0,0,0
125442040,BAGS cards / CPark 3rd Jul,TO BE PLACED,03-07-2016 21:19,8603788,5. Gem Twist,0,4.6,1,1,1,1001,1,1001,0,0,0
125441935,BAGS cards / PBarr 3rd Jul,TO BE PLACED,03-07-2016 14:06,9019831,5. Ascot Rory,0,3.35,1,1,1,1001,1,1001,0,0,0
101480732,AUS / Gawl (AUS) 3rd Jul,TO BE PLACED,03-07-2016 10:35,9224484,3. Disaaci,0,,1,3.05,1,1001,1,1001,157.86,0,0
125441894,BAGS cards / BVue 3rd Jul,TO BE PLACED,03-07-2016 12:33,9337678,1. Turbo Trommel,0,4.4109820356499405,1,1,1,1001,1,1001,0,0,0
125441943,BAGS cards / PBarr 3rd Jul,TO BE PLACED,03-07-2016 15:13,9343941,1. Trapper Ann,0,3.5,1,1,1,1001,1,1001,0,0,0
125442000,BAGS cards / Poole 3rd Jul,TO BE PLACED,03-07-2016 19:12,9490973,6. Legends Customer,0,11,1,1,1,1001,1,1001,0,0,0
101480668,AUS / Heal (AUS) 3rd Jul,TO BE PLACED,03-07-2016 06:05,9418020,4. Samsara Lass,1,,1,2.8,1,1001,1,1001,5.64,0,0
125441955,BAGS cards / PBarr 3rd Jul,TO BE PLACED,03-07-2016 16:47,9532104,5. Nomadic Timo,0,3.905372302649776,1,1,1,1001,1,1001,0,0,0
125441967,BAGS cards / Kinsl 3rd Jul,TO BE PLACED,03-07-2016 14:47,9533466,4. Isabella Clare,0,3.5,1,1,1,1001,1,1001,0,0,0
125441918,BAGS cards / Hove 3rd Jul,TO BE PLACED,03-07-2016 12:27,9664975,6. Ballymac Pod,0,3.5,1,1,1,1001,1,1001,0,0,0
125442020,BAGS cards / CPark 3rd Jul,TO BE PLACED,03-07-2016 18:28,9812634,5. Grey Sovereign,0,5.4,1,1,1,1001,1,1001,0,0,0
125442024,BAGS cards / CPark 3rd Jul,TO BE PLACED,03-07-2016 19:04,9678580,6. Clonminch Evelyn,1,1.8236200198324877,1,1,1,1001,1,1001,0,0,0
101480800,AUS / Darw (AUS) 3rd Jul,TO BE PLACED,03-07-2016 09:55,9609371,5. Smashing Waves,1,,1,1.87212765957446808510638297872340425532,1,1001,1,1001,16.92,0,0
125441979,BAGS cards / Kinsl 3rd Jul,TO BE PLACED,03-07-2016 16:27,9933603,2. Accordian Ed,0,5.3,1,1,1,1001,1,1001,0,0,0
125442008,BAGS cards / Poole 3rd Jul,TO BE PLACED,03-07-2016 20:19,10069689,4. Shanbally Fly,0,2.16,1,1,1,1001,1,1001,0,0,0
101480718,AUS / Sale (AUS) 3rd Jul,TO BE PLACED,03-07-2016 10:52,10259386,5. Darcon Dash,0,,1,1.84002239071802961681339372042135260292,1,1001,1,1001,393.02,0,0
101480684,AUS / SPrk (AUS) 3rd Jul,TO BE PLACED,03-07-2016 06:14,10276646,3. Dundee Cobra,0,,1,1.86,1,1001,1,1001,9.8,0,0
125441971,BAGS cards / Kinsl 3rd Jul,TO BE PLACED,03-07-2016 15:22,10261107,6. Snappies Dream,0,4.2,1,1,1,1001,1,1001,0,0,0
101480738,AUS / Gawl (AUS) 3rd Jul,TO BE PLACED,03-07-2016 11:38,10508630,1. Fayette,0,,1,1.6,1,1001,1,1001,516.4,0,0
101480676,AUS / SPrk (AUS) 3rd Jul,TO BE PLACED,03-07-2016 05:00,10466551,6. Challis Jack,0,,1,2.8,1,1001,1,1001,16.92,0,0
125441947,BAGS cards / PBarr 3rd Jul,TO BE PLACED,03-07-2016 15:44,10499099,2. Kevinsfort Aero,1,1.87,1,1,1,1001,1,1001,0,0,0
101480720,AUS / Sale (AUS) 3rd Jul,TO BE PLACED,03-07-2016 11:16,10433643,5. Lloyd Street,1,,1,2.74,1,1001,1,1001,5.64,0,0
125441892,BAGS cards / BVue 3rd Jul,TO BE PLACED,03-07-2016 12:18,10495888,2. Thornfield Pixie,0,2.1225584933019133,1,1,1,1001,1,1001,0,0,0
125441941,BAGS cards / PBarr 3rd Jul,TO BE PLACED,03-07-2016 14:57,10678504,3. Rye View Lady,0,6.8,1,1,1,1001,1,1001,0,0,0
125441914,BAGS cards / Hove 3rd Jul,TO BE PLACED,03-07-2016 11:57,10746109,6. Mairead Blue,1,11.275759009,1,6.65429268292682926829268292682926829268,1,1001,1,1001,41,0,0
125442022,BAGS cards / CPark 3rd Jul,TO BE PLACED,03-07-2016 18:46,10764703,5. Norths On Fire,0,8,1,1,1,1001,1,1001,0,0,0
101480754,AUS / APrk (AUS) 3rd Jul,TO BE PLACED,03-07-2016 09:41,10727361,9. Fast Shacko,1,,1,4.6,1,1001,1,1001,6.76,0,0
125441943,BAGS cards / PBarr 3rd Jul,TO BE PLACED,03-07-2016 15:13,10898605,6. Highfire Fuzzy,1,2.22,1,1,1,1001,1,1001,0,0,0
125441898,BAGS cards / BVue 3rd Jul,TO BE PLACED,03-07-2016 13:04,10960419,5. Newinn Ruby,0,5.1,1,1,1,1001,1,1001,0,0,0
101480658,AUS / Heal (AUS) 3rd Jul,TO BE PLACED,03-07-2016 04:27,11049687,7. Dr Yanma,0,,1,1.35,1,1001,1,1001,28.18,0,0
125441918,BAGS cards / Hove 3rd Jul,TO BE PLACED,03-07-2016 12:27,11102817,1. Fivestar Calvin,1,3.6,1,1,1,1001,1,1001,0,0,0
125441898,BAGS cards / BVue 3rd Jul,TO BE PLACED,03-07-2016 13:04,11069903,3. Kilara Allstar,1,4.8,1,1,1,1001,1,1001,0,0,0
125441884,BAGS cards / BVue 3rd Jul,TO BE PLACED,03-07-2016 11:19,11390700,4. Madame Mcglynn,0,6.504482240714133,1,4.28811443720313708163039876284104716669,1,1001,1,1001,181.06,0,0
101480700,AUS / Sale (AUS) 3rd Jul,TO BE PLACED,03-07-2016 07:39,11396193,7. Regional Chief,1,,1,1.53018550228310502283105022831050228311,1,1001,1,1001,70.08,0,0
125442045,Televised Cards / Henl 3rd Jul,TO BE PLACED,03-07-2016 18:30,11391347,6. Savana Lee,0,2.7434774991811723,1,1,1,1001,1,1001,0,0,0
125442049,Televised Cards / Henl 3rd Jul,TO BE PLACED,03-07-2016 19:00,11391355,3. Tuftys Leader,1,2,1,1,1,1001,1,1001,0,0,0
125442053,Televised Cards / Henl 3rd Jul,TO BE PLACED,03-07-2016 19:30,11391362,1. Ballymac Misty,0,2.3654507944779466,1,1,1,1001,1,1001,0,0,0
101480752,AUS / APrk (AUS) 3rd Jul,TO BE PLACED,03-07-2016 09:21,11396337,4. Outback Storm,0,,1,1.60016772895001677289500167728950016773,1,1001,1,1001,59.62,0,0
125442002,BAGS cards / Poole 3rd Jul,TO BE PLACED,03-07-2016 19:29,11390061,3. Dundee Nancy,0,5.784688995215311,1,1,1,1001,1,1001,0,0,0
125442059,Televised Cards / Henl 3rd Jul,TO BE PLACED,03-07-2016 20:15,3144119,5. Mr Stress,0,6.8,1,1,1,1001,1,1001,0,0,0
125441975,BAGS cards / Kinsl 3rd Jul,TO BE PLACED,03-07-2016 15:53,3883412,5. Clean Sheet,0,4.369416064559626,1,1,1,1001,1,1001,0,0,0
125441965,BAGS cards / Kinsl 3rd Jul,TO BE PLACED,03-07-2016 14:29,8212124,5. Lills Hero,1,4.2,1,1,1,1001,1,1001,0,0,0
125441896,BAGS cards / BVue 3rd Jul,TO BE PLACED,03-07-2016 12:47,8223098,4. Aghaburren Dawn,0,2.123209939846565,1,1,1,1001,1,1001,0,0,0
125441977,BAGS cards / Kinsl 3rd Jul,TO BE PLACED,03-07-2016 16:09,8410100,1. Shanless Draper,0,2.84,1,1,1,1001,1,1001,0,0,0
125442063,Televised Cards / Henl 3rd Jul,TO BE PLACED,03-07-2016 20:46,8844836,6. King Alley,0,2.193976867,1,1,1,1001,1,1001,0,0,0
125442063,Televised Cards / Henl 3rd Jul,TO BE PLACED,03-07-2016 20:46,8729027,2. Loughteen Eoin,0,4.4,1,1,1,1001,1,1001,0,0,0
125441981,BAGS cards / Kinsl 3rd Jul,TO BE PLACED,03-07-2016 16:41,8936507,3. Cappa Dan,1,3.2,1,1,1,1001,1,1001,0,0,0
125441973,BAGS cards / Kinsl 3rd Jul,TO BE PLACED,03-07-2016 15:37,9011735,2. Russanda Rory,0,3.05,1,1,1,1001,1,1001,0,0,0
125442024,BAGS cards / CPark 3rd Jul,TO BE PLACED,03-07-2016 19:04,9173789,5. Insane Bubble,0,5.5,1,1,1,1001,1,1001,0,0,0
125442051,Televised Cards / Henl 3rd Jul,TO BE PLACED,03-07-2016 19:15,9273515,2. Droopys Kenzo,1,1.3217578974942445,1,1,1,1001,1,1001,0,0,0
101480794,AUS / Darw (AUS) 3rd Jul,TO BE PLACED,03-07-2016 08:59,9378675,5. Turnaround Tobe,0,,1,3.040825,1,1001,1,1001,40,0,0
101480814,AUS / Darw (AUS) 3rd Jul,TO BE PLACED,03-07-2016 12:22,9417087,8. Just Vee,1,,1,1,1,1001,1,1001,0,0,0
125441910,BAGS cards / Hove 3rd Jul,TO BE PLACED,03-07-2016 11:28,9508668,6. Headford Poppy,0,7,1,6.07535460992907801418439716312056737589,1,1001,1,1001,90.24,0,0
125441971,BAGS cards / Kinsl 3rd Jul,TO BE PLACED,03-07-2016 15:22,9879426,4. Malbay Duchess,0,3.5,1,1,1,1001,1,1001,0,0,0
101480714,AUS / Sale (AUS) 3rd Jul,TO BE PLACED,03-07-2016 10:08,9695642,8. Good Judge Buddy,1,,1,2.4,1,1001,1,1001,16.92,0,0
101480812,AUS / Darw (AUS) 3rd Jul,TO BE PLACED,03-07-2016 12:07,9942433,1. Blue Away,1,,1,1,1,1001,1,1001,0,0,0
101480684,AUS / SPrk (AUS) 3rd Jul,TO BE PLACED,03-07-2016 06:14,10198525,6. Allen Impose,0,,1,4.8,1,1001,1,1001,17.04,0,0
101480758,AUS / APrk (AUS) 3rd Jul,TO BE PLACED,03-07-2016 10:25,10248039,5. Time For Abby,0,,1,1.47,1,1001,1,1001,33.82,0,0
101480660,AUS / Heal (AUS) 3rd Jul,TO BE PLACED,03-07-2016 04:48,10398841,5. Whos Driving,0,,1,1.97142857142857142857142857142857142857,1,1001,1,1001,39.48,0,0
125441930,BAGS cards / Hove 3rd Jul,TO BE PLACED,03-07-2016 13:58,10294275,4. Leemount Daisy,0,3.45,1,1,1,1001,1,1001,0,0,0
125441971,BAGS cards / Kinsl 3rd Jul,TO BE PLACED,03-07-2016 15:22,10368987,3. Kilmagner Melody,1,2.36,1,1,1,1001,1,1001,0,0,0
125441973,BAGS cards / Kinsl 3rd Jul,TO BE PLACED,03-07-2016 15:37,10451669,4. Avas Own,0,3.688574173463858,1,1,1,1001,1,1001,0,0,0
125442040,BAGS cards / CPark 3rd Jul,TO BE PLACED,03-07-2016 21:19,10453742,4. Durable Design,0,5.4,1,1,1,1001,1,1001,0,0,0
125442038,BAGS cards / CPark 3rd Jul,TO BE PLACED,03-07-2016 21:02,10615360,1. Kentish Rose,0,2.666666666666667,1,1,1,1001,1,1001,0,0,0
125441904,BAGS cards / BVue 3rd Jul,TO BE PLACED,03-07-2016 13:51,10591813,5. Tewmax Casper,0,2.74,1,1,1,1001,1,1001,0,0,0
125441957,BAGS cards / PBarr 3rd Jul,TO BE PLACED,03-07-2016 17:08,10556324,6. Forge Melody,0,4.4,1,1,1,1001,1,1001,0,0,0
125441916,BAGS cards / Hove 3rd Jul,TO BE PLACED,03-07-2016 12:12,10582371,3. Sarries,0,2.8692531791469085,1,1,1,1001,1,1001,0,0,0
125441900,BAGS cards / BVue 3rd Jul,TO BE PLACED,03-07-2016 13:21,10582284,6. Castlegore Paris,0,4.6,1,1,1,1001,1,1001,0,0,0
101480716,AUS / Sale (AUS) 3rd Jul,TO BE PLACED,03-07-2016 10:28,10706260,2. Quick Step,1,,1,1.41,1,1001,1,1001,11.28,0,0
125441941,BAGS cards / PBarr 3rd Jul,TO BE PLACED,03-07-2016 14:57,10767789,4. Ballygibbon Liz,0,3.6,1,1,1,1001,1,1001,0,0,0
125441902,BAGS cards / BVue 3rd Jul,TO BE PLACED,03-07-2016 13:37,10741758,2. Master Mcglynn,0,3.3,1,1,1,1001,1,1001,0,0,0
101480706,AUS / Sale (AUS) 3rd Jul,TO BE PLACED,03-07-2016 08:47,10759678,7. Lady Hook,0,,1,2.86,1,1001,1,1001,5.64,0,0
125441928,BAGS cards / Hove 3rd Jul,TO BE PLACED,03-07-2016 13:44,10768916,6. Liosgarbh Andy,0,5.4,1,1,1,1001,1,1001,0,0,0
125442020,BAGS cards / CPark 3rd Jul,TO BE PLACED,03-07-2016 18:28,10844170,4. Boomtown Bo,1,2.666666666666667,1,1,1,1001,1,1001,0,0,0
125442006,BAGS cards / Poole 3rd Jul,TO BE PLACED,03-07-2016 20:02,10793658,3. Ide Ruby Roo,0,2.3831654991841056,1,1,1,1001,1,1001,0,0,0
101480708,AUS / Sale (AUS) 3rd Jul,TO BE PLACED,03-07-2016 09:06,10873509,2. Blue Alcatraz,0,,1,1.66014477017734346724574737604053564966,1,1001,1,1001,55.26,0,0
101480734,AUS / Gawl (AUS) 3rd Jul,TO BE PLACED,03-07-2016 10:55,11029388,1. Gutta Journalism,0,,1,1.33200425682866264632848527846754168145,1,1001,1,1001,56.38,0,0
125442063,Televised Cards / Henl 3rd Jul,TO BE PLACED,03-07-2016 20:46,10970707,3. Blackrose Glenn,1,2.7,1,1,1,1001,1,1001,0,0,0
125441983,BAGS cards / Kinsl 3rd Jul,TO BE PLACED,03-07-2016 16:58,10975828,3. Billy The Kid,1,2.78,1,1,1,1001,1,1001,0,0,0
101480736,AUS / Gawl (AUS) 3rd Jul,TO BE PLACED,03-07-2016 11:19,11186557,5. Optic Blast,1,,1,2.16,1,1001,1,1001,.02,0,0
125442063,Televised Cards / Henl 3rd Jul,TO BE PLACED,03-07-2016 20:46,11391392,1. Coolykereen Rake,0,3.8,1,1,1,1001,1,1001,0,0,0
101480786,AUS / Canb (AUS) 3rd Jul,TO BE PLACED,03-07-2016 10:22,11396255,3. Blue Aces,0,,1,2.3,1,1001,1,1001,3.1,0,0
101480724,AUS / Gawl (AUS) 3rd Jul,TO BE PLACED,03-07-2016 09:10,11396274,1. La Rosquilla,1,,1,2.07226749760306807286673058485139022052,1,1001,1,1001,83.44,0,0
101480748,AUS / APrk (AUS) 3rd Jul,TO BE PLACED,03-07-2016 08:39,11396324,6. Naceys Hero,0,,1,2.02,1,1001,1,1001,.02,0,0
101480752,AUS / APrk (AUS) 3rd Jul,TO BE PLACED,03-07-2016 09:21,11396336,2. Hopeful Blue,0,,1,1.75897619047619047619047619047619047619,1,1001,1,1001,67.2,0,0
125441896,BAGS cards / BVue 3rd Jul,TO BE PLACED,03-07-2016 12:47,7557126,1. Gentle Roisin,1,1.906685249,1,1,1,1001,1,1001,0,0,0
125442012,BAGS cards / Poole 3rd Jul,TO BE PLACED,03-07-2016 20:53,8583805,5. Aldworth Tubber,0,3.9,1,1,1,1001,1,1001,0,0,0
101480806,AUS / Darw (AUS) 3rd Jul,TO BE PLACED,03-07-2016 10:58,8861399,8. Arnhem Rogue,0,,1,2.22,1,1001,1,1001,11.28,0,0
125442028,BAGS cards / CPark 3rd Jul,TO BE PLACED,03-07-2016 19:37,9016223,1. Design Girl,1,3.15,1,1,1,1001,1,1001,0,0,0
125441994,BAGS cards / Poole 3rd Jul,TO BE PLACED,03-07-2016 18:19,9267585,6. Away Day Duty,1,3.95,1,1,1,1001,1,1001,0,0,0
125441971,BAGS cards / Kinsl 3rd Jul,TO BE PLACED,03-07-2016 15:22,9508799,2. Knockmant Hunter,0,3.4,1,1,1,1001,1,1001,0,0,0
125442014,BAGS cards / Poole 3rd Jul,TO BE PLACED,03-07-2016 21:11,9418807,4. More Rosie,1,2.52,1,1,1,1001,1,1001,0,0,0
125442026,BAGS cards / CPark 3rd Jul,TO BE PLACED,03-07-2016 19:21,9431732,3. Viscountess,1,1.87,1,1,1,1001,1,1001,0,0,0
101480710,AUS / Sale (AUS) 3rd Jul,TO BE PLACED,03-07-2016 09:24,9641665,6. Phils In Luck,0,,1,3.8,1,1001,1,1001,5.64,0,0
101480686,AUS / SPrk (AUS) 3rd Jul,TO BE PLACED,03-07-2016 06:39,9952080,3. Nitro Power,1,,1,3.4,1,1001,1,1001,5.64,0,0
125442032,BAGS cards / CPark 3rd Jul,TO BE PLACED,03-07-2016 20:11,9934565,3. Talesofthetents,0,5.1,1,1,1,1001,1,1001,0,0,0
125442061,Televised Cards / Henl 3rd Jul,TO BE PLACED,03-07-2016 20:30,9934451,3. Triggers Master,0,1.681219402744173,1,1,1,1001,1,1001,0,0,0
101480730,AUS / Gawl (AUS) 3rd Jul,TO BE PLACED,03-07-2016 10:11,10109355,2. Super Veloce,1,,1,1.51104424778761061946902654867256637168,1,1001,1,1001,22.6,0,0
101480784,AUS / Canb (AUS) 3rd Jul,TO BE PLACED,03-07-2016 09:58,10109637,1. Grappa Miss,0,,1,1.62,1,1001,1,1001,6.76,0,0
125441977,BAGS cards / Kinsl 3rd Jul,TO BE PLACED,03-07-2016 16:09,10075219,6. Swift Scudamore,0,2.34,1,1,1,1001,1,1001,0,0,0
125442032,BAGS cards / CPark 3rd Jul,TO BE PLACED,03-07-2016 20:11,10294182,1. Hollyoak Tornado,0,2.12,1,1,1,1001,1,1001,0,0,0
101480706,AUS / Sale (AUS) 3rd Jul,TO BE PLACED,03-07-2016 08:47,10482656,5. Lonesome Katie,0,,1,3.65,1,1001,1,1001,11.28,0,0
101480798,AUS / Darw (AUS) 3rd Jul,TO BE PLACED,03-07-2016 09:35,10580643,4. Bombay Rock,0,,1,1.96,1,1001,1,1001,18.48,0,0
125442018,BAGS cards / CPark 3rd Jul,TO BE PLACED,03-07-2016 18:11,10564211,5. Bellagors Roxy,0,2.86,1,1,1,1001,1,1001,0,0,0
125441904,BAGS cards / BVue 3rd Jul,TO BE PLACED,03-07-2016 13:51,10543736,2. Stormtheweather,0,3.8,1,1,1,1001,1,1001,0,0,0
101480698,AUS / SPrk (AUS) 3rd Jul,TO BE PLACED,03-07-2016 08:28,10584529,2. Coo Coo Coconuts,1,,1,1.88,1,1001,1,1001,16.92,0,0
125441890,BAGS cards / BVue 3rd Jul,TO BE PLACED,03-07-2016 12:04,10570278,5. Thornfield Pearl,1,2.1420651474269112,1,2.56741195590441573319238422559597700021,1,1001,1,1001,151.86,0,0
125441951,BAGS cards / PBarr 3rd Jul,TO BE PLACED,03-07-2016 16:18,10717526,4. Light Of World,1,3.85,1,1,1,1001,1,1001,0,0,0
125441912,BAGS cards / Hove 3rd Jul,TO BE PLACED,03-07-2016 11:42,10768006,5. Wonkers Nod,0,4.433258726648053,1,2.73688439606013478486262312078797304303,1,1001,1,1001,115.74,0,0
125441916,BAGS cards / Hove 3rd Jul,TO BE PLACED,03-07-2016 12:12,10888161,1. Risky Roisin,0,2.28,1,1,1,1001,1,1001,0,0,0
125441979,BAGS cards / Kinsl 3rd Jul,TO BE PLACED,03-07-2016 16:27,10839437,5. Small Town Thief,1,6.8,1,1,1,1001,1,1001,0,0,0
125441894,BAGS cards / BVue 3rd Jul,TO BE PLACED,03-07-2016 12:33,10863561,6. Nightinaday,1,2.666666666666667,1,1,1,1001,1,1001,0,0,0
125442000,BAGS cards / Poole 3rd Jul,TO BE PLACED,03-07-2016 19:12,10889347,5. Suirview Model,0,5.9,1,1,1,1001,1,1001,0,0,0
125441951,BAGS cards / PBarr 3rd Jul,TO BE PLACED,03-07-2016 16:18,11141063,6. Clondoty Jasmin,1,2.42,1,1,1,1001,1,1001,0,0,0
125441983,BAGS cards / Kinsl 3rd Jul,TO BE PLACED,03-07-2016 16:58,11074068,5. Slaneyside Disco,0,3.2,1,1,1,1001,1,1001,0,0,0
101480678,AUS / SPrk (AUS) 3rd Jul,TO BE PLACED,03-07-2016 05:15,11224481,8. Bossin It,1,,1,2,1,1001,1,1001,12.22,0,0
125442065,Televised Cards / Henl 3rd Jul,TO BE PLACED,03-07-2016 21:00,11391401,4. Swift Nicklaus,0,10,1,1,1,1001,1,1001,0,0,0
101480726,AUS / Gawl (AUS) 3rd Jul,TO BE PLACED,03-07-2016 09:27,11323592,4. Harbison Miss,1,,1,2,1,1001,1,1001,5.64,0,0
125441945,BAGS cards / PBarr 3rd Jul,TO BE PLACED,03-07-2016 15:29,11388524,6. Ivory Keyes,1,3.0061876043322258,1,1,1,1001,1,1001,0,0,0
125441953,BAGS cards / PBarr 3rd Jul,TO BE PLACED,03-07-2016 16:33,11388546,4. Alfie Not To Far,0,4.4,1,1,1,1001,1,1001,0,0,0
125441957,BAGS cards / PBarr 3rd Jul,TO BE PLACED,03-07-2016 17:08,11388557,3. Roundini,1,2.54,1,1,1,1001,1,1001,0,0,0
101480802,AUS / Darw (AUS) 3rd Jul,TO BE PLACED,03-07-2016 10:14,6974582,7. Knocka Lefty,1,,1,1.5988089005235602094240837696335078534,1,1001,1,1001,30.56,0,0
125441918,BAGS cards / Hove 3rd Jul,TO BE PLACED,03-07-2016 12:27,7834910,3. Droopys Flash,0,2.36,1,1,1,1001,1,1001,0,0,0
125441975,BAGS cards / Kinsl 3rd Jul,TO BE PLACED,03-07-2016 15:53,7995529,4. Mother Shauna,0,4.449694899,1,1,1,1001,1,1001,0,0,0
125441987,BAGS cards / Kinsl 3rd Jul,TO BE PLACED,03-07-2016 17:37,8410129,6. Tromora Buddy,0,9,1,1,1,1001,1,1001,0,0,0
125441922,BAGS cards / Hove 3rd Jul,TO BE PLACED,03-07-2016 12:58,8381893,6. Roses Risk,1,2.36,1,1,1,1001,1,1001,0,0,0
101480740,AUS / Gawl (AUS) 3rd Jul,TO BE PLACED,03-07-2016 12:02,8647048,8. Dyna Inca,0,,1,1,1,1001,1,1001,0,0,0
125441935,BAGS cards / PBarr 3rd Jul,TO BE PLACED,03-07-2016 14:06,8612203,2. Giles Cross,0,4.5,1,1,1,1001,1,1001,0,0,0
125441947,BAGS cards / PBarr 3rd Jul,TO BE PLACED,03-07-2016 15:44,8730135,1. Any Given Choice,0,2.666666666666667,1,1,1,1001,1,1001,0,0,0
125441894,BAGS cards / BVue 3rd Jul,TO BE PLACED,03-07-2016 12:33,8775473,2. Black Lash Ash,1,3.35,1,1,1,1001,1,1001,0,0,0
101480806,AUS / Darw (AUS) 3rd Jul,TO BE PLACED,03-07-2016 10:58,8861472,1. Elite Effort,1,,1,2.4,1,1001,1,1001,38.34,0,0
125441992,BAGS cards / Poole 3rd Jul,TO BE PLACED,03-07-2016 18:04,8856972,6. Away Day Nutz,0,3.5,1,1,1,1001,1,1001,0,0,0
125441949,BAGS cards / PBarr 3rd Jul,TO BE PLACED,03-07-2016 16:02,8857415,4. Getting Wise,1,2.34,1,1,1,1001,1,1001,0,0,0
101480732,AUS / Gawl (AUS) 3rd Jul,TO BE PLACED,03-07-2016 10:35,8987142,2. Il Signo,1,,1,2.60024478041756659467242620590352771778,1,1001,1,1001,250.02,0,0
125441902,BAGS cards / BVue 3rd Jul,TO BE PLACED,03-07-2016 13:37,8968839,6. Fiery Quill,1,2.92,1,1,1,1001,1,1001,0,0,0
125441963,BAGS cards / Kinsl 3rd Jul,TO BE PLACED,03-07-2016 14:12,8871453,3. Ballymac Keegan,0,3.75,1,1,1,1001,1,1001,0,0,0
125441898,BAGS cards / BVue 3rd Jul,TO BE PLACED,03-07-2016 13:04,8869361,2. Aero Goytee,0,3.2,1,1,1,1001,1,1001,0,0,0
101480720,AUS / Sale (AUS) 3rd Jul,TO BE PLACED,03-07-2016 11:16,9196894,3. Meadows One,0,,1,1.77,1,1001,1,1001,34.2,0,0
125442067,Televised Cards / Henl 3rd Jul,TO BE PLACED,03-07-2016 21:15,9353229,6. Kilfane King,0,11.5,1,1,1,1001,1,1001,0,0,0
125441983,BAGS cards / Kinsl 3rd Jul,TO BE PLACED,03-07-2016 16:58,9273330,6. Kelvin Grove,0,2.34,1,1,1,1001,1,1001,0,0,0
101480804,AUS / Darw (AUS) 3rd Jul,TO BE PLACED,03-07-2016 10:38,9362339,4. Miss Boss,0,,1,3.5,1,1001,1,1001,16.92,0,0
125441969,BAGS cards / Kinsl 3rd Jul,TO BE PLACED,03-07-2016 15:04,9391279,2. Ushers Tim,0,2.4011604877761377,1,1,1,1001,1,1001,0,0,0
125442061,Televised Cards / Henl 3rd Jul,TO BE PLACED,03-07-2016 20:30,9473076,1. Fire Height Tosh,1,1.193015837,1,1,1,1001,1,1001,0,0,0
125441963,BAGS cards / Kinsl 3rd Jul,TO BE PLACED,03-07-2016 14:12,9508129,6. Daras Confirmed,0,1.7231471491646153,1,1,1,1001,1,1001,0,0,0
125442002,BAGS cards / Poole 3rd Jul,TO BE PLACED,03-07-2016 19:29,9513015,1. My Annie,0,2.4,1,1,1,1001,1,1001,0,0,0
125442034,BAGS cards / CPark 3rd Jul,TO BE PLACED,03-07-2016 20:28,9513644,2. Barnfield Bear,1,1.8982166352498455,1,1,1,1001,1,1001,0,0,0
125442053,Televised Cards / Henl 3rd Jul,TO BE PLACED,03-07-2016 19:30,9471767,3. Savana Jamie,0,4.1,1,1,1,1001,1,1001,0,0,0
125442006,BAGS cards / Poole 3rd Jul,TO BE PLACED,03-07-2016 20:02,9660035,6. Blackstone Hugh,0,8,1,1,1,1001,1,1001,0,0,0
101480738,AUS / Gawl (AUS) 3rd Jul,TO BE PLACED,03-07-2016 11:38,10107796,3. Asa Jack Keene,0,,1,2.3,1,1001,1,1001,22.56,0,0
125441994,BAGS cards / Poole 3rd Jul,TO BE PLACED,03-07-2016 18:19,10110320,1. Nobodys Duffer,1,3.5,1,1,1,1001,1,1001,0,0,0
101480760,AUS / APrk (AUS) 3rd Jul,TO BE PLACED,03-07-2016 10:44,10172953,1. Royal Prize,0,,1,1.35,1,1001,1,1001,39.46,0,0
125441951,BAGS cards / PBarr 3rd Jul,TO BE PLACED,03-07-2016 16:18,10400030,5. Tyrur Clodagh,0,3.55,1,1,1,1001,1,1001,0,0,0
101480754,AUS / APrk (AUS) 3rd Jul,TO BE PLACED,03-07-2016 09:41,10387344,6. Secret Shay Anna,0,,1,5.7,1,1001,1,1001,11.28,0,0
125441998,BAGS cards / Poole 3rd Jul,TO BE PLACED,03-07-2016 18:55,10448413,1. General Comrade,0,5.8076923076923075,1,1,1,1001,1,1001,0,0,0
101480768,AUS / APrk (AUS) 3rd Jul,TO BE PLACED,03-07-2016 12:12,10482751,7. Interaction,1,,1,1,1,1001,1,1001,0,0,0
125441959,BAGS cards / PBarr 3rd Jul,TO BE PLACED,03-07-2016 17:27,10501597,2. Our Als Beaker,0,4.340361990655656,1,1,1,1001,1,1001,0,0,0
101480732,AUS / Gawl (AUS) 3rd Jul,TO BE PLACED,03-07-2016 10:35,10429929,1. My Girl Sambia,0,,1,1.75015713134568896051571313456889605157,1,1001,1,1001,49.64,0,0
101480688,AUS / SPrk (AUS) 3rd Jul,TO BE PLACED,03-07-2016 06:54,10458276,1. Tiger Butch,1,,1,1.87007281553398058252427184466019417476,1,1001,1,1001,57.68,0,0
125441955,BAGS cards / PBarr 3rd Jul,TO BE PLACED,03-07-2016 16:47,10618896,4. Alas Book,1,2.26,1,1,1,1001,1,1001,0,0,0
101480704,AUS / Sale (AUS) 3rd Jul,TO BE PLACED,03-07-2016 08:25,10552790,2. Cougar Stealth,1,,1,2.13386619718309859154929577464788732394,1,1001,1,1001,56.8,0,0
125441920,BAGS cards / Hove 3rd Jul,TO BE PLACED,03-07-2016 12:41,10571362,4. Alist Kattrina,1,2.68,1,1,1,1001,1,1001,0,0,0
125441994,BAGS cards / Poole 3rd Jul,TO BE PLACED,03-07-2016 18:19,10620623,2. Autumn Advocate,0,1.97,1,1,1,1001,1,1001,0,0,0
125441951,BAGS cards / PBarr 3rd Jul,TO BE PLACED,03-07-2016 16:18,10721401,1. Boundtobefreddie,0,2.2,1,1,1,1001,1,1001,0,0,0
125441912,BAGS cards / Hove 3rd Jul,TO BE PLACED,03-07-2016 11:42,10696718,6. Steeple Rd Jason,0,2.02,1,2.02035975737293453252457644844174858816,1,1001,1,1001,1243.06,0,0
125441900,BAGS cards / BVue 3rd Jul,TO BE PLACED,03-07-2016 13:21,10863557,2. Gurtmullen Cash,0,2.42,1,1,1,1001,1,1001,0,0,0
101480678,AUS / SPrk (AUS) 3rd Jul,TO BE PLACED,03-07-2016 05:15,10786681,4. Mr Perfect,0,,1,2.16,1,1001,1,1001,11.28,0,0
125442047,Televised Cards / Henl 3rd Jul,TO BE PLACED,03-07-2016 18:45,10881731,2. Westcali Cushie,1,2.78,1,1,1,1001,1,1001,0,0,0
125441996,BAGS cards / Poole 3rd Jul,TO BE PLACED,03-07-2016 18:37,10853737,5. Qatar Lucy,0,2.232987322399314,1,1,1,1001,1,1001,0,0,0
101480772,AUS / Canb (AUS) 3rd Jul,TO BE PLACED,03-07-2016 07:53,10895373,2. Zali Magic,0,,1,2.58,1,1001,1,1001,8.04,0,0
125441969,BAGS cards / Kinsl 3rd Jul,TO BE PLACED,03-07-2016 15:04,11001896,3. Sporting Dazzle,0,2.12,1,1,1,1001,1,1001,0,0,0
125441967,BAGS cards / Kinsl 3rd Jul,TO BE PLACED,03-07-2016 14:47,11019956,2. Sandispec,0,1.84,1,1,1,1001,1,1001,0,0,0
125441989,BAGS cards / Kinsl 3rd Jul,TO BE PLACED,03-07-2016 17:55,10965288,4. Double Diner,0,3.45,1,1,1,1001,1,1001,0,0,0
125441939,BAGS cards / PBarr 3rd Jul,TO BE PLACED,03-07-2016 14:38,11073838,1. Ballymac Beauty,1,2.28,1,1,1,1001,1,1001,0,0,0
101480678,AUS / SPrk (AUS) 3rd Jul,TO BE PLACED,03-07-2016 05:15,11082299,1. Avatar Thor,1,,1,2.18,1,1001,1,1001,11.28,0,0
125441884,BAGS cards / BVue 3rd Jul,TO BE PLACED,03-07-2016 11:19,11231862,3. Babsys Best,1,2,1,1.80345039664854265086014796327658436581,1,1001,1,1001,224.38,0,0
125441961,BAGS cards / PBarr 3rd Jul,TO BE PLACED,03-07-2016 17:46,11283118,5. Karlow Brandy,1,4.746535698,1,1,1,1001,1,1001,0,0,0
125442028,BAGS cards / CPark 3rd Jul,TO BE PLACED,03-07-2016 19:37,11203133,6. Makeit Breeze By,0,1.713602121595395,1,1,1,1001,1,1001,0,0,0
125442036,BAGS cards / CPark 3rd Jul,TO BE PLACED,03-07-2016 20:45,11351048,1. Mallowney,1,2.12,1,1,1,1001,1,1001,0,0,0
125441884,BAGS cards / BVue 3rd Jul,TO BE PLACED,03-07-2016 11:19,11390701,5. Winters Rose,1,2.1360946734249584,1,1.96270720076299475441106342393896041965,1,1001,1,1001,419.4,0,0
125442018,BAGS cards / CPark 3rd Jul,TO BE PLACED,03-07-2016 18:11,11393516,3. Readallaboutit,1,3.3,1,1,1,1001,1,1001,0,0,0
125442055,Televised Cards / Henl 3rd Jul,TO BE PLACED,03-07-2016 19:45,11391368,1. Droopys Giuseppe,0,5,1,1,1,1001,1,1001,0,0,0
125442055,Televised Cards / Henl 3rd Jul,TO BE PLACED,03-07-2016 19:45,11391372,5. Blackrose Zena,1,2.24,1,1,1,1001,1,1001,0,0,0
101480780,AUS / Canb (AUS) 3rd Jul,TO BE PLACED,03-07-2016 09:14,11396243,8. Little Chelsea,0,,1,3.75,1,1001,1,1001,5.64,0,0
101480750,AUS / APrk (AUS) 3rd Jul,TO BE PLACED,03-07-2016 09:02,11396331,6. Ainia,0,,1,1.6341139177810797424467558197127290738,1,1001,1,1001,403.8,0,0
125441914,BAGS cards / Hove 3rd Jul,TO BE PLACED,03-07-2016 11:57,11389447,2. Rivel Romeo,0,5,1,2.95944479046178485630394163181777738233,1,1001,1,1001,224.78,0,0
125441947,BAGS cards / PBarr 3rd Jul,TO BE PLACED,03-07-2016 15:44,11388529,5. Cu Sith Arran,0,3.85,1,1,1,1001,1,1001,0,0,0
125441888,BAGS cards / BVue 3rd Jul,TO BE PLACED,03-07-2016 11:48,7540001,6. Dinn Re Bug,0,5.8,1,3.94806362378976486860304287690179806362,1,1001,1,1001,187.98,0,0
125441985,BAGS cards / Kinsl 3rd Jul,TO BE PLACED,03-07-2016 17:17,7585690,3. Knockbawn Raven,0,2.25,1,1,1,1001,1,1001,0,0,0
125441924,BAGS cards / Hove 3rd Jul,TO BE PLACED,03-07-2016 13:12,7821270,1. Bellinter Bear,1,5.5,1,1,1,1001,1,1001,0,0,0
125442028,BAGS cards / CPark 3rd Jul,TO BE PLACED,03-07-2016 19:37,8840354,2. Tagoat Village,0,2.2454695157334204,1,1,1,1001,1,1001,0,0,0
125441971,BAGS cards / Kinsl 3rd Jul,TO BE PLACED,03-07-2016 15:22,9096569,5. Vancouver Jonas,0,3.35,1,1,1,1001,1,1001,0,0,0
125442032,BAGS cards / CPark 3rd Jul,TO BE PLACED,03-07-2016 20:11,9009114,5. Lingfield Spider,0,5.2,1,1,1,1001,1,1001,0,0,0
125442040,BAGS cards / CPark 3rd Jul,TO BE PLACED,03-07-2016 21:19,9281342,2. Feora Tange,0,2.72,1,1,1,1001,1,1001,0,0,0
125441987,BAGS cards / Kinsl 3rd Jul,TO BE PLACED,03-07-2016 17:37,9444833,5. Cherrygrove Jody,0,5.167540836897679,1,1,1,1001,1,1001,0,0,0
125442026,BAGS cards / CPark 3rd Jul,TO BE PLACED,03-07-2016 19:21,9552023,4. Rathlin Abbie,1,7.2,1,1,1,1001,1,1001,0,0,0
125441983,BAGS cards / Kinsl 3rd Jul,TO BE PLACED,03-07-2016 16:58,9790125,4. Inthejungle,0,4.5,1,1,1,1001,1,1001,0,0,0
125441892,BAGS cards / BVue 3rd Jul,TO BE PLACED,03-07-2016 12:18,10236142,6. Vigorous Wendy,1,1.87,1,1,1,1001,1,1001,0,0,0
101480708,AUS / Sale (AUS) 3rd Jul,TO BE PLACED,03-07-2016 09:06,10211694,4. Reatily Shintaro,1,,1,1.9,1,1001,1,1001,250.32,0,0
125441888,BAGS cards / BVue 3rd Jul,TO BE PLACED,03-07-2016 11:48,10401778,2. Nikitas Sarah,1,3.770968261,1,2.78886498726294933484290970846306255307,1,1001,1,1001,353.3,0,0
125441987,BAGS cards / Kinsl 3rd Jul,TO BE PLACED,03-07-2016 17:37,10322858,2. Biggie Smurph,1,1.93,1,1,1,1001,1,1001,0,0,0
125441955,BAGS cards / PBarr 3rd Jul,TO BE PLACED,03-07-2016 16:47,10331167,6. Leamaneigh Fawn,0,2.8,1,1,1,1001,1,1001,0,0,0
101480660,AUS / Heal (AUS) 3rd Jul,TO BE PLACED,03-07-2016 04:48,10288689,7. Alira Kate,0,,1,3.95,1,1001,1,1001,3.46,0,0
125441910,BAGS cards / Hove 3rd Jul,TO BE PLACED,03-07-2016 11:28,10417934,5. Allianz Park,1,1.94,1,1.85055279955595642822451953097897731215,1,1001,1,1001,1153.04,0,0
125442057,Televised Cards / Henl 3rd Jul,TO BE PLACED,03-07-2016 20:00,10543962,4. Swift Slaney,0,5.2,1,1,1,1001,1,1001,0,0,0
125441955,BAGS cards / PBarr 3rd Jul,TO BE PLACED,03-07-2016 16:47,10642287,3. Highfire Falcon,0,3.5,1,1,1,1001,1,1001,0,0,0
125442008,BAGS cards / Poole 3rd Jul,TO BE PLACED,03-07-2016 20:19,10570525,3. Kitmins Oliver,0,2.7138960185527683,1,1,1,1001,1,1001,0,0,0
125442020,BAGS cards / CPark 3rd Jul,TO BE PLACED,03-07-2016 18:28,10754475,1. Yassoo My Ella,1,2.7125317266740607,1,1,1,1001,1,1001,0,0,0
101480756,AUS / APrk (AUS) 3rd Jul,TO BE PLACED,03-07-2016 10:05,10782917,2. Lenny Benz,0,,1,1.62699481865284974093264248704663212435,1,1001,1,1001,88.78,0,0
125441890,BAGS cards / BVue 3rd Jul,TO BE PLACED,03-07-2016 12:04,10768882,2. Gurtnacrehy Sean,0,3.1,1,1,1,1001,1,1001,0,0,0
125441969,BAGS cards / Kinsl 3rd Jul,TO BE PLACED,03-07-2016 15:04,10802800,4. Zoies Time,0,7.4,1,1,1,1001,1,1001,0,0,0
125441985,BAGS cards / Kinsl 3rd Jul,TO BE PLACED,03-07-2016 17:17,10853342,6. Melodys Flash,0,3.254642611516756,1,1,1,1001,1,1001,0,0,0
125441975,BAGS cards / Kinsl 3rd Jul,TO BE PLACED,03-07-2016 15:53,10965287,3. Shedan,0,2.72,1,1,1,1001,1,1001,0,0,0
125442034,BAGS cards / CPark 3rd Jul,TO BE PLACED,03-07-2016 20:28,11109695,5. Odell Cavalier,0,4.333333333333334,1,1,1,1001,1,1001,0,0,0
125441935,BAGS cards / PBarr 3rd Jul,TO BE PLACED,03-07-2016 14:06,11137542,4. Soft As Silk,1,2.54,1,1,1,1001,1,1001,0,0,0
125442055,Televised Cards / Henl 3rd Jul,TO BE PLACED,03-07-2016 19:45,11075542,2. Savana Bolt,1,2.44,1,1,1,1001,1,1001,0,0,0
125442040,BAGS cards / CPark 3rd Jul,TO BE PLACED,03-07-2016 21:19,11172977,3. Takara,0,3.15,1,1,1,1001,1,1001,0,0,0
125441965,BAGS cards / Kinsl 3rd Jul,TO BE PLACED,03-07-2016 14:29,11167022,3. Sporting Panda,0,3.9,1,1,1,1001,1,1001,0,0,0
125441985,BAGS cards / Kinsl 3rd Jul,TO BE PLACED,03-07-2016 17:17,11211711,1. Rockburst King,1,3.5,1,1,1,1001,1,1001,0,0,0
125442020,BAGS cards / CPark 3rd Jul,TO BE PLACED,03-07-2016 18:28,11393521,2. Mohane Beth,0,6.972491841,1,1,1,1001,1,1001,0,0,0
125441963,BAGS cards / Kinsl 3rd Jul,TO BE PLACED,03-07-2016 14:12,11388644,2. Tumpher Kevin,1,2.6547049441786656,1,1,1,1001,1,1001,0,0,0
125442053,Televised Cards / Henl 3rd Jul,TO BE PLACED,03-07-2016 19:30,11391365,4. Savana Sam,0,2.62,1,1,1,1001,1,1001,0,0,0
101480724,AUS / Gawl (AUS) 3rd Jul,TO BE PLACED,03-07-2016 09:10,11396276,3. Hes Head Strong,1,,1,2.44,1,1001,1,1001,16.92,0,0
125441939,BAGS cards / PBarr 3rd Jul,TO BE PLACED,03-07-2016 14:38,11388504,4. Bright Sammy,0,4.6,1,1,1,1001,1,1001,0,0,0
125441943,BAGS cards / PBarr 3rd Jul,TO BE PLACED,03-07-2016 15:13,11388516,4. Quarters,0,2.44,1,1,1,1001,1,1001,0,0,0
125441957,BAGS cards / PBarr 3rd Jul,TO BE PLACED,03-07-2016 17:08,11388555,1. Haughtymcstuffin,0,2.14,1,1,1,1001,1,1001,0,0,0
