EVENT_ID,MENU_HINT,EVENT_NAME,EVENT_DT,SELECTION_ID,SELECTION_NAME,WIN_LOSE,BSP,PPWAP,MORNINGWAP,PPMAX,PPMIN,IPMAX,IPMIN,MORNINGTRADEDVOL,PPTRADEDVOL,IPTRADEDVOL
117928769,GB / Donc 28th Mar,TO BE PLACED,28-03-2015 13:25,9353452,Just That Lord,0,1.8503322724119071,1.76577050756512209482470733255273681347,1.58362488922582721345126458089855192227,1.98,1.55,11,11,532.9,23344.96,932.46
117928769,GB / Donc 28th Mar,TO BE PLACED,28-03-2015 13:25,9353453,Ravenhoe,1,2.06,1.97468118503972209857602426210401906615,2.51786869203632538375286146774200877189,2.34,1.94,1.01,1.01,182.4,14309.3,1462.12
117928777,GB / Donc 28th Mar,TO BE PLACED,28-03-2015 14:35,4710727,Dinkum Diamond,0,3.228026686,3.09545792619838491779509333616472044915,3.17304213557119083144951046751538224152,3.25,2.86,1,1001,230.5,6001.6,425.42
117928777,GB / Donc 28th Mar,TO BE PLACED,28-03-2015 14:35,6313967,Lucky Beggar,0,3.7,3.49553145228658418335316962760838107994,2.83926357953401710600077657974839819247,4,2.68,990,3.85,820.66,8162.22,280.94
117928781,GB / Donc 28th Mar,TO BE PLACED,28-03-2015 15:10,7607937,Chatez,1,7.087208232729464,4.23288169247991458775787795558268926959,4.65833524487074195604291117486681314862,6,4.03,1,1001,409.12,4228.16,869.06
117928789,GB / Donc 28th Mar,TO BE PLACED,28-03-2015 16:20,8745107,King of Normandy,0,1.3805652644439292,1.3329930746363789992153901216253658002,1.31028957271340654265452007932327712446,1.39,1.27,5,1.35,280.24,46226.68,2660.82
117928789,GB / Donc 28th Mar,TO BE PLACED,28-03-2015 16:20,8864376,Captain Navarre,1,2.16,2.19205035715396834024648683581954448307,2.0270605850524158136301414881421314652,2.36,2.1,2.32,2.32,128.9,10085.9,1325.94
117928793,GB / Donc 28th Mar,TO BE PLACED,28-03-2015 16:50,8398828,Nouvelle Ere,0,3.7,3.22485308918236654726368083237724464611,3.74183904782013806561664072766623950472,3.95,3.25,1,1001,46.1,7177.84,227.88
117928797,GB / Donc 28th Mar,TO BE PLACED,28-03-2015 17:25,4645171,Frontline Phantom,0,3.35,3.64654679191614947142034762290047267415,3.37061065616740407510199450994712901903,3.8,3.55,5.3,2,61.32,4380.12,2975.9
117928797,GB / Donc 28th Mar,TO BE PLACED,28-03-2015 17:25,7387177,Magic Skyline,0,9.4,8.53607025371081610672621436930323540155,5.35401286803911750623781885845497213745,10.5,6.8,11,7.8,16.4,1757.44,1667.1
117954859,GB / Kemp 28th Mar,TO BE PLACED,28-03-2015 13:45,9353194,Anwar,1,1.1061690802084665,1.10332970226264992934045816783489954274,1.22540359749473456134306168025612583184,1.19,1.11,1.01,1.01,180.8,53800.66,2331.84
117954863,GB / Kemp 28th Mar,TO BE PLACED,28-03-2015 14:15,6430022,Aussie Reigns,0,5.417533941155451,4.99112618898698599633205195093555205463,5.31855230839251356767327430948116249587,5.8,4.4,1,1001,516.96,2930.82,231.56
117954867,GB / Kemp 28th Mar,TO BE PLACED,28-03-2015 14:50,6407306,Castilo Del Diablo,0,2.8941082683917294,3.15211422595431309822889707342755678733,3.1648740538083289045753300111910538181,3.45,2.98,3.2,2.72,77.44,4354.54,769.06
117954867,GB / Kemp 28th Mar,TO BE PLACED,28-03-2015 14:50,6553152,Flemish School,0,7.589157443,6.90476817817016921783768839792949723525,4.81895126058101223350076975845262425945,8.2,7,1,1001,114.48,2499.56,113.4
117954867,GB / Kemp 28th Mar,TO BE PLACED,28-03-2015 14:50,6689564,Noble Gift,1,5.5,5.3120603005363539766193720189694358712,4.97092929122681467384520755304973896835,5.9,4.9,5,1.01,88,2577.8,1688.9
117954867,GB / Kemp 28th Mar,TO BE PLACED,28-03-2015 14:50,7362175,Fiftyshadesfreed,0,11.320778198334155,8.36523075926150624921764014835282820584,4.73825492362198154960280225608572106386,11.5,5,17.5,5.6,53.32,3071.78,431.62
117954871,GB / Kemp 28th Mar,TO BE PLACED,28-03-2015 15:25,5754814,Yeeoow,0,3.6014805741671445,3.56215503248688039931376537231957352652,3.96786477521320280840081187097910131728,4.4,3.6,1,1001,68,4862.26,131.04
117954871,GB / Kemp 28th Mar,TO BE PLACED,28-03-2015 15:25,7272347,Plucky Dip,1,6.6,5.09547295283677275868736370108957446483,5.69111456408008862350557103448574212609,14,5,1,1001,270.36,3251.64,302.68
117954875,GB / Kemp 28th Mar,TO BE PLACED,28-03-2015 16:00,8606899,Goldslinger,0,20.01936073,19.0891372776581501343240270530154164682,1,25,13,1,1001,0,1498.9,49.2
117954883,GB / Kemp 28th Mar,TO BE PLACED,28-03-2015 17:10,8800136,Cerutty,0,2.74,2.61505304360613859412568434301072309437,2.11998147722941505198183260815301900776,2.74,2.58,9.8,2.34,3.64,6274.2,787.24
117955359,GB / ChelmC 28th Mar,TO BE PLACED,28-03-2015 16:40,8700039,Thorkhill Star,0,15.04544130064547,10.6961022938571886103798912930736189045,1.68333286866698263978513827943930331461,18,12.5,9.2,9.2,60,1453.78,142.78
117955359,GB / ChelmC 28th Mar,TO BE PLACED,28-03-2015 16:40,8819550,Dark War,0,2.985367938,2.74112524032487739913805042452785557931,3.44805694338403923601785437730863767514,4.3,2.66,3.1,3.1,133.9,8469.92,202.38
117955359,GB / ChelmC 28th Mar,TO BE PLACED,28-03-2015 16:40,8628325,Maftoon,1,4,2.88292756623491051691167518979077865108,2.70522277026974816641266446255503245624,4,2.56,3.8,3.8,473.06,6749.46,1286.42
117955363,GB / ChelmC 28th Mar,TO BE PLACED,28-03-2015 17:15,6422640,Red Avenger,0,4.4,4.1231207674360636920601127681746888967,2.87670516792711719747320429289282604794,4.7,3.9,990,990,133.14,2616.58,51.34
117955367,GB / ChelmC 28th Mar,TO BE PLACED,28-03-2015 17:50,6516195,Topamichi,0,1.455586001,1.50127298928054350473911390253632885242,1.48473589115687752389963581526849088198,1.62,1.42,5,1.4,97.58,29251.66,4706.48
117955367,GB / ChelmC 28th Mar,TO BE PLACED,28-03-2015 17:50,6843826,Majeed,1,2.757165512142092,2.70057200696354197086414785059465414325,1.95818399832722793529348059887399880422,2.8,2.6,1.03,1.01,4,5944.74,1434.96
117955367,GB / ChelmC 28th Mar,TO BE PLACED,28-03-2015 17:50,7424853,Ventura Quest,0,2.203201455193321,2.01024195599948220409521913452777781122,1.78933384420498029879954530437835688361,2.14,1.9,2.26,1.9,24.98,6174,905.12
117955350,GB / ChelmC 28th Mar,TO BE PLACED,28-03-2015 15:30,6320898,Top Boy,0,5.9,5.60053371443716868527373887540340974359,6.4556707508269438481101479221907945629,5.9,5,1,1001,37,1625.7,8.4
117955350,GB / ChelmC 28th Mar,TO BE PLACED,28-03-2015 15:30,3178497,Doctor Parkes,0,4.015565583184362,3.52487997031056731621027227219253059695,2.87144200614596901646063434578095148711,4.1,2.86,1,1001,653.06,4134.12,61.82
117955350,GB / ChelmC 28th Mar,TO BE PLACED,28-03-2015 15:30,4613300,Arctic Feeling,0,11,9.19163147797488027215926193866670205672,2.4432255186026511066911587821616145164,11,8.6,1,1001,31.98,1207.42,1.24
117955340,GB / ChelmC 28th Mar,TO BE PLACED,28-03-2015 14:20,9353444,Gayath,0,5.0150630912324425,3.48039664612992584047847182916826061036,2.9016104076373883473101161101167962677,4.9,3.75,1,1001,73.22,3231.9,214.96
117955340,GB / ChelmC 28th Mar,TO BE PLACED,28-03-2015 14:20,8964448,Brotherly Company,1,1.5201090054638007,1.45901885322381558823607818594292188362,1.62026245278220845069266688799567684604,1.69,1.51,1.4,1.02,444.72,24735.24,4442.84
117955340,GB / ChelmC 28th Mar,TO BE PLACED,28-03-2015 14:20,9179775,Regards,1,1.6081858914252642,1.57042217625083877371090994398215029303,1.78598243403379922706258037822948636869,1.9,1.57,1,1001,77.28,19693.92,1815.7
117955340,GB / ChelmC 28th Mar,TO BE PLACED,28-03-2015 14:20,8716977,Malimbi,0,4.625489891254837,4.36334169368442291572763928179722170108,5.99992575110259612644752225429452372632,6,4.5,100,4.8,4,3662.26,946.34
117955340,GB / ChelmC 28th Mar,TO BE PLACED,28-03-2015 14:20,9353446,Sydney Heights,0,11,9.29307723470546310039609075220352873967,5.59642308809595843302952755177999960347,15.5,9.8,50,10,39.18,1229.6,76.2
117964588,GB / Strat 28th Mar,TO BE PLACED,28-03-2015 15:00,3885421,Nether Stream,0,3.45,3.20982534211420412309250256769080787553,3.32404379480306787580877159057985315179,3.6,3.2,11,3.2,20,4917.06,806.56
117964588,GB / Strat 28th Mar,TO BE PLACED,28-03-2015 15:00,6892015,On The Case,0,2.153783259206758,2.04936882077497507711335482077587655602,1.9550142381122576498205343857534138179,2.18,1.94,400,2.16,25.74,20947.8,1832.46
117964588,GB / Strat 28th Mar,TO BE PLACED,28-03-2015 15:00,3241248,The Pier,0,8,7.23174292772513318277055873740371295241,5.32645212657449286971535011369061825479,9,7.6,12,10,44,1512.14,218.12
117964600,GB / Strat 28th Mar,TO BE PLACED,28-03-2015 16:45,8663054,Made of Diamonds,0,2.1885283313060073,2.50013523424594782995194977264274560959,2.62121941293020349445269892892695313627,2.94,2.24,11,1.46,232.14,5966.24,4672.82
117964600,GB / Strat 28th Mar,TO BE PLACED,28-03-2015 16:45,239722,Westerly Breeze,0,2.6919593822502073,2.53293588827653706716228850657802649409,2.22357091414808568263908588283216785919,2.74,2.46,42,2.52,66.24,4457.62,865.98
117964600,GB / Strat 28th Mar,TO BE PLACED,28-03-2015 16:45,8397426,Come On Harriet,1,8.068297879314926,8.92608509612799606787938511984596962635,1,10,8.2,1.1,1.06,0,860.36,2114.18
117964600,GB / Strat 28th Mar,TO BE PLACED,28-03-2015 16:45,8969068,Newton Martini,0,4.9096508953883315,4.92955232440374520967840893916960663462,4.82739498440438856831317308037057937881,5.4,4.2,4.9,4.9,22.48,2387.48,308.78
117964604,GB / Strat 28th Mar,TO BE PLACED,28-03-2015 17:20,5201606,Charming Charlie,0,11.448985411737524,9.05973935506065012348509091043099499732,10.2548548657769546612768490910116047292,12,10.5,1,1001,27.7,1580.36,46.56
117964596,GB / Strat 28th Mar,TO BE PLACED,28-03-2015 16:10,7002330,Edmund Kean,1,2.72,2.58169892604034140558072553952362083639,3.60915362661298795245958453434096841834,3.05,2.32,2.56,1.01,137.4,8898.96,3571.46
117965771,GB / Uttox 28th Mar,TO BE PLACED,28-03-2015 13:35,9066089,Mor Brook,1,3.09253739,2.83508817658436439521689155238216423721,2.75092515520172782504088577749226103382,3.2,2.56,2.02,1.1,184.16,8995.22,6332.5
117965779,GB / Uttox 28th Mar,TO BE PLACED,28-03-2015 14:45,7269210,Little Jon,1,1.1500033587030036,1.16665069568375010192631425960201376975,1.14709393485803622350001520274675817927,1.18,1.11,1.11,1.01,1254.76,23370.78,4609.28
117965779,GB / Uttox 28th Mar,TO BE PLACED,28-03-2015 14:45,7897483,Got The Nac,1,1.49,1.50368076155738773950823349028767193429,1.56532140869346225293101100551887379512,1.54,1.44,1.42,1.01,225.42,15678.06,5077.12
117965788,GB / Uttox 28th Mar,TO BE PLACED,28-03-2015 15:20,8429546,The Horsechesnut,1,3.7852389701473292,3.49488900343797844281871821359771899172,4.99997624014113356166664370013642118966,4,3.65,1.01,1.01,10,2444.84,1558.42
117965788,GB / Uttox 28th Mar,TO BE PLACED,28-03-2015 15:20,5433597,Castle Conflict,0,8.24184288428536,7.11531402188828205159892707230463251715,5.49994577565340337648931330377468951499,8.8,6,8.8,2.68,4,2402.3,1730
117965792,GB / Uttox 28th Mar,TO BE PLACED,28-03-2015 15:55,4642098,On The Right Path,0,10.5,9.35328022192369892903296629682947565998,6.47813270747344850665850739241293719317,10,9,5.6,3.95,15.1,849.22,966.5
117965796,GB / Uttox 28th Mar,TO BE PLACED,28-03-2015 16:30,3365533,Safari Journey,0,2.7797229611063443,2.72378269027121963270595608218316761331,1.84327203080351357360582944340368171956,2.72,2.58,400,2.58,50.9,3609.48,601.64
117965800,GB / Uttox 28th Mar,TO BE PLACED,28-03-2015 17:05,9357593,Bigbury Bay,0,1.447267322186826,1.50116292406839244604292546750845186162,1.56180691735879584971487917244952066093,1.56,1.43,10,1.3,36.94,17538.96,2251.64
117965800,GB / Uttox 28th Mar,TO BE PLACED,28-03-2015 17:05,7369656,Annies Idea,0,8.6,7.07520499759364117806208269895156880317,12.8399210671928853807641282391450723662,14.66,6,8.6,8.6,5.22,1979.9,72.66
117965800,GB / Uttox 28th Mar,TO BE PLACED,28-03-2015 17:05,9357592,Lets Hope So,1,1.8250975984918254,1.93197751452681842199166406548509354014,1,2.12,1.83,1.81,1.1,0,5536.74,2806.1
117965800,GB / Uttox 28th Mar,TO BE PLACED,28-03-2015 17:05,9277428,Miss Tongabezi,1,2.786609837,2.83354066452510222058655163792731762459,1.92999149057786121256990498536938387014,3,2.74,1.01,1.01,4,2409.2,779.32
117965775,GB / Uttox 28th Mar,TO BE PLACED,28-03-2015 14:10,4801822,Persian Herald,0,2.783260758587639,2.65336329516608353471650384776150676833,3.21564541509508520217651517349466074157,2.7,2.52,3.95,2.4,21.48,4787.52,2005.44
117965775,GB / Uttox 28th Mar,TO BE PLACED,28-03-2015 14:10,7551438,Polvere Doro,0,5.34312818014936,4.8875496041424814698486554220422209255,3.23758945456865538972583348630453405091,1,1001,1000,5.1,43.92,1260.94,122.66
117928769,GB / Donc 28th Mar,TO BE PLACED,28-03-2015 13:25,9353457,Tim The Taxi,0,10.44276919315103,10.0668067254893378748610832831224472031,6.53031545736436955234775224309411824805,13,9.6,9.6,9.6,73.96,1958.4,78.38
117928773,GB / Donc 28th Mar,TO BE PLACED,28-03-2015 14:00,6380846,Glory Awaits,1,3.25,3.19262836842173983304460589285099892325,3.56777955655664009260419041924316835335,3.75,3,3.55,3,115.74,8630.58,957.44
117928781,GB / Donc 28th Mar,TO BE PLACED,28-03-2015 15:10,7142964,Donny Rover,0,4.9089554546638094,3.97943085246714631488323384642386690525,4.31976232923348657560269771150070514588,5.1,3.95,1,1001,142.78,7301.98,164.9
117928781,GB / Donc 28th Mar,TO BE PLACED,28-03-2015 15:10,6705547,Mujazif,0,6.8,5.2789320851430476760834162829678843732,6.13290398240188950423356136437746242419,7,5.3,1,1001,82.68,3800.3,41.42
117928785,GB / Donc 28th Mar,TO BE PLACED,28-03-2015 15:45,7853162,Mange All,0,2.9400229447584016,2.69189712333252782537226942376375438252,2.69839521140746683114094113275465029926,2.96,2.42,2.9,2.7,5358.22,42910.96,995.14
117928785,GB / Donc 28th Mar,TO BE PLACED,28-03-2015 15:45,5586616,Fire Ship,0,8.11085254822508,7.0718831314979305962601945512601315158,7.757256538730890885819278853911722706,9.2,6.8,8.2,5,933.68,6641.5,109.28
117928793,GB / Donc 28th Mar,TO BE PLACED,28-03-2015 16:50,5437102,Outlaw Torn,0,3.707270018174021,2.85561925260416505936802013941192983393,2.71701032811566415164655713766787659154,4.2,3.25,1,1001,77.44,7595.56,74.1
117954859,GB / Kemp 28th Mar,TO BE PLACED,28-03-2015 13:45,9353197,Lingfield Lass,0,5.2,4.34275403723924629357066989876111955246,3.04477044574771803004860213106473929733,5.3,4.4,3.4,3.4,69.58,2276.28,114.38
117954863,GB / Kemp 28th Mar,TO BE PLACED,28-03-2015 14:15,5957404,Solar Deity,0,2.44,2.36920892648036439810014262003490126872,2.08141738509317230887679211037523336654,2.6,2.3,9.6,1.33,134.82,5687.08,3168.8
117954867,GB / Kemp 28th Mar,TO BE PLACED,28-03-2015 14:50,4837912,Saoi,0,4.628994947710891,4.4658492924974887479641759692511499843,3.93157178213656970579866459856289114289,5,4.2,1,1001,54.44,5360.78,171.34
117954867,GB / Kemp 28th Mar,TO BE PLACED,28-03-2015 14:50,5595318,Rebellious Guest,1,2.702020025,2.67098134099745343363472745644830620076,2.54488473974663769499698204200675696955,2.76,2.58,1,1001,218.6,10591.92,2032.5
117954871,GB / Kemp 28th Mar,TO BE PLACED,28-03-2015 15:25,125349,Noble Deed,0,6.451847406880697,5.24681601702050958063298600434746803829,6.04813066181279538208348065148400360835,6,5.5,3.6,3.6,114.6,3165.54,90.7
117954875,GB / Kemp 28th Mar,TO BE PLACED,28-03-2015 16:00,8850776,Beauty Prince,1,2.2061102713508722,2.20779541840561985254844937033050483228,2.05172161444555248851153075125170661317,2.28,2,1.1,1.01,848.2,15849.72,2527.74
117954879,GB / Kemp 28th Mar,TO BE PLACED,28-03-2015 16:35,6475432,Ninjago,1,3.9,3.8584879972561567137047367547384930504,3.05911626513674271860846848472725256762,4.4,3.6,1.8,1.8,23.68,3543.38,1291.64
117954883,GB / Kemp 28th Mar,TO BE PLACED,28-03-2015 17:10,5538102,Jacob Cats,1,3.659365484380979,3.63408606963479436645385082311181300149,5.47818822236497518011527629682333935462,3.7,3.25,1.01,1.01,20,2747.06,970.34
117955344,GB / ChelmC 28th Mar,TO BE PLACED,28-03-2015 14:55,9353449,Yeah Baby Yeah,0,7.8,7.25387769847277546400765657100089541752,4.72803823450876333634006756641753089871,8.2,7.2,50,4.2,93.44,1511.86,274.42
117955359,GB / ChelmC 28th Mar,TO BE PLACED,28-03-2015 16:40,8521305,Oregon Gift,0,2.0392964621431817,1.95928722623691804108100176768180022724,2.74349440500841572702963015210277111541,2.84,1.89,1,1001,337.52,18300.96,215.46
117955350,GB / ChelmC 28th Mar,TO BE PLACED,28-03-2015 15:30,7284192,Oriental Relation,0,2.26,2.43284281998622083622349748919028109638,2.26619074190021242513081357044796251409,2.56,2.1,6,3.65,1043.54,8662.72,991.1
117955355,GB / ChelmC 28th Mar,TO BE PLACED,28-03-2015 16:05,6320772,Rich Again,0,2.58,2.34369892670265291830016164659564308347,2.287159370217433848969372783722249775,2.92,2.6,28,2.2,150.28,5649.58,1770.92
117955355,GB / ChelmC 28th Mar,TO BE PLACED,28-03-2015 16:05,7877005,Cadeaux Power,0,5.6,5.53250346588084000160290940750894313216,3.7999787201617267708765413382858290277,5.9,5.3,990,6,4,1402.3,90.68
117955355,GB / ChelmC 28th Mar,TO BE PLACED,28-03-2015 16:05,6023833,Spellmaker,1,3.970292855,4.40684548037476055621009338152346160462,4.39320895352878731190565271968858334651,4.8,4.2,1,1001,28,1752.86,1953.78
117964588,GB / Strat 28th Mar,TO BE PLACED,28-03-2015 15:00,6180983,Vering,1,8.8,8.32198423617352677168639469856439972184,1,11,9.2,1,1001,0,1477.28,1130.94
117964588,GB / Strat 28th Mar,TO BE PLACED,28-03-2015 15:00,7275384,Unknown Legend,1,2.9,2.83948513011088007558842037573987747317,3.78621901291069253620230089290526780171,3.25,2.8,6.2,1.32,54,6273.82,3236.02
117964588,GB / Strat 28th Mar,TO BE PLACED,28-03-2015 15:00,9041255,Albatros De Guye,0,3.4,3.20664454879632639749634065490146994134,3.49360004419994865005965654834018648714,3.45,3.3,11,11,40.8,4722.36,69.6
117964600,GB / Strat 28th Mar,TO BE PLACED,28-03-2015 16:45,1331975,Tisfreetdream,0,3.800819692292716,4.51691546476978773936874961861095356985,4.65292715823471489759268991040566595025,5,3.75,1,1001,14.28,3223.48,159.8
117964600,GB / Strat 28th Mar,TO BE PLACED,28-03-2015 16:45,7367740,All Riled Up,0,11.308300315,12.6105536962120712126728181933929992277,1,29,9.4,1,1001,0,1048.86,27
117964604,GB / Strat 28th Mar,TO BE PLACED,28-03-2015 17:20,9138416,Baraza,0,6.4,4.98275055679823715397504238240099122612,4.48384817880260934968184690099230558614,6.4,4.7,1,1001,19.2,2229.62,125.56
117964604,GB / Strat 28th Mar,TO BE PLACED,28-03-2015 17:20,9357587,Braavos,1,1.7882269731406266,1.67765470629613439270258246362741632819,1.93289646319979828914701674928425957261,1.87,1.76,1.81,1.81,34.5,8820.8,2598.42
117964604,GB / Strat 28th Mar,TO BE PLACED,28-03-2015 17:20,9357585,Busy Baro,0,20,15.928331427556565648645755819031498287,16.6798918087465196490144218004895766219,22,19,1,1001,4,756.82,20.04
117964580,GB / Strat 28th Mar,TO BE PLACED,28-03-2015 13:50,332136,Oyster Shell,1,8.560296036193614,9.82218058228209680754432593865606374132,5.9090351651597456808769758830770617275,12,9,1.55,1.55,26,1565.2,1616.68
117964592,GB / Strat 28th Mar,TO BE PLACED,28-03-2015 15:35,6814244,Boite,1,1.24,1.30147095028020793285254801775404163466,1.36578084737095715830090784661958841118,1.34,1.25,1.34,1.02,148.24,23617.56,6580.62
117964592,GB / Strat 28th Mar,TO BE PLACED,28-03-2015 15:35,8982521,Dandy Duke,0,15.327902357184792,15.0666422169987811269695939672410217951,12.437418794326560281422001903786483116,24,10.5,15,8,4,714.24,288
117964592,GB / Strat 28th Mar,TO BE PLACED,28-03-2015 15:35,7242502,Hill Fort,0,37.47058202267625,35.8125647359599372862944725217396607402,1,42,32,1,1001,0,179.06,8.36
117964596,GB / Strat 28th Mar,TO BE PLACED,28-03-2015 16:10,6461452,Up For An Oscar,0,8.219726688263473,9.77693537311676739032486506429225141086,8.49546047985706064997705578854518337975,12,8.8,1,1001,13.28,1430.36,38.12
117964596,GB / Strat 28th Mar,TO BE PLACED,28-03-2015 16:10,6739273,What A Good Night,0,2.32091288,2.22872482339304339413657918439198864901,2.02671700861996740324140576434115269161,2.42,1.83,8.8,2.12,121.28,20305.4,3457.68
117965771,GB / Uttox 28th Mar,TO BE PLACED,28-03-2015 13:35,9022301,Horsehill,1,1.270844483237704,1.33797103543333458900273776630584208042,1.49934043935922553262348761241822081846,1.49,1.28,1.87,1.28,1058.96,18532.16,3568.82
117965771,GB / Uttox 28th Mar,TO BE PLACED,28-03-2015 13:35,8319369,Misirlou,0,48.798040278293186,33.4612778425923921324825238094290246576,13.8594446235204019796462621226626293852,42,30,1000,200,9.84,390.86,28.6
117965788,GB / Uttox 28th Mar,TO BE PLACED,28-03-2015 15:20,8400572,Cyclop,0,2.44,2.32699430369554212760003695580299817572,2.73440120167719148639387860924513852633,2.86,2.44,85,2.04,65.6,3924.32,1463.4
117965792,GB / Uttox 28th Mar,TO BE PLACED,28-03-2015 15:55,7076194,Goldie Horn,0,2.9285715383661595,2.98291820820163755521210455122689373197,3.36658876203192029731075183083596651628,2.96,2.74,1000,2.96,105.04,2829.94,925.58
117965796,GB / Uttox 28th Mar,TO BE PLACED,28-03-2015 16:30,2713255,Pret A Thou,1,3.15,3.41153780461988909212457837202196974957,3.5891271589738988634583944939443576617,4,3.7,2,1.07,46,1709.18,5868.78
117965775,GB / Uttox 28th Mar,TO BE PLACED,28-03-2015 14:10,5771895,Blue Top,0,6.955253854441398,7.0697068138445156035938731388261550392,2.83782696704570758960544590099282095336,7.8,6.6,1,1001,67.04,2195.36,84.94
117928769,GB / Donc 28th Mar,TO BE PLACED,28-03-2015 13:25,9353458,Silk Bow,0,7,6.04835887991969267646265819750430842581,5.80520401375512274501278827920430570389,6.8,6.4,1,1001,109.5,1837.8,55.72
117928773,GB / Donc 28th Mar,TO BE PLACED,28-03-2015 14:00,4838433,Tullius,1,1.1522712226314007,1.19632841492771138368365626779972336522,1.25639143174153263608157908067922809104,1.3,1.17,1.17,1.08,990.1,41684.58,6239.76
117928777,GB / Donc 28th Mar,TO BE PLACED,28-03-2015 14:35,6293498,Jack Dexter,0,2.72,2.35024073177582396149377401462163268493,2.0064452018987907653456499878004277373,2.7,2.14,2.68,2.6,1018.72,14050.28,909.58
117928781,GB / Donc 28th Mar,TO BE PLACED,28-03-2015 15:10,5637043,Mister Music,0,8.667790279,7.11493829498612558518313968528302159288,9.87992628566775427246958873221812325793,9.6,8.2,1,1001,55.8,2826.7,230.94
117928781,GB / Donc 28th Mar,TO BE PLACED,28-03-2015 15:10,7246873,General Brook,0,14.146599630427556,8.92626448468266683791194801268839221742,11.4694588543761111137022330297478275353,16,10.78,1,1001,20.24,2315.4,9.48
117928781,GB / Donc 28th Mar,TO BE PLACED,28-03-2015 15:10,4053942,Spas Dancer,0,6.603548392,5.53705926662610915040566716371941243001,6.35014299199727477358621987886594841144,7.2,6,1,1001,344.68,4730.74,23.84
117928785,GB / Donc 28th Mar,TO BE PLACED,28-03-2015 15:45,8472209,Moohaarib,1,4.763338131717173,4.37119422059940962526962492864835450436,4.58610901822069262689152335611284299134,4.8,4.3,3.55,3.55,3743.84,21903.44,1356.94
117928785,GB / Donc 28th Mar,TO BE PLACED,28-03-2015 15:45,3818935,Tres Coronas,0,7.541456629132734,8.65828636967815177168282497560979355975,9.04998204683591130953156965961705534004,13.5,6,1,1001,996.5,7729.42,19.56
117928785,GB / Donc 28th Mar,TO BE PLACED,28-03-2015 15:45,4943298,Robert The Painter,0,9.2,7.73153279267409984121079340965089077869,8.4782897178237793896059408128690906453,9.2,7.6,1,1001,2055.74,8683.4,25.56
117928785,GB / Donc 28th Mar,TO BE PLACED,28-03-2015 15:45,6513477,Emell,0,15.111765811608056,11.6532024837458413116805942185511882371,12.5245677297466937909803395221509788267,21,8.8,17,17,345.38,3663.36,46.74
117928793,GB / Donc 28th Mar,TO BE PLACED,28-03-2015 16:50,8296277,Sheriff of Nawton,1,2.786701327234041,2.40789312434255954131674541590951707301,2.35324913517957781900742516711127870316,2.84,2.14,1.01,1.01,133.4,11665.56,1918.02
117928793,GB / Donc 28th Mar,TO BE PLACED,28-03-2015 16:50,8333085,Mr Soprano,0,3.6969598702882656,3.73758119165066677094027663004747291932,3.05598542373523637852546069191031549701,4.4,3.3,3.5,3.5,17.86,4830.42,158.6
117928797,GB / Donc 28th Mar,TO BE PLACED,28-03-2015 17:25,3195912,Hydrant,0,3.681635589,3.68178525237905548330772244761794384591,3.57692877924965991114099385668754389976,3.7,3.5,3.65,3.65,87.04,2563.76,381.8
117928797,GB / Donc 28th Mar,TO BE PLACED,28-03-2015 17:25,7269235,Tamayuz Magic,1,8.817746721513105,8.78405046571501099112738859213673387847,1,9.2,7.8,9,5,0,1404.5,650.28
117928797,GB / Donc 28th Mar,TO BE PLACED,28-03-2015 17:25,6324638,Ronald Gee,0,7.623124230719404,7.21460403647224818525580183568100812441,3.72709069441207116737988912662532868202,7.6,7.2,1,1001,15.22,979.6,93.9
117928797,GB / Donc 28th Mar,TO BE PLACED,28-03-2015 17:25,7294263,Munjally,0,4.18827013250586,4.30828337552580825362876072502596763759,3.95557601903598320748842471413186523891,5,3.9,1,1001,72.78,3294.98,225.58
117954859,GB / Kemp 28th Mar,TO BE PLACED,28-03-2015 13:45,9353195,Fabulous Flyer,0,3.35,2.77587657730533501278473848123908680205,2.17210799172768317578103664729517216873,3.35,2.74,160,160,99.3,6250.26,209.82
117954863,GB / Kemp 28th Mar,TO BE PLACED,28-03-2015 14:15,8421889,Romsdal,1,1.23,1.28247307270360148010219325021223097341,1.25390488579355433102254124811727343638,1.33,1.23,3.15,1.04,788.9,26529.44,7921.72
117954867,GB / Kemp 28th Mar,TO BE PLACED,28-03-2015 14:50,7433200,Trip To Paris,0,3.6,3.57498551487868240624100566317556064107,3.94177369198098335974533368703654578258,4,3.3,3.3,3.3,54,5472.36,230.14
117954867,GB / Kemp 28th Mar,TO BE PLACED,28-03-2015 14:50,8797732,New Years Night,0,2.04,1.97185327027899029172774025732989242678,2.06725747346436746017793612317307902952,2.32,1.88,2.5,1.94,1077.42,32349.48,1880.16
117954871,GB / Kemp 28th Mar,TO BE PLACED,28-03-2015 15:25,2950205,Related,1,2.24,2.24844939888896068865327277344996227923,2.50569777963065764136170560561317194775,2.54,2.16,2.24,2.24,458.68,10423.68,1344.18
117954875,GB / Kemp 28th Mar,TO BE PLACED,28-03-2015 16:00,9353202,Fire And Passion,1,5.46733343070955,5.41731369520191333038835680382923953391,4.33030764045944672820058845036286104038,6.2,4,3.65,3.65,179.42,3335.56,1870.12
117955344,GB / ChelmC 28th Mar,TO BE PLACED,28-03-2015 14:55,4906359,Buratino,1,1.78,1.84298101140042615273873087392288313045,2.13500072027421850545888550425232914443,1.93,1.75,1.02,1.02,66.98,3763.84,1845.42
117955363,GB / ChelmC 28th Mar,TO BE PLACED,28-03-2015 17:15,6435960,Sennockian Star,0,4.841103338775865,4.86150387142860226990185385713698985843,5.38109986628812097160061733619328154836,5.4,4.4,5,4.7,18,2460.52,791.1
117955363,GB / ChelmC 28th Mar,TO BE PLACED,28-03-2015 17:15,7642213,Maverick Wave,1,2.46,2.56834899956924585149313185291124806515,2.44781114474915571529037030662769728675,2.6,2.44,2,1.01,20.42,4058.44,2562.9
117955363,GB / ChelmC 28th Mar,TO BE PLACED,28-03-2015 17:15,8231809,Barye,1,1.81,1.90404727400712650168623989653911455088,1.72634428500651555360720574839101666262,2.06,1.83,1.84,1.02,136.96,18500.92,3658.36
117955363,GB / ChelmC 28th Mar,TO BE PLACED,28-03-2015 17:15,5908520,Ruban,0,3.1,2.88698572060860560602554095943141180536,2.92674393423482638957458396652689732222,3.1,2.8,1,1001,149.22,2632.48,106.4
117955350,GB / ChelmC 28th Mar,TO BE PLACED,28-03-2015 15:30,3038744,Masamah,0,4.7,3.64571161112943979398997340942246139254,3.19977795991217136520282483986772585142,4.8,2.78,1,1001,.64,4532.98,178.6
117955350,GB / ChelmC 28th Mar,TO BE PLACED,28-03-2015 15:30,7559946,Dynamo Walt,1,7.613715374,6.71627128508774699853448039729998683631,5.77012889599287555952004854521877064514,7.6,5.6,1,1001,212.52,2560.3,363.44
117964588,GB / Strat 28th Mar,TO BE PLACED,28-03-2015 15:00,4887265,Lambs Cross,0,2.301948943107818,2.21122419302649582423090704849942004524,1.96500878345946415284278298393881259655,2.46,2.2,5.4,2.18,149.92,13459.36,2220.4
117964588,GB / Strat 28th Mar,TO BE PLACED,28-03-2015 15:00,5284699,Gizzit,0,3.6,3.17222990289723002954681685346498907607,3.07856223839256143880993943961469101959,3.7,2.9,4.6,3.65,461.06,4325.32,610.26
117964600,GB / Strat 28th Mar,TO BE PLACED,28-03-2015 16:45,4735931,Residence And Spa,0,5.7,5.03886939459578926300785480875557144576,3.62705106690629325657051449529936013619,6.2,4.2,5.7,5.7,79.88,3760.22,398.1
117964600,GB / Strat 28th Mar,TO BE PLACED,28-03-2015 16:45,5261503,Allerton,1,6,5.89113585882388900128398335431775422271,5.04043389442260900763203562746252829229,6.4,5.3,4,4,18,2435.98,1178.56
117964600,GB / Strat 28th Mar,TO BE PLACED,28-03-2015 16:45,8607266,Primo Rossi,0,8.6,7.97060762215913140935612488372168410007,1,8.6,6.2,1,1001,0,1186.44,22.22
117964580,GB / Strat 28th Mar,TO BE PLACED,28-03-2015 13:50,5781188,Fatcatinthehat,0,11.5,10.2194050975658225013620753854307137031,8.23984579128464563704793087907227576053,12,8.6,1,1001,2,1348.02,89.94
117964584,GB / Strat 28th Mar,TO BE PLACED,28-03-2015 14:25,6444256,Jazz Man,0,2.6987400503616663,2.43007620330668624602668962429258561846,2.1357838060278742958437971812265262772,2.62,2.2,15.5,1.63,205.7,4565.94,1396.12
117964592,GB / Strat 28th Mar,TO BE PLACED,28-03-2015 15:35,8933273,Smoking Jacket,0,7,7.33399066841928777526060860467685856301,5.65799142929577009578302375923628300524,8,7.4,1,1001,20,1135.36,81.28
117964596,GB / Strat 28th Mar,TO BE PLACED,28-03-2015 16:10,8060250,Auvergnat,0,5.78218840649177,5.65127277697290095361361631925852935911,3.75662935979666766422237100668581981307,6.2,5.5,270,5.3,97.12,3161.24,254.1
117965788,GB / Uttox 28th Mar,TO BE PLACED,28-03-2015 15:20,6263189,Imperial Vic,0,5.8,4.50539024905163884379527008897737288911,3.99999100002699991900024299927100218699,5.7,4.7,12,12,10,2192.1,104
117965792,GB / Uttox 28th Mar,TO BE PLACED,28-03-2015 15:55,8398814,Pied Du Roi,0,2.74,2.64607045884098324508333219484734106359,2.15712109446042836093137579232838185219,2.98,2.5,200,2,356.42,4972.1,3344.92
117965796,GB / Uttox 28th Mar,TO BE PLACED,28-03-2015 16:30,6925790,Ballybogey,0,2.54,2.45237925236015576626770546963937141084,1.96920241847877834971511221184874134053,2.56,2.52,5,2.08,46.2,2455.6,1155.56
117965796,GB / Uttox 28th Mar,TO BE PLACED,28-03-2015 16:30,3640914,Pensnett Bay,1,2.56,2.54101389260882650549702047514630499846,3.25661761071446224404052894600226227473,2.84,2.4,1,1001,14,6097.72,1862.06
117965775,GB / Uttox 28th Mar,TO BE PLACED,28-03-2015 14:10,6361452,Baraboy,1,3.614781928630255,4.11123191765346577443039141412163871231,3.75383437507767325115486003998045045292,4.3,3.75,4.5,3,87.86,1514.48,1525.4
117965775,GB / Uttox 28th Mar,TO BE PLACED,28-03-2015 14:10,4046926,Akula,1,2.4681350667044177,2.37052228226640043360897162890523210305,2.13282044782144668628748702102381572751,2.48,2.26,2.38,1.06,223.88,8170,11197.9
117928773,GB / Donc 28th Mar,TO BE PLACED,28-03-2015 14:00,6561469,Baltic Knight,0,2.312779564329758,2.23580951486297817302327281732875643881,2.31295653331664008072242334001975780024,2.36,2.06,1,1001,579.68,13161.6,1110.22
117928773,GB / Donc 28th Mar,TO BE PLACED,28-03-2015 14:00,4034888,Penitent,0,5.2,5.43620825757679604782454640578586789057,4.08514101453774654014891729407985915647,6,5,4,2,29.22,2465.16,1099.82
117928777,GB / Donc 28th Mar,TO BE PLACED,28-03-2015 14:35,8452051,Perfect Blessings,1,6.573723145,7.03644301032986117755212249994543308186,6.52536220599248992984881528074325822425,8.2,6,1,1001,102.26,4434.28,396.64
117928777,GB / Donc 28th Mar,TO BE PLACED,28-03-2015 14:35,6589826,Heavens Guest,0,2.3393169948330614,2.616622676606833841819427653201711423,3.41164643828465026993395975511644471903,3.48,2.32,11,2.12,148.14,12262.68,503.94
117928781,GB / Donc 28th Mar,TO BE PLACED,28-03-2015 15:10,6444042,Yourartisonfire,1,3.766574301745859,3.60290570443917140395477772812506628634,3.81732609187733735944953313493742547543,4.4,3.15,3.65,1.02,819.78,11822.1,3303.3
117928781,GB / Donc 28th Mar,TO BE PLACED,28-03-2015 15:10,6581200,Buckstay,1,3.1787282163922645,2.97309289914158760557994831904141994796,3.17628195054092592543363100283099672238,3.45,2.96,5,1.01,535.06,18395.9,2945.48
117928781,GB / Donc 28th Mar,TO BE PLACED,28-03-2015 15:10,6778715,Indian Chief,0,14.396751808561824,9.79013240988763400477274881623375339778,13.3515337084509820769577095521800672714,15.5,11,50,50,32,2560.78,48.82
117928781,GB / Donc 28th Mar,TO BE PLACED,28-03-2015 15:10,7974516,Indy,0,4.2,3.37544776034524474594181746790360926612,4.01760147485869477968041942234458981155,4.4,3.9,1,1001,417.94,7009.14,213.88
117928785,GB / Donc 28th Mar,TO BE PLACED,28-03-2015 15:45,6666807,Gabrials Kaka,0,2.963016525,3.25607237489801169259464254433573433345,3.31010391834747303773338429083301580825,3.65,3,16,3,7495.86,35197.02,493.88
117928785,GB / Donc 28th Mar,TO BE PLACED,28-03-2015 15:45,7221168,Baraweez,0,5.3,5.28228093222689193662789958355351438331,5.74489840576009301541443154182476241877,6.4,5.1,1,1001,2544.62,13168.78,193.96
117928785,GB / Donc 28th Mar,TO BE PLACED,28-03-2015 15:45,4873274,Boom And Bust,0,16.791421375358475,11.7413631706610062737850250712744104647,9.42810106507262322603315485668949315321,19.5,7.4,1,1001,811.62,4117.04,2.14
117928785,GB / Donc 28th Mar,TO BE PLACED,28-03-2015 15:45,5556820,Bronze Angel,0,5.504019101,5.52664181026218296643695334061533124963,5.95189405973548128432951584088023238503,7,4.9,1,1001,1620.94,16668.68,100.66
117928789,GB / Donc 28th Mar,TO BE PLACED,28-03-2015 16:20,8642565,Dominada,0,1.6652366744866955,1.80574234285697624145551541883068376817,2.0754675030763573973351271675507756757,2.32,1.67,1,1001,32.94,14908.56,763.48
117928789,GB / Donc 28th Mar,TO BE PLACED,28-03-2015 16:20,9353461,Pandora,1,7.103409393331384,6.35802214407994331689267695261044276879,1,7.2,4.8,1,1001,0,3537.7,1021.44
117928793,GB / Donc 28th Mar,TO BE PLACED,28-03-2015 16:50,7170338,Music Hall,0,9.057397487822456,5.79357100263447879067621080240127180093,4.40477800367281816043038398004979618302,7.4,4.8,1,1001,29.7,1588.28,20.1
117928793,GB / Donc 28th Mar,TO BE PLACED,28-03-2015 16:50,4066556,The Lock Master,0,3.4,3.07705339996723511306224924465424744906,4.44038310059996321121254034704886315117,3.7,3.2,1,1001,40.16,5560.66,844.98
117928793,GB / Donc 28th Mar,TO BE PLACED,28-03-2015 16:50,2835283,Tinseltown,0,15.186453580867383,9.55374591431114152412136485961535649171,8.46973052014588325131812766873117008643,16,10.5,14,14,10.38,1106.24,46.08
117928797,GB / Donc 28th Mar,TO BE PLACED,28-03-2015 17:25,6356567,Mysterial,0,7.615452988,7.19122752931160491084514829599510713947,8.7892855441572151470997270833024829407,8.6,5.7,1,1001,22.42,1583.62,21.86
117954859,GB / Kemp 28th Mar,TO BE PLACED,28-03-2015 13:45,9353201,What A Whopper,0,5.9,4.60093229661036408084675901631267614458,4.58836946866328460537712566694877792314,6,4.1,6.8,6.8,6.72,3477.38,50.42
117954859,GB / Kemp 28th Mar,TO BE PLACED,28-03-2015 13:45,457916,Cleverconversation,0,4.598896279,3.6945124836131748225144309781753974178,5.06089993699480016244533823643221417397,5.3,2.98,990,940,334.02,5117.66,10.46
117954859,GB / Kemp 28th Mar,TO BE PLACED,28-03-2015 13:45,9353199,Ojai,0,2.5716508504784725,2.38043123792885103055239398327014063677,2.29398475553480288810725117397969366878,2.64,2.06,8.8,8.8,146.18,15810.24,92.42
117954867,GB / Kemp 28th Mar,TO BE PLACED,28-03-2015 14:50,7664412,Latin Charm,0,2.3,2.58747284051846559558080433397515019132,2.88959472182880370766051943493564564641,2.94,2.28,3,2.24,144.2,14923.58,617
117954871,GB / Kemp 28th Mar,TO BE PLACED,28-03-2015 15:25,5011034,Pearl Blue,0,12.496279844640949,10.780853874479201104335507531818610585,6.70790917503587443208147455973130701933,18,8,1,1001,48,2052.44,74
117954871,GB / Kemp 28th Mar,TO BE PLACED,28-03-2015 15:25,6579513,Mishaal,1,3.285770251386566,2.76666495612728566182544283433948870389,2.57870650766174421884345325600522743604,3.2,2.8,3.05,3.05,97.96,6562.92,1207.94
117954871,GB / Kemp 28th Mar,TO BE PLACED,28-03-2015 15:25,6673074,Oh So Sassy,0,3.513733080740785,2.91187962382862152189500419386879459019,2.45637585651292815852240336055921661396,3.65,2.68,3,2.9,231.26,8005.62,699.02
117954875,GB / Kemp 28th Mar,TO BE PLACED,28-03-2015 16:00,8911739,Ershaadaat,0,1.8341364142293788,1.79459137574687802655025152586931487148,1.42360208029660449691617577582153981333,1.95,1.68,3.5,2.06,44.46,20213.3,766.06
117954879,GB / Kemp 28th Mar,TO BE PLACED,28-03-2015 16:35,6310857,Baddilini,0,2.48,2.38829025300379444531221831371748113488,1.95378643485150988115748490462365473182,2.5,2.24,1,1001,90.94,5621.28,316.42
117955363,GB / ChelmC 28th Mar,TO BE PLACED,28-03-2015 17:15,5882822,Dark Ruler,0,10,9.36259281296426993523839621593790395674,5.33332567779130256869879529879497212888,10.5,9.2,1,1001,18,1004.32,10.66
117955363,GB / ChelmC 28th Mar,TO BE PLACED,28-03-2015 17:15,8012598,Spirit of The Law,0,5.702948542435931,5.07304195374153322663410064719266569165,1,5.8,4.7,1,1001,0,3025.38,24.2
117955340,GB / ChelmC 28th Mar,TO BE PLACED,28-03-2015 14:20,9223041,Ruler of The Nile,0,2.003161625,1.85061280888106150582516759984009854764,2.31199141672908386645099584794248785097,2.34,1.8,5,3.05,87.22,14490.56,668.82
117964600,GB / Strat 28th Mar,TO BE PLACED,28-03-2015 16:45,9037299,Giveimachance,0,12.317275048110169,11.1297979389712266058842166167840944333,7.67278345149704028734008739658325647352,13,9.6,12.5,12.5,10,773.26,64
117964580,GB / Strat 28th Mar,TO BE PLACED,28-03-2015 13:50,4232980,Bombadero,1,2.6657394056520882,2.86584153833239609299013900933502501773,2.68266598655565615773283017755995776585,3.3,2.66,3.15,1.01,100.4,3971.24,4391.54
117964592,GB / Strat 28th Mar,TO BE PLACED,28-03-2015 15:35,7648871,Lochalsh,0,5.921361259327351,5.4590768566277504706240918151299903072,2.97678989887213062731234647387297342172,6.4,5.2,1,1001,66.76,1816.56,146
117964592,GB / Strat 28th Mar,TO BE PLACED,28-03-2015 15:35,7452783,Honkytonktennessee,0,87.617771753,41.2214610377639725354364465969033706837,24.8099035698905419433051296142250623885,75,36,1,1001,4,187.2,12.1
117964596,GB / Strat 28th Mar,TO BE PLACED,28-03-2015 16:10,5498673,Forgotten Gold,1,2.92,3.00403310077652499945129880859631886234,3.21871352468821587859089092877377085607,3.2,2.78,19.5,19.5,41.18,8121.36,635.88
117964596,GB / Strat 28th Mar,TO BE PLACED,28-03-2015 16:10,6802722,Ballinvarrig,0,3.5564106482482742,3.54597456782786765052089734565901228279,4.10017840345097026794846269745797039638,3.7,3.4,10,3.6,15.94,2952.54,365.66
117964596,GB / Strat 28th Mar,TO BE PLACED,28-03-2015 16:10,6863477,Umberto Dolivate,0,3.670920724,3.86925056662771069356394691044857511237,4.42031384610827145928684800981593520584,4.2,3.55,4,3.4,44.1,3629.54,336.32
117965792,GB / Uttox 28th Mar,TO BE PLACED,28-03-2015 15:55,6388374,Bowie,1,3.128295986474058,3.21863273902182811919315454176176437877,1.87122812322152128557027104813010488615,3.45,3.25,3.95,1.55,41.98,1727.04,3087.36
117965800,GB / Uttox 28th Mar,TO BE PLACED,28-03-2015 17:05,9357596,Whatiknownow,0,4.5,3.65629705347216230723948342232879291727,3.72999295661817192511643319960234502595,4.4,4.1,1,1001,10,1533.84,35.08
117965775,GB / Uttox 28th Mar,TO BE PLACED,28-03-2015 14:10,6432343,Tennessee Bird,0,2.533740782,2.39541434268488170560853203347757961404,2.85667679002523650741085772482746785589,2.56,2.24,55,2.72,191.42,5985.34,1155.66
117928769,GB / Donc 28th Mar,TO BE PLACED,28-03-2015 13:25,9353454,Rupert Boy,0,2.7,2.58386402433763017077235850667704665214,3.2683835580217961680700146003772869543,3.25,2.48,18.5,3.25,162.76,4649.44,123.36
117928777,GB / Donc 28th Mar,TO BE PLACED,28-03-2015 14:35,7853158,Naadirr,1,2.14,2.23238341375974218944847935645645676684,2.37329055077362279762196790623803062823,2.52,2.1,1,1001,119.26,17725.04,1462.18
117928781,GB / Donc 28th Mar,TO BE PLACED,28-03-2015 15:10,6553359,Flow,0,3.55,3.64100121058119947603459250957037060403,4.66958034073341604618142514577541951706,4.91,3.4,1.5,1.5,1726.54,15854.9,473.26
117928781,GB / Donc 28th Mar,TO BE PLACED,28-03-2015 15:10,7897660,Certificate,0,2.295570774323023,2.33015996638219251142862211801475663233,2.49571532394340735039824750897137983481,2.74,2.28,2.48,2.32,1331.2,34856.06,1302.04
117928785,GB / Donc 28th Mar,TO BE PLACED,28-03-2015 15:45,1532102,Lincoln,0,6.931585294,6.69792073132479388727497582461042198019,7.13397034433407694936001051510470518715,8.2,5.7,4.1,4.1,1142.74,8659,169.58
117928785,GB / Donc 28th Mar,TO BE PLACED,28-03-2015 15:45,7171213,Mondialiste,1,5.4,4.49794620779363924973294949068571467626,4.53259398015133237578969057100606938795,6,3.9,1,1001,1626.42,13867.62,192.72
117928785,GB / Donc 28th Mar,TO BE PLACED,28-03-2015 15:45,7275393,Gm Hopkins,0,2.88,2.63279299438234742620259676000016669949,2.74704614002743883428069471223577743181,3.15,2.4,1,1001,5557.2,48039.98,915.44
117928785,GB / Donc 28th Mar,TO BE PLACED,28-03-2015 15:45,7437574,What About Carlo,1,6.420089008,5.30152472340126843188220223222075150753,5.49341229507344289208819137369189212976,6.4,5,5,2,2123.74,12677.54,552.76
117928785,GB / Donc 28th Mar,TO BE PLACED,28-03-2015 15:45,4584796,Dont Call Me,0,11,8.92854421416181990274864835791479286454,12.8573892880031173942437459876490832928,14,9.2,50,50,192.88,4204.7,20.8
117928785,GB / Donc 28th Mar,TO BE PLACED,28-03-2015 15:45,5623017,Ocean Tempest,0,6.302755568186331,6.03551707986767167403030571341826247692,6.72614199495209063655931647712010122213,7.2,6,5.2,5.2,2289.32,11991.24,84.72
117928789,GB / Donc 28th Mar,TO BE PLACED,28-03-2015 16:20,8899822,Ghostly Arc,0,67.51226089655546,53.4577544995812222964144421344207868244,53.0062084621953224444409932266206064135,75,36,1000,46,6.22,399.94,56.72
117928793,GB / Donc 28th Mar,TO BE PLACED,28-03-2015 16:50,8440842,Chilly Miss,0,4.050298604381388,3.76431699376528466637790068847408945231,4.07733625452585159394144202625073274236,4.4,4,1,1001,20.92,2502.4,121.74
117928793,GB / Donc 28th Mar,TO BE PLACED,28-03-2015 16:50,8376255,Heavenly River,1,9.2,7.47108818286940497192301968247384890921,6.70473260859316941243743603327115425667,9.4,8.4,1,1001,38,1111.18,194.26
117928797,GB / Donc 28th Mar,TO BE PLACED,28-03-2015 17:25,55507,Sahara Desert,0,14.459089116254475,14.7345786866330253615538501150303909042,1,17,12,50,50,0,947.44,20
117954859,GB / Kemp 28th Mar,TO BE PLACED,28-03-2015 13:45,9353200,Rah Rah,1,1.54,1.73554329246341375511626814283441741777,1.93903572924220523313846230716754372987,2.1,1.57,1.22,1.03,123.34,26580.96,3534
117954871,GB / Kemp 28th Mar,TO BE PLACED,28-03-2015 15:25,5637086,Atlantis Crossing,0,11.5,10.642951200691270067501278835510986638,8.36977563920020874582333627460313649714,13.5,8.8,25,16.5,264.5,2204.92,45.16
117954871,GB / Kemp 28th Mar,TO BE PLACED,28-03-2015 15:25,6290197,Chilworth Icon,0,4.9,4.59521275490984023423337578766559892067,5.29995313051087743143599734762891084487,5.3,4.2,1,1001,4,3022.22,56
117955359,GB / ChelmC 28th Mar,TO BE PLACED,28-03-2015 16:40,5564356,Forest Maiden,0,1.1864495453425117,1.19031599386000851715566631254194655702,1.32554577573170923560724221001023972294,1.28,1.18,1.23,1.19,119.4,35008.18,2518.9
117955367,GB / ChelmC 28th Mar,TO BE PLACED,28-03-2015 17:50,7382568,Zampa Manos,1,2.118249460703519,2.12903806038674514252115893101490880233,2.59163899193603267649062554307329134963,2.28,2.02,1,1001,39.22,23442.06,911.2
117955350,GB / ChelmC 28th Mar,TO BE PLACED,28-03-2015 15:30,6409819,Lover Man,0,8.8,8.73948949984807172451500454996765634212,7.98815741294319492118096868260666290111,11,8.2,1,1001,30.08,1218.18,47.96
117955350,GB / ChelmC 28th Mar,TO BE PLACED,28-03-2015 15:30,6526664,Megaleka,0,4.3121665646364296,3.78734263854745364688385817847374115844,3.9911768029861909525347037018413733995,4,3.6,1,1001,98.96,3892.46,67.8
117955350,GB / ChelmC 28th Mar,TO BE PLACED,28-03-2015 15:30,4613293,Mappin Time,1,2.7707684682165556,3.08293717881597012357565680336929212329,4.08159183329623976921044214341162868371,3.85,2.86,1,1001,78.78,5972.48,876.4
117955350,GB / ChelmC 28th Mar,TO BE PLACED,28-03-2015 15:30,5431632,Royal Bajan,1,5,4.21715146551386743250924609138470608256,4.68052983997532517023240738720457273155,4.3,4.3,1.01,1.01,40.02,1501.26,1400.36
117964588,GB / Strat 28th Mar,TO BE PLACED,28-03-2015 15:00,5985268,Little Jimmy,1,2.943865954,2.57957942660352090569807422810381455155,2.00368269748708233225044917965366277177,3.2,2.38,2.92,1.03,258.48,6444,5719.48
117964588,GB / Strat 28th Mar,TO BE PLACED,28-03-2015 15:00,8312150,Road To Freedom,0,3.521941919211531,3.03682288850500966533453028496816905055,3.37493598669307916235271967090439058095,3.45,2.88,48,2.52,198.7,6482.24,1529.36
117964600,GB / Strat 28th Mar,TO BE PLACED,28-03-2015 16:45,5238193,Billy Congo,0,3.5,3.76092761466778275486194562308534120147,3.49014853518106247733315392389999902881,3.55,3.55,4.2,3.5,46.52,1529.48,278.54
117964600,GB / Strat 28th Mar,TO BE PLACED,28-03-2015 16:45,6407158,Haverstock,0,3.5,3.69734311147968990085866389099650340651,3.83299526117156313120348962325372110287,3.75,3.5,3.75,3.75,22,2107.82,219.74
117964600,GB / Strat 28th Mar,TO BE PLACED,28-03-2015 16:45,7272313,Canarbino Girl,0,12.159663456240667,14.8592953979159442356230568099702339967,11.6480794523629014933629122678008422458,17,13,1,1001,14.72,507.88,60.32
117964604,GB / Strat 28th Mar,TO BE PLACED,28-03-2015 17:20,32762,Better Days,0,7.18841915632038,5.86975045343758796149635608444297271807,1,7.2,6,1,1001,0,2006.78,184.38
117964604,GB / Strat 28th Mar,TO BE PLACED,28-03-2015 17:20,9318794,Rebel Collins,0,8.149750833,7.89567555423698312581502944862483345226,10.0883134488689190671982773481984688724,13,8.2,1,1001,12.46,2016.74,32.92
117964604,GB / Strat 28th Mar,TO BE PLACED,28-03-2015 17:20,9357588,Miss Eyelash,0,3.7734649851150968,3.96097461974807960360470062621600102029,4.99217226065912163321390453127728287527,5.1,3.9,1,1001,22.86,2438.64,61.68
117964580,GB / Strat 28th Mar,TO BE PLACED,28-03-2015 13:50,8163018,Isaac Bell,0,2.367683243812789,2.49947435397235161897746636915643072278,3.67695555928494306358991448691009847659,2.4,2.34,2.26,2.26,149.62,3649.14,397.34
117964580,GB / Strat 28th Mar,TO BE PLACED,28-03-2015 13:50,4232988,Street Entertainer,0,4.26675656315383,4.61048814097055517356915427937153552965,4.86002640138390869554844831179553331655,4.9,4.3,13,13,105.94,2690.02,190.5
117964584,GB / Strat 28th Mar,TO BE PLACED,28-03-2015 14:25,5157362,Mazovian,0,21,25.0787360494297272431434489708467543238,3.9306444210730806677028779304089410768,34,21,11,11,26.86,669.26,191.9
117964592,GB / Strat 28th Mar,TO BE PLACED,28-03-2015 15:35,9357584,Capetian Lady,0,207.3708123483763,121.097149569205220877816899303327283201,1,460,90,400,55,0,149.2,7.66
117964592,GB / Strat 28th Mar,TO BE PLACED,28-03-2015 15:35,7728577,Hopes Wishes,0,60,34.9498097930788183890403292124999819861,7.999993000006999993000006999993000007,60,28,28,28,14,152.66,36
117964596,GB / Strat 28th Mar,TO BE PLACED,28-03-2015 16:10,5488761,Midnight Lira,1,4.9987934578594295,4.43539986742089342283579564083743292532,4.12193081824419955124243306481387104829,5.1,4.1,5.3,5.3,84.8,3605.88,2180
117964596,GB / Strat 28th Mar,TO BE PLACED,28-03-2015 16:10,3435450,Richmond,0,7,6.6895032375821078673585988576593268457,5.59574710302478341019053192945451227335,7,6.2,1,1001,16.5,1860.8,61.96
117965792,GB / Uttox 28th Mar,TO BE PLACED,28-03-2015 15:55,7275376,Ashford Wood,1,3.5717713592108336,3.67797764123707285907907270123199617827,3.97888129991194270044628459958235906984,4.5,3.35,2.26,2.26,21.22,1732.36,1553.6
117965796,GB / Uttox 28th Mar,TO BE PLACED,28-03-2015 16:30,6025447,River Purple,0,1.68,1.63503306856092454095395484591876323682,1.45633055224846441170095499235202705081,1.71,1.53,12,1.26,35.12,17420.16,5987.44
117965775,GB / Uttox 28th Mar,TO BE PLACED,28-03-2015 14:10,7294270,Shirocco Passion,0,2.9069130924639195,2.74142977600904111755844625736025252516,2.27709944501332952105376240286906536594,2.94,2.4,2.78,2.1,285.22,5835.02,1297.94
117928769,GB / Donc 28th Mar,TO BE PLACED,28-03-2015 13:25,9353451,General Alexander,1,3.105773434852598,2.62200394209074958334308320703882584592,2.85965319993956648920032615316312204493,3.1,2.6,1.55,1.01,333.64,5116.22,1681.18
117928769,GB / Donc 28th Mar,TO BE PLACED,28-03-2015 13:25,9353455,Sir Dudley,0,2.2737047636743215,2.2059307716128421483335442678909135359,2.59154396007809270758629287959030920929,2.66,2.2,11,11,415.62,7811.38,592.06
117928777,GB / Donc 28th Mar,TO BE PLACED,28-03-2015 14:35,7208968,Justice Day,0,3.65,3.50940448402925779788752581341687613654,3.46319994244965296526858154763638587821,3.6,3.4,16,3.1,190.2,4537,322.92
117928777,GB / Donc 28th Mar,TO BE PLACED,28-03-2015 14:35,7294260,Astaire,1,1.7,1.67993368922160923174582817262306540981,1.59118821045256797049062515818052701336,1.78,1.5,1.04,1.04,1642.02,33871.14,2626.2
117928781,GB / Donc 28th Mar,TO BE PLACED,28-03-2015 15:10,1512,King Torus,0,3.35,3.28288139537695628853140324051448520092,3.73374696665387947768945896345500817723,3.93,3.3,1,1001,1916.92,13939.72,214.14
117928781,GB / Donc 28th Mar,TO BE PLACED,28-03-2015 15:10,4817832,Swiftly Done,0,12.77857811138965,11.7990071196488957049794033499392870833,9.28154275831720089264392728121735573932,17,12.5,1,1001,81.44,1567.5,5.48
117928781,GB / Donc 28th Mar,TO BE PLACED,28-03-2015 15:10,5637045,Burano,0,7.207143732,5.51520157802012039821423261201073839358,6.03485796537846439118680993376699842571,7.4,5.8,1,1001,272.76,5602.8,24.04
117928781,GB / Donc 28th Mar,TO BE PLACED,28-03-2015 15:10,8476946,Halation,1,3.7,3.45373300447792920442712044553458885281,3.73663960071535892120922819370588477531,4.4,3.55,5.8,5.8,181.32,10400.12,1169.3
117928785,GB / Donc 28th Mar,TO BE PLACED,28-03-2015 15:45,7331108,Zarwaan,0,3.587370239117953,3.39126727234766191138971606039981042292,3.3115864530266695069154608508541934082,4.1,3.05,1,1001,2954.28,24421.72,510.44
117928793,GB / Donc 28th Mar,TO BE PLACED,28-03-2015 16:50,6775836,First Sargeant,1,6.205662995821331,6.20765868943842393570332518228432682494,5.44305917270686203442603526808718115962,9.8,6,1,1001,30,2043.3,839.64
117928793,GB / Donc 28th Mar,TO BE PLACED,28-03-2015 16:50,7933932,Next Stop,0,6.345753399,6.15294069906044212793133616010268203477,8.65446785123502481289578583769948166218,7.4,6.2,1,1001,8,1521.74,.08
117928797,GB / Donc 28th Mar,TO BE PLACED,28-03-2015 17:25,8145916,Notebook,0,6.636275116649919,6.48756553584040044568691153477004262975,1,7,5.7,1,1001,0,2088.58,121.88
117954859,GB / Kemp 28th Mar,TO BE PLACED,28-03-2015 13:45,9353196,Lady Nayef,1,7.065644313,7.15942516263594164675147084334092795287,10.40524681645311825572657588360558773,12,7,7,7,86.06,2229.48,1089.24
117954867,GB / Kemp 28th Mar,TO BE PLACED,28-03-2015 14:50,5105449,Top Diktat,0,31.650140884330618,27.5638215958698054618459709600522058447,2.2713776604823277407104374779559035702,46,17.5,990,55,78.5,738.78,95.86
117954867,GB / Kemp 28th Mar,TO BE PLACED,28-03-2015 14:50,7285599,Fire Fighting,1,3.011763422205731,3.05962671114132361262695532366489819577,3.1967144106087665430597952876685297296,3.4,2.9,1,1001,719.04,9609.72,1363.3
117954875,GB / Kemp 28th Mar,TO BE PLACED,28-03-2015 16:00,4674034,Deluxe,0,1.4721897332175373,1.46572831611124557763040335910682661658,1.50711044185273794196912411449821935594,1.52,1.42,7.6,1.45,106.4,32728.94,2499.44
117954875,GB / Kemp 28th Mar,TO BE PLACED,28-03-2015 16:00,8816911,Storytale,0,5.272288192,5.44875677196466276136004441129256161346,5.83394694043357152409738828589527640074,5.8,5.3,1,1001,125.04,3453.68,16.94
117954875,GB / Kemp 28th Mar,TO BE PLACED,28-03-2015 16:00,9250100,Gunner Moyne,0,19,24.6063785897647629508077158452203031342,1,28,20,3.65,3.65,0,764.04,90.3
117954883,GB / Kemp 28th Mar,TO BE PLACED,28-03-2015 17:10,6246020,Arc Lighter,1,2.428264097327774,2.59957027520230333250405465629789025076,2.44422504553172550775458652407872868313,2.82,2.42,2.48,1.2,374.5,9412.26,1067.58
117954883,GB / Kemp 28th Mar,TO BE PLACED,28-03-2015 17:10,7374497,Zambeasy,0,5,4.70532486059187743808428332164276447142,2.9498219178148715862007176981124852458,5.2,4.5,5.8,4.9,174.62,2196.36,577.38
117955344,GB / ChelmC 28th Mar,TO BE PLACED,28-03-2015 14:55,9353448,Lils Joy,0,2.288039151317025,1.97912768686831877400276628837488116952,1.89301390820056250642449874992139982778,2.1,1.99,990,2.12,235.96,4207.58,735.6
117955355,GB / ChelmC 28th Mar,TO BE PLACED,28-03-2015 16:05,5754812,Personal Touch,1,3.1,2.64412292736882378701988163941538005191,3.08146609297068990321091031964511875285,3.15,2.62,3,1.01,156.38,5402.04,2471.38
117955355,GB / ChelmC 28th Mar,TO BE PLACED,28-03-2015 16:05,6481412,Angelito,0,3.85,3.89287005929398879087885677410449150601,4.24628979581436928247193727548165974462,4.2,3.65,990,20,62.56,3030.64,249.5
117955355,GB / ChelmC 28th Mar,TO BE PLACED,28-03-2015 16:05,8515443,Showtime Star,0,2.788102382,2.50356694407523994744664304199522875674,3.02072920705165147160790079543053891716,2.76,2.56,990,11,52,3941.9,145.76
117964604,GB / Strat 28th Mar,TO BE PLACED,28-03-2015 17:20,9236710,Fair To Middling,0,7.585996701,5.75205196819764116704972350033403891487,6.6265984720393564204362367663004193033,8.2,7.6,1,1001,15.58,1393.64,72.48
117964580,GB / Strat 28th Mar,TO BE PLACED,28-03-2015 13:50,6908825,Such A Legend,0,2.218785219486246,2.09492304027394659912608055774922034536,2.27130508628655499424154936154397696405,2.12,1.99,3.95,2.14,653.98,7922.06,1208.74
117964580,GB / Strat 28th Mar,TO BE PLACED,28-03-2015 13:50,6310746,Lanceur,0,1.8558308926708422,2.00626244249712251519456690759122829331,1.66918731509599729829665354499332422142,2.18,1.89,1.98,1.54,433.5,13830.5,7357.92
117964580,GB / Strat 28th Mar,TO BE PLACED,28-03-2015 13:50,5031722,Laser Blazer,0,2.48,2.15533187624924301966129205318364039685,2.10596070539771483037151730512230545797,2.5,2,2.3,1.98,879.04,10454.7,1435.86
117964584,GB / Strat 28th Mar,TO BE PLACED,28-03-2015 14:25,2564755,Ministerofinterior,1,2.2966499176061195,2.47173331505412948484884888777896365078,2.53777160960498813999201625424591352472,2.66,2.38,2.3,1.01,18,3380.92,4880.3
117964584,GB / Strat 28th Mar,TO BE PLACED,28-03-2015 14:25,6444254,Lord Navits,0,1.7049773431049833,1.66539982689356304742201487768357220031,1.61884820844820154193681724250777420068,1.69,1.61,1000,1.67,74.9,12814.86,1720.28
117964584,GB / Strat 28th Mar,TO BE PLACED,28-03-2015 14:25,4704912,Bunclody,0,3.95,4.03792459899992923656797731150090457279,4.40778207128833299832690505334010431546,4.4,3.9,1,1001,45.22,1445.04,548.96
117964592,GB / Strat 28th Mar,TO BE PLACED,28-03-2015 15:35,9118886,Checkets,0,170.77369176738003,113.13453326354615310040555651934827444,78.9779625760929073165544931817329155049,450,75,90,80,31.98,165.1,7.66
117964592,GB / Strat 28th Mar,TO BE PLACED,28-03-2015 15:35,6684107,Sweeping Rock,0,2.2922252431440935,2.49331711931864799990934522793093676749,2.74277294887486260743366708570603710137,2.84,2.16,8.6,2.2,61.32,12645.6,807.52
117964592,GB / Strat 28th Mar,TO BE PLACED,28-03-2015 15:35,8377202,Ashkoun,0,21,15.3595643312927477011164379960442768906,9.18731641287941338254567607226945064314,19,14,120,5,12,358.48,118.68
117965771,GB / Uttox 28th Mar,TO BE PLACED,28-03-2015 13:35,512530,Big Jim,0,1.131274573,1.1691256133471907551024273686775093935,1.22357966141713598797391571070838479542,1.23,1.13,1.18,1.13,675.42,26343.08,3027.22
117965779,GB / Uttox 28th Mar,TO BE PLACED,28-03-2015 14:45,6426697,Heronry,0,2.16,2.14819030219531962007439593927859554872,2.0799809383364383618629131195834393523,2.24,2.04,26,2.16,4,14277.1,2011.96
117965788,GB / Uttox 28th Mar,TO BE PLACED,28-03-2015 15:20,2319137,Jaunty Journey,1,4.2,3.60152441455476468772080217892367162521,3.51635416242650955311432949056418239894,4.6,4.1,6,5,13.32,3111,1983.54
117965792,GB / Uttox 28th Mar,TO BE PLACED,28-03-2015 15:55,8930761,Seymour Star,0,5.4,5.37346789451451913214924799001941038398,2.43732711551720388523041350779236286309,5.9,4.7,8.6,3.3,10.42,1886.08,673.48
117965796,GB / Uttox 28th Mar,TO BE PLACED,28-03-2015 16:30,6121765,Tiquer,1,2.514695151316119,2.46155821356881926274660678837374653156,3.01997785168979336914665983887443549252,2.74,2.34,2.08,1.08,6.22,7632.22,2247.86
117965800,GB / Uttox 28th Mar,TO BE PLACED,28-03-2015 17:05,9357591,Kitty Power,0,1.8610243543458824,1.79835722878825964460132651808032766455,1.62142289317274154786420347363606985868,1.87,1.81,1.2,1.2,16.98,5387.24,4182.82
117965775,GB / Uttox 28th Mar,TO BE PLACED,28-03-2015 14:10,4159983,Lean Burn,1,2.9701543802571555,3.12872718755735310651328413759172764133,2.71129836574189549324746786038521226619,3.35,2.96,1,1001,197.08,4287.54,987.24
117928773,GB / Donc 28th Mar,TO BE PLACED,28-03-2015 14:00,5011116,Sirius Prospect,0,5.142408496254067,4.56041685615191254089050848142334979342,3.85855187492135548611839691504831056283,5,4.2,4.3,4.3,66.4,3451.28,320.4
117928777,GB / Donc 28th Mar,TO BE PLACED,28-03-2015 14:35,8612571,Rosies Premiere,0,7.568441068543617,7.02988536086379749649335133777401906665,5.88421743070319709976331446827120823973,7.8,6.2,1,1001,116,4299.32,68.98
117928777,GB / Donc 28th Mar,TO BE PLACED,28-03-2015 14:35,8795135,Mc Diamond,0,129.46244223648776,142.175302711828649972680878117246404258,94.3073363304617990291929597121026846071,250,60,990,100,35,514.72,8.8
117928781,GB / Donc 28th Mar,TO BE PLACED,28-03-2015 15:10,3570060,Dance And Dance,0,6.865822757,6.32367167918902028943598792396194613994,7.45872361063310743163484564446755717242,7.8,6.2,1,1001,109.06,3934.76,32.26
117928781,GB / Donc 28th Mar,TO BE PLACED,28-03-2015 15:10,7877010,Lesha,0,5.168545999897827,4.63809136506620176584595801699423421509,4.72756783837885242840813157523481001655,5.8,4.03,1,1001,1194.92,5873.38,32.44
117928785,GB / Donc 28th Mar,TO BE PLACED,28-03-2015 15:45,5521783,Gabrial,1,4.5,3.95661746214459289081976581823080775647,4.53813004835134285046645094782647300297,5,3.75,1.1,1.01,4920.98,30495.72,3723.4
117928785,GB / Donc 28th Mar,TO BE PLACED,28-03-2015 15:45,4904357,Bertiewhittle,0,11.2243144301069,9.5137070396333793724549485942894742321,9.71367583882236375714065739379236614489,12,9.2,1,1001,410.6,4571.36,20.72
117928789,GB / Donc 28th Mar,TO BE PLACED,28-03-2015 16:20,9353459,Mr Cripps,1,3.6671625844545632,3.89213330133166219557351684841595220637,3.39946283323803155575340245971714929101,4.5,3.55,1,1001,35.22,3220.94,587.86
117928793,GB / Donc 28th Mar,TO BE PLACED,28-03-2015 16:50,4758577,City Ground,0,8,6.10666005552277794319892163775904391703,2.57451345797006781002149416012878438944,7.6,7.2,1,1001,70,1889.44,74.06
117928793,GB / Donc 28th Mar,TO BE PLACED,28-03-2015 16:50,2538111,General Tufto,0,15,13.8243059174498406554572284093926651486,1.90565962549012223461550333807270046795,38,14.5,14.5,14,53,1239.6,85.64
117928797,GB / Donc 28th Mar,TO BE PLACED,28-03-2015 17:25,7643684,Wheres Tiger,1,2.2772845734802933,2.29519685235102353884103874445927154919,2.74801045919215515763233961185025507544,2.56,2.18,1.86,1.01,114.4,12869.66,2771.42
117928797,GB / Donc 28th Mar,TO BE PLACED,28-03-2015 17:25,7756775,Walk Like A Giant,1,2.32,2.48685884916032118374935345042814025208,2.20836921971002298273424485919262077721,2.62,2.36,2,1.08,89,13463.48,6494.1
117928797,GB / Donc 28th Mar,TO BE PLACED,28-03-2015 17:25,7634706,Frosty The Snowman,0,6.4,5.80527404469883621363917918160684045112,1,6.6,4.5,4.6,4.6,0,2231.62,129.26
117928797,GB / Donc 28th Mar,TO BE PLACED,28-03-2015 17:25,6549313,Raging Bear,0,4.2844445684331,4.04102424804814641941623173553390463212,3.46748452354211386332669069866983142763,4.2,3.95,990,11,39.96,3085.58,45.84
117954863,GB / Kemp 28th Mar,TO BE PLACED,28-03-2015 14:15,6465086,Afonso De Sousa,1,5.658393186105094,5.37072633294222636901997186843467284632,4.76016958651185944732973267068434599263,5.8,5.1,1.21,1.01,78.98,2256.46,2672.42
117954863,GB / Kemp 28th Mar,TO BE PLACED,28-03-2015 14:15,7560120,Red Galileo,0,2.371176541,2.34862591912970078027694699756361912494,2.62709127471386617205821199881209587456,2.42,2.28,40,2.26,40.88,4736.76,1602.42
117954867,GB / Kemp 28th Mar,TO BE PLACED,28-03-2015 14:50,5742461,George Guru,0,7.6,8.29948767558726714391065242862851860009,8.40688583024392533901793560871747779151,9,7.8,7.8,7.8,87.66,2363.58,372.04
117954871,GB / Kemp 28th Mar,TO BE PLACED,28-03-2015 15:25,5513688,Boomerang Bob,0,1.7916378168975142,1.7520998550044983661477204016925122722,2.0513530616494036889334722504018323344,2.12,1.74,2.82,1.82,847.7,39550.98,2693.92
117954871,GB / Kemp 28th Mar,TO BE PLACED,28-03-2015 15:25,5213541,Trojan Rocket,0,4.748650926193294,4.02338493416043648726943768219140139283,4.96492496051476810262190654076368609021,5.1,4.7,1,1001,56,4112.22,4
117954879,GB / Kemp 28th Mar,TO BE PLACED,28-03-2015 16:35,6557890,Georgian Bay,0,3.006547295718846,3.08510586960987504996730802356776266807,1.20999819886160207164377013227925006643,3.55,2.9,1,1001,5.2,5024.3,4.72
117955344,GB / ChelmC 28th Mar,TO BE PLACED,28-03-2015 14:55,8605756,Blue Smoke,0,5.6,4.69906625769022508938755487515726080789,2.16394517836630912654993293894197014866,5.4,4.5,11,11,15.2,1429.04,94.16
117955359,GB / ChelmC 28th Mar,TO BE PLACED,28-03-2015 16:40,8964451,Flashy Memories,1,2.06,2.26515555384884962680686711230757372559,2.7084971281249486944240165345330031691,3.35,2.06,1.01,1.01,33.22,10029.04,1476.84
117955350,GB / ChelmC 28th Mar,TO BE PLACED,28-03-2015 15:30,7272305,Zac Brown,0,2.467054521408972,2.42471761619871660406409803308870510276,2.36745645425561399436357886707548431532,2.52,2.26,16,16,258.12,12700.18,367.04
117955340,GB / ChelmC 28th Mar,TO BE PLACED,28-03-2015 14:20,9353445,Sarhaan,0,7.161967938399174,5.43988028116821095310298477370975739717,3.35975967937143193794765969215240780904,7.8,5.2,7.2,3.7,97.8,2496.18,245.04
117964600,GB / Strat 28th Mar,TO BE PLACED,28-03-2015 16:45,6318057,Pagham Belle,1,1.46,1.44237381911637690835153864035371241517,1.43065155894801999392188967933330659036,1.52,1.38,1.43,1.01,125.76,27310.74,8432.42
117964604,GB / Strat 28th Mar,TO BE PLACED,28-03-2015 17:20,8957673,Coup De Vent,0,5.444942007255159,4.76289097138243722187593685029411083805,5.56025416424113807662228125718834061061,5.8,4.8,1,1001,7.04,2943.68,144.84
117964604,GB / Strat 28th Mar,TO BE PLACED,28-03-2015 17:20,9357586,Classic Tune,1,30,18.5134804172529837567005926068949914624,1,42,30,1,1001,0,393.78,566.42
117964580,GB / Strat 28th Mar,TO BE PLACED,28-03-2015 13:50,7374591,Maxie T,1,2.6146868835687718,2.4349517383375086235540649191043244636,1.9591713478327339641786236268515393958,2.64,2.26,4,1.01,683.12,5944.06,2202.52
117964592,GB / Strat 28th Mar,TO BE PLACED,28-03-2015 15:35,7934227,Master Dan,0,5.3,5.60516466382437852580464247641628733274,6.73354124791315582426403817445569245194,6.6,5,7,7,31,2041.48,152.4
117964596,GB / Strat 28th Mar,TO BE PLACED,28-03-2015 16:10,6368074,Goodtoknow,0,3.854744294716874,3.92368812458434944917583727477867132918,3.59934804790621081554477115267372591062,4.1,3.5,7,6.8,23.2,3449.86,237.58
117965771,GB / Uttox 28th Mar,TO BE PLACED,28-03-2015 13:35,9285918,Letsfacethemusic,0,14,14.2694250889954010848837849184654199665,7.35635381290774368803248213161852386228,17,13,25,8,22,863.24,435.1
117965788,GB / Uttox 28th Mar,TO BE PLACED,28-03-2015 15:20,7021048,Manballandall,0,1.759079759605993,1.56907861288806838614722362785011957216,1.81128012204016841728349857197839436324,1.81,1.74,1.92,1.77,169.76,14767.88,3422.14
117965792,GB / Uttox 28th Mar,TO BE PLACED,28-03-2015 15:55,7131183,Rosa Imperialis,0,2.5510014933103955,2.49138595074149417473252494901709002098,2.33998877759398765035342829003807093116,2.56,2.32,2.46,2.2,8,4323.02,1573.2
117965796,GB / Uttox 28th Mar,TO BE PLACED,28-03-2015 16:30,6323900,Spanish Arch,0,1.8489308866173095,1.82539277029950778986876106152063287688,1.92054190949880971124779477700457595978,1.86,1.73,1,1001,290.38,6151.74,264.86
117965800,GB / Uttox 28th Mar,TO BE PLACED,28-03-2015 17:05,9289733,Superfection,1,2.4314523263021703,2.61335612618812108765732402454640144654,1,2.68,2.62,2.44,1.31,0,3813.3,3138.68
117965800,GB / Uttox 28th Mar,TO BE PLACED,28-03-2015 17:05,9357595,Precieux,0,11.5,8.45156362698249422361243858249847259128,5.33496851015982015854213489155652926206,11.5,7.6,11.5,8.6,42.32,1336.98,128.6
117965775,GB / Uttox 28th Mar,TO BE PLACED,28-03-2015 14:10,5742456,Jumeirah Liberty,0,3.15,3.11350447774373181507314260326398163864,2.33384277773697217052920111377653165301,3.25,3.1,48,2.1,149.56,3509.84,1949.68
117965775,GB / Uttox 28th Mar,TO BE PLACED,28-03-2015 14:10,4106164,Quite Sparky,0,4.3484800822910605,4.45452600769362090657716439077396716893,4.56310745326673831854539010517154823874,5.2,4.1,150,6,296,3575.9,1463.12
117928769,GB / Donc 28th Mar,TO BE PLACED,28-03-2015 13:25,9353450,First Bombardment,1,2.487932240836198,2.11013439256105817441622676613345133048,1.90315122384229072969505809963272628198,2.5,1.92,1.01,1.01,210.12,7825.5,1293.1
117928769,GB / Donc 28th Mar,TO BE PLACED,28-03-2015 13:25,9353456,Teversham,0,5.562721461,6.27665994796186016552233363397645062827,5.7053353946441940984219813370170514584,9.6,5.5,1,1001,128.92,2683.8,23.02
117928781,GB / Donc 28th Mar,TO BE PLACED,28-03-2015 15:10,1159522,Boots And Spurs,0,7.701884420454734,6.14329154483882061190077693265806175351,6.35927948251070742225838146895903612078,8.4,6.6,1,1001,91.14,3054.84,21.86
117928781,GB / Donc 28th Mar,TO BE PLACED,28-03-2015 15:10,5714962,Eurystheus,0,4.8337210072545,4.89588850726199148805419463507146106949,5.46662497808207672454598907751537032179,6.6,4.4,1,1001,440.28,6831.8,154.4
117928781,GB / Donc 28th Mar,TO BE PLACED,28-03-2015 15:10,5526401,Le Chat Dor,0,8.4,6.95136197338934197343357038374561254717,7.48746116777629318393615559857001809311,9.2,8,1,1001,53,2740.32,27.66
117928785,GB / Donc 28th Mar,TO BE PLACED,28-03-2015 15:45,4815581,Jacks Revenge,0,6.037124434,6.89723167445456766126917738339312059048,7.67482294651167590423776725791366148907,8.6,5.6,5,5,1269.52,10799.44,345.7
117928785,GB / Donc 28th Mar,TO BE PLACED,28-03-2015 15:45,6297034,Hillbilly Boy,0,4.7,4.5739978988204511728461812619077402313,4.98075735585215996399396130376405926014,5.2,4.2,1,1001,4635.88,16819.88,249.8
117928785,GB / Donc 28th Mar,TO BE PLACED,28-03-2015 15:45,4758575,Belgian Bill,0,3.9751063145735683,4.1378012414887496784959557755930791745,4.85965847379239856270653120967702169251,5.2,3.55,8.2,3,3313.68,28666.7,364.48
117928789,GB / Donc 28th Mar,TO BE PLACED,28-03-2015 16:20,8853550,Sonnolento,0,4.6,4.58820543132604171346973209248896286599,3.34198632615211055411352840431513659477,5.1,4,4,4,68.2,3333.56,305.26
117928789,GB / Donc 28th Mar,TO BE PLACED,28-03-2015 16:20,8866669,Ledbury,0,2.1214703785324307,2.03541540307418460014598954209735364304,2.00633384895789143270032009276273960674,2.12,1.95,1,1001,532.68,13101.9,319.98
117928789,GB / Donc 28th Mar,TO BE PLACED,28-03-2015 16:20,9353460,More Mischief,0,8.711174848442898,8.56099163185989425866637938369081518279,6.70458152402173644501594704006230580905,10,7.8,1,1001,34,1589.42,67.84
117928793,GB / Donc 28th Mar,TO BE PLACED,28-03-2015 16:50,7582781,Call of Duty,0,7.510490814,6.56653047392113034823803800391720124269,5.98744239504033728410436859454273303143,8.2,6.6,1,1001,4,2634.34,34.06
117928793,GB / Donc 28th Mar,TO BE PLACED,28-03-2015 16:50,6570737,Magnolia Ridge,0,3,2.79176240107406021928015065065937880179,3.40518444462936335556235315621730338191,3.1,2.82,2.52,2.32,97.96,6226.1,650.16
117928797,GB / Donc 28th Mar,TO BE PLACED,28-03-2015 17:25,5559046,Stand To Reason,0,4.015516276698104,3.7677230427466223571002187720528519228,4.2414070563300245668306321091402759696,4.5,3.1,2,2,30.98,6727.84,728.3
117954871,GB / Kemp 28th Mar,TO BE PLACED,28-03-2015 15:25,6568233,Perfect Pasture,0,3.75,3.20368806545168021178579614586668502325,2.61739190148702500260025314375474308585,4,3.15,50,4,94.06,7494.96,271.96
117954875,GB / Kemp 28th Mar,TO BE PLACED,28-03-2015 16:00,8859441,Gold Will,1,1.134375657385517,1.16387790806926980105869894283350576136,1.22523778816244144846534423185293896109,1.19,1.14,1.08,1.03,91.98,44575.72,3959.6
117954879,GB / Kemp 28th Mar,TO BE PLACED,28-03-2015 16:35,7974489,American Hope,1,1.9080085151068216,1.88281821864590608900875453722760722245,1.64076133223898533318771466527619969409,1.96,1.83,1.78,1.78,68.72,22602.28,2005.3
117954879,GB / Kemp 28th Mar,TO BE PLACED,28-03-2015 16:35,6023516,Athletic,0,4.492308903384253,4.08639004530813787784963543227248934097,3.77982679489267582549354091646321358196,4.4,3.85,1,1001,81,5431.84,19.44
117954879,GB / Kemp 28th Mar,TO BE PLACED,28-03-2015 16:35,6265234,Valbchek,0,13.414973893444984,14.244216840708971235792829377122151893,10.0615287726730815264743678466374562876,17,12,990,990,52,1939.54,104.04
117954879,GB / Kemp 28th Mar,TO BE PLACED,28-03-2015 16:35,3351424,Bravo Echo,0,5.528119063,6.09574712236835085296807911580153210076,5.5208423571099975655376492918660476681,7.2,5.3,1,1001,81.36,2918.18,4.72
117954883,GB / Kemp 28th Mar,TO BE PLACED,28-03-2015 17:10,6310846,Proofreader,0,1.3361402278205514,1.33695803646072363605318214936835732135,1.34740762005608737987691553872683587977,1.37,1.29,1.48,1.35,269.34,18265.46,1265.68
117955344,GB / ChelmC 28th Mar,TO BE PLACED,28-03-2015 14:55,9353447,Young John,1,1.52,1.6123717999212668182722421273281163538,1.71093264585473221933276223178083539775,1.69,1.54,1.49,1.01,82.94,6303.68,2378.86
117955359,GB / ChelmC 28th Mar,TO BE PLACED,28-03-2015 16:40,8528921,Marcano,0,7.536542449154658,6.04754931443066901785806019592526014884,2.41139707898535770309711871136527929665,8.6,6.4,1,1001,81.98,2840.32,64.22
117955359,GB / ChelmC 28th Mar,TO BE PLACED,28-03-2015 16:40,8796730,Yeenaan,1,2.3756183517502008,2.0343697257119809822350340811267386697,2.05759436284392631760206035201057508763,2.56,1.72,1,1001,50,11456.34,1413.4
117955350,GB / ChelmC 28th Mar,TO BE PLACED,28-03-2015 15:30,3998622,Dungannon,0,2.7284423875421275,2.84980676128115914313409180152487851827,2.86989472710860018381906757851843235663,3,2.6,1,1001,180.04,10143.2,200.72
117955355,GB / ChelmC 28th Mar,TO BE PLACED,28-03-2015 16:05,5481524,Colourbearer,0,3.782503297,3.51482228049811641100886579229196508296,2.15854350040461722079378194817542393999,4.1,2.88,990,2.2,72.68,2559.58,526.46
117955340,GB / ChelmC 28th Mar,TO BE PLACED,28-03-2015 14:20,8688406,Emirates Airline,1,1.575464434,1.33938792528132114446137260916195615979,1.69096796229325228662202362588591581398,1.7,1.48,1.01,1.01,65.2,42029.28,1572.12
117964588,GB / Strat 28th Mar,TO BE PLACED,28-03-2015 15:00,2624838,Gainsboroughs Art,0,29,26.0771344028217050285516007511721698223,10.999877001512881391558883825728943534,60,29,1000,24,2,672.06,56.58
117964600,GB / Strat 28th Mar,TO BE PLACED,28-03-2015 16:45,5528735,Seymour Legend,1,2.154114633338142,2.09801078833473235317131249189984982734,2.14103077821417251408225187822449197932,2.34,1.9,2.26,1.63,61.6,13791.92,2665.92
117964600,GB / Strat 28th Mar,TO BE PLACED,28-03-2015 16:45,6331727,Paupers Present,0,5.8,6.06872649376952194219749232072348060243,6.12613395498620605355225527543371432368,6.8,5.4,1,1001,31.14,2615.9,34
117964604,GB / Strat 28th Mar,TO BE PLACED,28-03-2015 17:20,8947689,Mister Miyagi,1,1.6798000037881031,1.55922271139637540557822556801913547422,1.50880393888553880556542094166748603635,1.69,1.53,1.69,1.01,216.76,19454.28,6215.72
117964604,GB / Strat 28th Mar,TO BE PLACED,28-03-2015 17:20,9277227,Holy Cross,0,1.56,1.41876387268772781381548558224148943109,1.54153628311648689069680001978205776568,1.56,1.36,5,1.14,367.08,25995.64,4599.48
117964604,GB / Strat 28th Mar,TO BE PLACED,28-03-2015 17:20,9357589,Right Royals Day,0,34.46060289933929,18.5117253495521040732387641642473066723,9.04536315885942476638047324481938981339,55,34,60,60,42.3,439.96,21.38
117964584,GB / Strat 28th Mar,TO BE PLACED,28-03-2015 14:25,3239040,Descaro,1,7.164461686,7.35864412842234925176168761274426668749,6.46994147162625359908648977455941221429,8.4,6.8,1.01,1.01,6,2333.36,4813
117964584,GB / Strat 28th Mar,TO BE PLACED,28-03-2015 14:25,4722588,Mickelson,0,6.162779102,5.99273168214585943150623702488263906343,3.23713750399240116104007893981110830913,6.6,5.8,42,9,11.2,975.52,117
117964592,GB / Strat 28th Mar,TO BE PLACED,28-03-2015 15:35,204791,Bantam,1,2.3202665838591923,2.1915601151708917288370929678163453942,2.01059468467079601553140684174781866036,2.26,1.8,2.26,1.88,227.12,12784.88,4749.34
117964592,GB / Strat 28th Mar,TO BE PLACED,28-03-2015 15:35,3677276,Set The Trend,1,1.521595289780998,1.47949050734626507215515965643511968757,1.35001305594117369363533272541951557693,1.56,1.33,1.55,1.03,609,23419.02,5114.4
117964596,GB / Strat 28th Mar,TO BE PLACED,28-03-2015 16:10,7264676,In Fairness,0,2.62,2.50546761232347533346813876995241950167,1.81416157462219542835711182079840688306,2.6,2.44,3.45,1.02,192.5,10881.44,5955.5
117965771,GB / Uttox 28th Mar,TO BE PLACED,28-03-2015 13:35,9133909,Toast And Jam,0,21,19.4036122189812836847420451550733589331,10.1599262625935861216317208646470395913,65,16,160,14,4,893.8,85.12
117965771,GB / Uttox 28th Mar,TO BE PLACED,28-03-2015 13:35,9357590,Peggy Do,1,1.1576010015340261,1.14098851594103140440885794053947701061,1.10249222861777752299264394399589915772,1.19,1.09,1.06,1.06,1147.48,55597.22,5799.78
117965788,GB / Uttox 28th Mar,TO BE PLACED,28-03-2015 15:20,8148255,Castle Cheetah,0,4.630239839493516,3.92499357984289027488448764126069554717,2.64608019327920587456716753924641483538,5.2,4.7,11,2.78,9.2,2764.06,603.84
