EVENT_ID,MENU_HINT,EVENT_NAME,EVENT_DT,SELECTION_ID,SELECTION_NAME,WIN_LOSE,BSP,PPWAP,MORNINGWAP,PPMAX,PPMIN,IPMAX,IPMIN,MORNINGTRADEDVOL,PPTRADEDVOL,IPTRADEDVOL
147751492,AUS / Cast (AUS) 9th Sep,R8 1200m Hcap,09-09-2018 07:30,20502341,12. Chic Sale,0,260,101.323040299287455152107892893296748909,126.452564102564102564102564102564102564,220,160,1000,100,265.2,252,13.2
147751492,AUS / Cast (AUS) 9th Sep,R8 1200m Hcap,09-09-2018 07:30,13602217,11. Honey Magic,0,19.236115630637443,11.1985422374822240601018343515896133518,12.4798811323705750482248057974036807257,19,15,18.5,18.5,1918.1,1850.92,67.18
147751492,AUS / Cast (AUS) 9th Sep,R8 1200m Hcap,09-09-2018 07:30,10949189,13. Toymark,0,47.301259989871184,24.0239547364140693653160612320518489044,26.02654439068302014178012827725891752,55,44,960,960,888.7,858.88,29.82
147751488,AUS / Cast (AUS) 9th Sep,R6 1000m Hcap,09-09-2018 06:15,12858238,8. Delightful Cat,1,6.510799189,5.88864992819331614918748166137831533461,4.55438768879220458224686253423099146701,7.4,5.5,6,1.02,12218.46,8064.98,2404.96
147751478,AUS / Cast (AUS) 9th Sep,R1 3480m Hrd,09-09-2018 02:55,12495773,9. Youl Dash For Cash,0,9.457816361447327,6.06917943000685129792419351487890043193,7.64761805607198631665055402692050271436,9.4,8.4,1000,5.5,1344.7,1143.1,201.6
147751478,AUS / Cast (AUS) 9th Sep,R1 3480m Hrd,09-09-2018 02:55,15474601,6. Mr Coyne,0,18.5,9.53942808277463210695187885441604072471,5.48395553766326713186616568259080336375,19,16.5,10.5,8,1341.36,499.34,842.02
147751480,AUS / Cast (AUS) 9th Sep,R2 3480m Hrd,09-09-2018 03:35,10949612,2. Killarney Kid,0,2.86,2.36980694311776874009381160923121117168,2.46535949059737691580098564044281762186,2.86,2.52,2.96,2.74,21926.86,19726.8,2200.06
147751490,AUS / Cast (AUS) 9th Sep,R7 1800m Hcap,09-09-2018 06:47,9133333,2. Acaju,0,43.49847166,50.576076480690480692686571525244944025,23.5280032620607049109304518463773286781,75,44,1,1001,784.78,228.48,82.82
147751482,AUS / Cast (AUS) 9th Sep,R3 1200m Mdn,09-09-2018 04:15,20502321,6. Into The Wild,0,7.8,6.01344184435844910890852115233674015996,5.31913157612215284343366129529390170838,7.8,5.3,7.6,7.6,11550.12,9335.42,179.1
147751482,AUS / Cast (AUS) 9th Sep,R3 1200m Mdn,09-09-2018 04:15,20502327,12. Baltimore Harbor,0,15.231583944895977,17.508175182436153103903146305619669523,11.8491321593693944064071145246456633233,24,15.5,960,10,2374.86,1261.4,156.78
147751484,AUS / Cast (AUS) 9th Sep,R4 3800m Stpl,09-09-2018 04:55,8230401,1. Mannertone,0,4.4,4.49909994416646640889753048411541415854,3.89488643001667781342860287332481099889,4.7,4.3,4.6,4.2,7087.26,4722.28,837.12
147751486,AUS / Cast (AUS) 9th Sep,R5 1400m Mdn,09-09-2018 05:35,16796091,7. Sandhill Galaxy,0,139.78410111661537,158.020555887217668805807835142731701194,96.0914392834826077900437408873151426786,190,140,1,1001,288.06,163.6,7.02
147761207,AUS / Nara (AUS) 9th Sep,R3 1000m Hcap,09-09-2018 05:05,10436226,4. Pandeia,0,2.8691158288400036,2.68213875444893359330078562981207315207,2.51119719255596018213097157756985526567,3.5,2.54,2.74,2.74,20402.9,16301.48,1224.02
147761207,AUS / Nara (AUS) 9th Sep,R3 1000m Hcap,09-09-2018 05:05,16221254,8. Seduce Me Now,0,51.201086801131595,65.7597828623371486431225690859263441069,33.7885480474732006125574272588055130169,100,48,1,1001,835.84,391.48,3.92
147761203,AUS / Nara (AUS) 9th Sep,R1 1800m Mdn,09-09-2018 03:45,12898037,3. Sudden Impulse,0,3.25,3.92107385449858471970196262120482735923,3.85856118718953291103706687171225269427,4.9,3.25,1000,8.8,13109.28,10995.56,813.1
147761209,AUS / Nara (AUS) 9th Sep,R4 1000m Mdn,09-09-2018 05:45,15473136,12. Melbourne Hero,1,35.95737797745154,34.1570738729624725005064597006540528177,7.67939032997326336416626534035239218161,42,24,1.01,1.01,4817.36,924.14,3477.5
147761211,AUS / Nara (AUS) 9th Sep,R5 2000m Hcap,09-09-2018 06:25,11120329,5. Chu Chu Charlie,1,2.82,2.33586417835775311626313650439158914482,2.23756921408342641798959708447573593293,3.05,2.3,3.4,1.01,28361.28,22964.6,5268.64
147761215,AUS / Nara (AUS) 9th Sep,R7 1200m Hcap,09-09-2018 07:40,11100781,3. Any Given Glass,0,4.4231015088478305,4.97884018786947362018350764320123926662,3.45266764414946647896917159632560056049,5.6,4.6,4,3,15386.46,8027.4,933.04
147761215,AUS / Nara (AUS) 9th Sep,R7 1200m Hcap,09-09-2018 07:40,1081119,8. Golden Rule,0,134.09180911455996,107.309237838911222815825583192561834251,76.9486008309715763695897421786864045346,160,55,960,48,726.86,487.46,29.38
147761217,AUS / Nara (AUS) 9th Sep,R8 1430m Hcap,09-09-2018 08:20,11612836,12. Green Back Dollar,0,316.059192061,252.33767533920687029136493172644221178,145.695430871212121212121212121212121212,540,75,230,230,337.92,187.42,20.3
147761217,AUS / Nara (AUS) 9th Sep,R8 1430m Hcap,09-09-2018 08:20,12119325,6. Zeze Ulater,0,4.377952793887744,4.41473800443788156499930192934503073218,3.99823912037176196172967903668925052452,5.5,3.85,9.6,3.9,19961.16,16251.32,1245.38
147763556,AUS / Gund (AUS) 9th Sep,R7 1400m CL2,09-09-2018 07:35,10928239,11. Upper House,0,3.85,4.24796483373930328928730697761149085984,4.02121818120713267480906623798174541605,4.6,3.9,3.9,3.9,14282.44,11847.78,906.82
147763556,AUS / Gund (AUS) 9th Sep,R7 1400m CL2,09-09-2018 07:35,20501311,14. Rockintheriver,0,90,48.4218740430156060457803405802501054337,34.135831105519735807516905173769460607,80,21,70,70,508.72,316.26,8.48
147763552,AUS / Gund (AUS) 9th Sep,R5 1180m CL1,09-09-2018 06:20,10470065,8. Call Me Anything,0,17.932938849,14.3402880542120669372179609317501678779,10.5756437831294148067181458105614517589,17,12,24,24,1701.66,964.9,34.4
147763554,AUS / Gund (AUS) 9th Sep,R6 1800m Hcap,09-09-2018 06:55,20168354,2. Receipt,0,15.538556559558494,9.21069048205496461447469468667244927787,11.4641570566164088120303713697645332519,16,11,960,8,2030.86,1631.06,399.8
147763558,AUS / Gund (AUS) 9th Sep,R8 1400m Hcap,09-09-2018 08:15,8495419,8. Zarreig,0,19.5,16.9596693606602665372845541371460299126,17.284154433449111999475719247657120388,34,16.5,10.5,10.5,2441.44,2355.4,86.04
147763558,AUS / Gund (AUS) 9th Sep,R8 1400m Hcap,09-09-2018 08:15,8694128,3. Emerald Fortune,0,42,36.6929577279310450455660261495426793047,41.4229695737569346335412287653767961132,80,36,960,140,1160.84,1117.78,43.06
147763558,AUS / Gund (AUS) 9th Sep,R8 1400m Hcap,09-09-2018 08:15,20501312,10. Short,0,4.223777693344745,4.02171595044075090708784605440119084026,3.95770197117751538081113335171625403708,7.6,4,4.3,2.8,17915.18,16050.3,1864.88
147763558,AUS / Gund (AUS) 9th Sep,R8 1400m Hcap,09-09-2018 08:15,11504242,5. Can She Kiss,0,25.666096541483704,14.4898398876580929888383578278023764291,14.9411801938657407407407407407407407407,29,18,1,1001,2211.84,2194.2,17.64
147763558,AUS / Gund (AUS) 9th Sep,R8 1400m Hcap,09-09-2018 08:15,10655083,1. Gentleman Max,0,8.216607892171016,6.54642036729983165194887322727407558264,8.05849763897995801501496922287114269304,8.8,5.8,840,7,7869.48,7561.52,307.96
147763544,AUS / Gund (AUS) 9th Sep,R1 1400m Mdn,09-09-2018 03:40,510141,7. Tobermory,1,4.1288920578032995,4.43960326091215614872276504248354781816,3.38240281321155740633153027017079182018,4.8,3.8,4.5,1.03,11084.84,6397.82,2148.76
147763544,AUS / Gund (AUS) 9th Sep,R1 1400m Mdn,09-09-2018 03:40,20501270,2. Eric The Axe,0,218.317483402,156.51451929127990186579119170768567141,83.4000727404982724131660301873067830515,240,130,1,1001,109.98,54.72,.62
147763544,AUS / Gund (AUS) 9th Sep,R1 1400m Mdn,09-09-2018 03:40,20044891,1. Compare The Market,0,184.13901043614834,262.070486318626902821346805057889214613,176.066731007858817041224320970632841583,410,200,1,1001,290.12,186.9,.3
147764865,AUS / Kalg (AUS) 9th Sep,R7 1300m CL2,09-09-2018 10:05,11377745,13. For The Fallen,0,7.6,8.43820372225995343616104948336385722307,6.95633125355576139136649379593103350997,13.5,7.4,1000,1000,4253.66,3028.98,39.58
147764859,AUS / Kalg (AUS) 9th Sep,R4 1200m Hcap,09-09-2018 08:25,9249848,5. Disco Metal,0,3.75,3.61699808992209302638384015286638141988,3.27365638762012343859993778956501809014,4.1,3.25,5.7,3.8,19546.56,15907.2,909.46
147764861,AUS / Kalg (AUS) 9th Sep,R5 1300m Hcap,09-09-2018 09:00,8575791,5. Casino Belle,0,65,55.0183932627288740810065403784665131544,41.6382486505012423956816039756661811327,75,38,1,1001,933.68,677.64,3.76
147764853,AUS / Kalg (AUS) 9th Sep,R1 1100m CL2,09-09-2018 06:29,18492367,3. Welcome Shadow,0,36,25.590642408653658097457912250182003038,15.3593468194004387033877650499634413844,34,20,1,1001,738.54,320.28,96.56
147764863,AUS / Kalg (AUS) 9th Sep,R6 1760m Qlty,09-09-2018 09:30,8421265,3. Already Famous,0,19.5,20.2993616222995842173512605399677970207,15.05064539729821535888793080922892007,26,19,960,960,1530.84,981.54,21.04
147764863,AUS / Kalg (AUS) 9th Sep,R6 1760m Qlty,09-09-2018 09:30,20484784,12. Rojo Calor,0,18.5,17.9785277275407106144014070558359644641,12.4292346915954734535044952363912868453,21,14,960,14,2235.7,1321.14,65.06
147770305,AUS / Devn (AUS) 9th Sep,R7 1350m Hcap,09-09-2018 07:48,12791667,8. Gee Gee Pureblonde,0,4.152198027870909,4.22015329808674728913369772916665963961,4.03624693089750207599254886998675853401,4.5,3.85,3.8,3,17822.8,15665.64,772.5
147770299,AUS / Devn (AUS) 9th Sep,R4 1000m Hcap,09-09-2018 05:55,12451374,3. Geegee Trendsetter,0,3,2.52186427147604167901607188241185606716,2.87222055571876981120405733459094212422,3.15,3,100,3,7760.76,6253,1507.76
147770301,AUS / Devn (AUS) 9th Sep,R5 1000m CL3,09-09-2018 06:33,10896723,7. Crystal Flame,0,18.5,20.3697737427352539617334708907394725403,17.5748913254304197519595650735336063984,23,18.5,1,1001,1752.94,1378.5,33.86
147770301,AUS / Devn (AUS) 9th Sep,R5 1000m CL3,09-09-2018 06:33,20482890,2. Rubinic,0,13.5,12.3788552956838671275217669849766144784,10.5293524314033036898931159152227203899,14.5,8.8,9,8,4054.86,3019.44,330.84
147770303,AUS / Devn (AUS) 9th Sep,R6 1150m CL1,09-09-2018 07:08,20482894,10. Gee Gee Wynett,0,11.216143502438932,12.9451591749078155024779937323040824006,8.7043648566618180985213776041964929963,13.5,12,960,8.2,3492.44,1665.58,200.6
147770303,AUS / Devn (AUS) 9th Sep,R6 1150m CL1,09-09-2018 07:08,3662795,2. Copperhead Road,0,16.578880470334262,18.2131530219808516299161424851385370849,15.484055563082496060240877942340466496,19.5,17,1,1001,2804.74,2189.14,30.52
147770297,AUS / Devn (AUS) 9th Sep,R3 1350m Hcap,09-09-2018 05:15,10689887,5. Secrets She Has,0,14.288606109489992,14.7441786939983409514938426327264710131,12.1023683945520002014047984693235316331,17.5,11,1,1001,3177.68,2374.04,54.74
147770765,AUS / SCst (AUS) 9th Sep,R4 1000m Mdn,09-09-2018 05:30,20501961,4. Arquera,0,167.0961886133579,126.642923837058487664899667155085544853,53.1571509327303561334087054833239118146,190,44,1,1001,176.9,66.9,1.14
147770763,AUS / SCst (AUS) 9th Sep,R3 1000m Mdn,09-09-2018 04:50,20501952,2. Big Little Lies,1,11,10.3871872807384330177795386355195408881,4.76805681360994786328410631711658415048,13.5,9,10.5,1.01,19337.62,7248.28,11245.5
147770763,AUS / SCst (AUS) 9th Sep,R3 1000m Mdn,09-09-2018 04:50,20501958,12. Lots Of Promise,0,42.28452698119421,79.4542005371060203493335022231786981077,33.6851272172726543061240870053776386548,100,60,11.5,11.5,996.72,310.64,50
147770769,AUS / SCst (AUS) 9th Sep,R6 1800m CL3,09-09-2018 06:44,12199971,7. Inveraray,0,6.2,6.04308175002739204825577040634781897942,6.28591745819495214493870046437941033262,12,5.9,1000,11.5,11008.24,10635.44,372.8
147770769,AUS / SCst (AUS) 9th Sep,R6 1800m CL3,09-09-2018 06:44,11320490,2. Downloading,0,7,4.45128037299608746803905481387076395651,5.20442156174912922272651074424293599399,6.8,5.9,100,3.25,6442.52,5248.48,1194.04
147771345,AUS / Musw (AUS) 9th Sep,R4 1450m CL3,09-09-2018 06:00,10663380,12. Sithali,0,130,133.683047691628892195317498213459974564,90.8134719793871353639458912303303579645,200,40,370,370,217.34,135.32,4.5
147771351,AUS / Musw (AUS) 9th Sep,R7 1280m CL1,09-09-2018 07:52,20501484,17. Pompous,0,24.40374108677498,14.3637994946900114721601043335225658835,15.2126742446903978462458869279090637152,25,20,960,10.5,1337.2,1258.3,78.9
147771341,AUS / Musw (AUS) 9th Sep,R2 900m Mdn,09-09-2018 04:40,2467537,6. Shark Alley,0,7,5.72844058820640514323883085679978324696,5.95634035612579099088098176632461262707,8.2,6.2,1,1001,4586.02,4566,20.02
147771341,AUS / Musw (AUS) 9th Sep,R2 900m Mdn,09-09-2018 04:40,20501471,15. Timion,0,38,24.3388122173885821031981910209441014122,25.5197835917312661498708010335917312662,55,25,38,38,1362.24,1245.2,117.04
147771341,AUS / Musw (AUS) 9th Sep,R2 900m Mdn,09-09-2018 04:40,20501467,11. Polish Train,0,110.27288372578101,55.1983356960869547671825648400765206938,56.0364666453878072135333546121927864667,130,18,1,1001,250.64,250.28,.36
147771341,AUS / Musw (AUS) 9th Sep,R2 900m Mdn,09-09-2018 04:40,20501464,5. Euroaire,0,140,74.2140725944001412861868947952014534648,75.3049783549783549783549783549783549784,140,80,1,1001,184.8,184.42,.38
147771339,AUS / Musw (AUS) 9th Sep,R1 1450m Mdn,09-09-2018 04:00,19288956,8. Dads Blaze,0,27.01759037175362,20.434117795647657755847935644189170497,21.5525254874597821452106834127999379773,34,20,1,1001,1031.88,999.22,8.96
147771339,AUS / Musw (AUS) 9th Sep,R1 1450m Mdn,09-09-2018 04:00,20501459,13. Rockatoo,0,7,6.51299217395627652971416565549814462759,6.73658357576103283706957199627326830567,11,7,1,1001,5259.3,4922.16,181.58
147771339,AUS / Musw (AUS) 9th Sep,R1 1450m Mdn,09-09-2018 04:00,20385819,4. Ilcallya,0,288.423804168,105.548935411093672425546748218740711806,110.646622811081256369869359770221439822,400,200,970,940,215.86,214.56,1.3
147771347,AUS / Musw (AUS) 9th Sep,R5 1280m Hcap,09-09-2018 06:37,17733459,4. Cervinia,0,19.664271628474808,18.6416721030330638256545157279298619129,15.2028368654250031272013851856240906428,42,16,960,10,3037.86,2117.94,211.76
147771449,AUS / Shep (AUS) 9th Sep,R8 1690m Pace M,09-09-2018 12:04,19351798,9. Im Caitlyn Jay,0,101.28565393857656,50.5341570011635330458231976763721524111,51.9938300962513655537679744125328666697,65,48,960,960,19.56,92.14,2.1
147771447,AUS / Shep (AUS) 9th Sep,R7 2190m Pace M,09-09-2018 11:40,20486373,8. Royal Obsession,0,2.42,2.12860385737598950107359214699915079901,2.63975405998103366524419155998103366524,2.22,2,100,1.75,6748.8,5540.9,805.42
147771447,AUS / Shep (AUS) 9th Sep,R7 2190m Pace M,09-09-2018 11:40,20486371,2. The Greek Freak,0,60,84.6030697604214433126573390002600200354,70.864752885469073690440958863569103285,120,70,1,1001,67.58,38.32,2.22
147771435,AUS / Shep (AUS) 9th Sep,R1 1690m Pace M,09-09-2018 08:34,12019454,9. Time Keepa Lombo,0,23,24.0837063270410092484749351071502017151,21.2247542448614834673815907059874888293,25,22,1,1001,402.84,211.04,44.24
147771441,AUS / Shep (AUS) 9th Sep,R4 2190m Pace M,09-09-2018 10:08,9642419,5. The Thug,1,2.6217368626779995,2.59129340886250157466144834677103019456,2.1616993444868408179238822033069171314,2.7,2.5,2.92,1.01,10221,5240.38,4155.54
147771443,AUS / Shep (AUS) 9th Sep,R5 2190m Pace M,09-09-2018 10:42,10067732,7. Maken Art Magic,0,10,10.5083059441792037033172775337044429987,9.68177554401361153398406017730814005552,13.5,9.8,1,1001,1786.72,1486.94,62.82
147771445,AUS / Shep (AUS) 9th Sep,R6 1690m Pace M,09-09-2018 11:13,15281816,6. Melinka,0,190.02422558132562,105.786240420801077424597617276662705262,95.8710666121781773600326930935839803841,300,50,960,960,97.88,75.84,3.16
147772494,AUS / Sale (AUS) 9th Sep,R4 1400m Mdn,09-09-2018 04:45,18953556,2. For Petes Sake,0,9.197844066404798,8.58725539672495737470681965726431981361,7.89811042563923485818492220540876110658,12,7.8,1,1001,8247.36,6993.04,55.86
147772500,AUS / Sale (AUS) 9th Sep,R7 1717m Hcap,09-09-2018 06:40,10862611,8. Crisis Point,0,29,27.0447199567513221338421889949373585606,21.2639868753472477016133259253823655824,32,21,140,23,1907.86,1227.62,100.68
147772500,AUS / Sale (AUS) 9th Sep,R7 1717m Hcap,09-09-2018 06:40,16286408,9. Star Major,0,5.24539548660454,4.91362080698299078839495972605596577115,4.64801278328184667356896546886530135829,7,4.2,5.1,4.5,14256.12,10383.92,2112.2
147772504,AUS / Sale (AUS) 9th Sep,R9 1200m Hcap,09-09-2018 07:55,1408801,2. Big Phil,1,6.021097674,7.29232161300495758360695221165553630472,4.58522739059154175588865096359743040685,8.8,6.4,4.8,1.01,14346.24,7113.1,3547.28
147772504,AUS / Sale (AUS) 9th Sep,R9 1200m Hcap,09-09-2018 07:55,13580170,3. Raiza Flame,0,9.253570322,8.63744028568637871856148968608465475337,7.8775376601155315010938697977745595067,13,7.2,6,5.2,11034.22,9452.56,666.44
147772504,AUS / Sale (AUS) 9th Sep,R9 1200m Hcap,09-09-2018 07:55,18357746,5. Troubleshot,0,19.3517070364644,17.7562112497660759745381728842996732949,13.28592671901023078753271472757554128,19.5,16,1,1001,2017.44,1354.98,35.36
147772488,AUS / Sale (AUS) 9th Sep,R1 1200m 3yo,09-09-2018 02:45,20501868,12. La La Lola,0,30,30.0113366382011798259459248314683869648,22.1580230170838748563786705844681772805,42,24,1,1001,1061.82,717.12,21.58
147772488,AUS / Sale (AUS) 9th Sep,R1 1200m 3yo,09-09-2018 02:45,20297619,1. Adagirl,0,7.665008001700664,7.51351141379796655159559406074316464176,6.50192299011420575091409741344287455424,8,6.6,1000,7.2,5759.78,4364.22,147.24
147772490,AUS / Sale (AUS) 9th Sep,R2 1000m Mdn,09-09-2018 03:25,20501876,9. Honorellay,0,20.05321734831542,20.535493864520738251861396039118193613,19.0842353151405304674137798994205192352,26,13,1000,1000,3133.84,2697.46,15.44
147772490,AUS / Sale (AUS) 9th Sep,R2 1000m Mdn,09-09-2018 03:25,20501880,13. Steel Choice,0,164.04479456786066,97.3649495203020074067623843013517597464,61.0231340367330988667448221961703790543,160,42,1,1001,255.9,146.42,1.38
147772496,AUS / Sale (AUS) 9th Sep,R5 1400m Hcap,09-09-2018 05:25,16311882,1. Elraazy,1,52.708566740395625,31.4377517475282275755847486559713956898,8.39558744628935864478895975142645199517,70,29,21,1.01,4286.86,992.64,3294.22
147772498,AUS / Sale (AUS) 9th Sep,R6 1400m Hcap,09-09-2018 06:05,11693668,3. Pablos Express,0,12.35721886631334,12.7316677406018942409928044614966014756,9.53221262061041066565928444381483055516,14,11.5,60,55,3811.86,2373.24,60.82
147774118,AUS / Dubb (AUS) 9th Sep,R5 2120m Pace M,09-09-2018 06:26,20503603,7. Naughty Nikki,0,71.99290908175522,56.0813728104564757951212134479066749983,38.8762144656351205469593378913278157611,48,48,1,1001,55.58,20.1,3.56
147774118,AUS / Dubb (AUS) 9th Sep,R5 2120m Pace M,09-09-2018 06:26,12566035,1. Bustling Barney,0,2.4770887396216867,2.74816553998996631195204004202184680002,2.84427627204818334702178419179475145684,2.74,2.74,2.38,2.38,1534.14,598.38,877.9
147774120,AUS / Dubb (AUS) 9th Sep,R6 2120m Pace M,09-09-2018 06:55,12076755,1. Elegant Abby,0,130.17118538424626,217.010314250402128411154113475141304024,92.822563370224919671545876472688325598,350,130,1,1001,112.04,35.46,.42
147774114,AUS / Dubb (AUS) 9th Sep,R3 1720m Pace M,09-09-2018 05:24,17647643,6. Tarnished,0,402.506255486,121.241463814663305748539417805328955435,133.353554502369668246445497630331753555,100,100,1,1001,63.3,12.56,1.34
147774116,AUS / Dubb (AUS) 9th Sep,R4 1720m Pace M,09-09-2018 05:54,10537916,9. Just A Dream,0,636.3691302175632,156.337433116704245685153505132291872944,150.179273377010125074449076831447290054,150,130,970,970,33.58,16.22,.76
147774110,AUS / Dubb (AUS) 9th Sep,R1 1720m Pace M,09-09-2018 04:28,20503596,3. Shakin Shakira,0,23.752247179785044,29.6554807410092497056111710853706980314,16.5369832122275119017790027562014532699,42,38,960,960,319.28,61.58,5.72
147751492,AUS / Cast (AUS) 9th Sep,R8 1200m Hcap,09-09-2018 07:30,12033913,4. Manhattan Spirit,0,8.678408883113686,7.98898728608123376521549932205084664299,7.86301676578972603678023253310788463759,12,8,960,5.2,10219.62,9165.56,1054.06
147751488,AUS / Cast (AUS) 9th Sep,R6 1000m Hcap,09-09-2018 06:15,11014599,3. Jonjonjonny,0,21,19.2938312996605744967062061579394446094,14.9906837538521656497837458591994600307,22,16,960,18.5,2251.98,1515.58,92.42
147751488,AUS / Cast (AUS) 9th Sep,R6 1000m Hcap,09-09-2018 06:15,18145194,6. Rockstar Ranga,0,42,40.5726030521022578250330546659312070892,34.3042831250596203376895926738529047029,60,26,960,960,1048.3,838.96,14.58
147751488,AUS / Cast (AUS) 9th Sep,R6 1000m Hcap,09-09-2018 06:15,20502336,5. La Lova,0,2.56,2.66640070807215036955943321929931539906,2.55717097144696655068466474180260273945,3.1,2.5,960,2.04,40259.12,33734.06,2559.24
147751478,AUS / Cast (AUS) 9th Sep,R1 3480m Hrd,09-09-2018 02:55,565999,5. Harvard,0,5.7,6.10792874829306270609720867069809388125,6.40281328757129592784188884467435999469,7,5.7,960,960,4824.96,4654.38,170.58
147751494,AUS / Cast (AUS) 9th Sep,R9 1400m Hcap,09-09-2018 08:05,12028378,14. Honey Princess,0,27.05548418559688,24.345722511721423333920984791459132775,20.1241848382131831567334810188521454436,38,20,30,30,2248.02,1762.28,37.96
147751490,AUS / Cast (AUS) 9th Sep,R7 1800m Hcap,09-09-2018 06:47,10327609,9. Asquillion,0,28,30.0719978955095582141360101755332247147,17.1699946523492229863420999155071177232,50,27,1000,7,1869.98,838.42,694.58
147751484,AUS / Cast (AUS) 9th Sep,R4 3800m Stpl,09-09-2018 04:55,7954484,2. Undergroundfighter,0,5.6,5.7959397155075016744372147129461825952,5.14467415961061503957698983864395468298,6.2,5.5,5.5,4.3,6233.42,4503.48,869.06
147751486,AUS / Cast (AUS) 9th Sep,R5 1400m Mdn,09-09-2018 05:35,1293247,9. Elite Lady,0,14,11.8931585890816796994471909907195646914,7.92802752546105147261216625378475089458,13,7.4,7.8,7,1816.5,766.72,317.16
147761207,AUS / Nara (AUS) 9th Sep,R3 1000m Hcap,09-09-2018 05:05,11381687,3. Montre,0,22.469019018472167,19.0579871475402251919813551716137614129,15.359687065522035618917308498664842319,22,17.5,1,1001,906.26,531.22,20.42
147761213,AUS / Nara (AUS) 9th Sep,R6 1200m CL2,09-09-2018 07:00,782161,7. Coolidge,0,11.19440003378084,11.1027527238322774911978584971519308803,10.2242010358638721657382195465181151274,14,9.2,1000,2.82,4803.72,3266.12,608.86
147761213,AUS / Nara (AUS) 9th Sep,R6 1200m CL2,09-09-2018 07:00,9622367,12. Norlane,0,449.647401121,401.036600265714224384363154831763538966,151.215308720560152768936982813494589433,840,75,1,1001,251.36,73.42,.92
147761215,AUS / Nara (AUS) 9th Sep,R7 1200m Hcap,09-09-2018 07:40,3532796,7. Prime Suspect,0,21,18.4116036148435856464968307902156760984,12.6876215233011129617885442292547964681,22,13.5,960,8,2869.82,1603.08,422.86
147761215,AUS / Nara (AUS) 9th Sep,R7 1200m Hcap,09-09-2018 07:40,4880993,1. Soul Fire,1,1.873098024,1.93742591270757220880799646836724689386,1.8264501877611936510192659863522549745,2.4,1.86,2,1.87,78796.9,60588.46,6339.62
147761217,AUS / Nara (AUS) 9th Sep,R8 1430m Hcap,09-09-2018 08:20,11771964,5. Red Sensation,0,114.98692174523137,97.2628745830166013652673378495878285553,66.6086135085233371978187126969814075315,170,60,100,100,465.78,261.38,23.1
147761205,AUS / Nara (AUS) 9th Sep,R2 1430m Mdn,09-09-2018 04:25,11336381,11. Speed Esprit,0,135.35396259970264,44.6311693861750720429462308623346744274,47.2978272390037095919448860625331213567,160,100,1,1001,226.44,225.48,.96
147761205,AUS / Nara (AUS) 9th Sep,R2 1430m Mdn,09-09-2018 04:25,20502233,8. Leonesque,0,14.995684044518278,11.9582508180944074697668464766664743411,12.8046982374322748782662368836156642206,30,14.5,1000,10.5,2916.2,2676.78,239.42
147761205,AUS / Nara (AUS) 9th Sep,R2 1430m Mdn,09-09-2018 04:25,11072889,1. Bringme The Butler,0,127.89501110436952,80.1149555222031760462036875490643242459,79.6020258980785296574770258980785296575,240,95,1,1001,383.04,370.86,12.18
147763546,AUS / Gund (AUS) 9th Sep,R2 1400m Mdn,09-09-2018 04:20,20501274,2. Fast Talking,0,10,12.6520541539965703157325248892390036699,8.80049856946063367595634205785736992688,16,11,1,1001,3774.8,2368.48,37.86
147763546,AUS / Gund (AUS) 9th Sep,R2 1400m Mdn,09-09-2018 04:20,20501279,11. King Zoff,0,7.9160855505804655,8.07359458928655281626743141705893815165,6.97716057165963034300447397139962695166,9.4,7,1,1001,4599.94,3361.62,121.9
147763548,AUS / Gund (AUS) 9th Sep,R3 1000m Mdn,09-09-2018 05:00,17549815,9. Skiing Girl,1,2.760574175431028,2.95326437619997952364249447915874945894,2.29173466504937592914399226662438315302,3.45,2.8,3.4,1.01,24848.14,15253.22,5502.42
147763548,AUS / Gund (AUS) 9th Sep,R3 1000m Mdn,09-09-2018 05:00,20501281,1. Blake N Bill,0,15.370996859718511,17.1169914656857590656229364922312056945,12.428301827197928017561314571785031822,19.5,16,960,12,2532.84,1451.86,160.54
147763550,AUS / Gund (AUS) 9th Sep,R4 1180m Mdn,09-09-2018 05:40,20501288,3. Jellambi,0,202.101677119,89.3468442063179075167316975567216220019,92.0136765022614688778806805944432479001,320,75,1,1001,185.72,183.16,2.56
147763556,AUS / Gund (AUS) 9th Sep,R7 1400m CL2,09-09-2018 07:35,16286390,8. Broccolo,0,9,8.1934442372384146200061057361484858381,7.23393218745744694869913949494195214731,11,7.4,6,6,4553.14,3401.64,171.88
147763552,AUS / Gund (AUS) 9th Sep,R5 1180m CL1,09-09-2018 06:20,12991829,11. Bells Creek,0,53.118330741334944,48.5944907710268433618774255754967081355,26.2934348797187946248764234191351470104,50,38,1,1001,546.22,211.92,3.86
147763552,AUS / Gund (AUS) 9th Sep,R5 1180m CL1,09-09-2018 06:20,20501299,4. Paradiso Girl,0,8.2,7.62553787430494129052813268803691462669,6.14547714214339245565825630776917312016,8.6,7,7.2,6,3682.76,2129.88,640.64
147763554,AUS / Gund (AUS) 9th Sep,R6 1800m Hcap,09-09-2018 06:55,16311872,4. Run Hoff Run,0,18.5,13.3044668241394476162309046461002273039,14.8196683168956736424388919767847679123,17.5,16,18,18,1547.26,1477.06,70.2
147763554,AUS / Gund (AUS) 9th Sep,R6 1800m Hcap,09-09-2018 06:55,19276919,11. Yeppoon,0,28.716352077343622,23.0108617890779151200892306168678579213,24.6188122384182421705873863472362534276,42,29,1,1001,1108.64,1091.2,17.44
147763554,AUS / Gund (AUS) 9th Sep,R6 1800m Hcap,09-09-2018 06:55,20058741,1. Zartini,0,44,20.6237563921682715646019403760038667342,22.9447549604938898910088666446482558878,44,25,1,1001,787.22,778.84,8.38
147763544,AUS / Gund (AUS) 9th Sep,R1 1400m Mdn,09-09-2018 03:40,20501273,13. Izzy Or Iznthe,0,1000,944.064583722391807596294850668745112196,906.736027515047291487532244196044711952,1000,410,1,1001,46.52,42.56,0
147763544,AUS / Gund (AUS) 9th Sep,R1 1400m Mdn,09-09-2018 03:40,17635764,8. Wee Jasper,0,68.97932685155072,79.2936781769753936739581211417418529457,39.1856599126833090786969663047128624202,90,60,1,1001,357.32,141.46,2.08
147763544,AUS / Gund (AUS) 9th Sep,R1 1400m Mdn,09-09-2018 03:40,16708916,6. Skaldak,0,8.237855986870576,9.42056556256850711835534809098021658696,7.24185137661766323276020090185870880229,10.5,9,1,1001,2727.7,1566.18,220.42
147763544,AUS / Gund (AUS) 9th Sep,R1 1400m Mdn,09-09-2018 03:40,20169105,11. Zarwrinkles,0,120,82.726193735045592236518443629417916813,46.9633816570269661233380905881469240592,110,55,1,1001,266.26,131.4,47.94
147763544,AUS / Gund (AUS) 9th Sep,R1 1400m Mdn,09-09-2018 03:40,20501271,5. Reify,0,100,73.3358467484672205057392111510116287756,48.2868273501784023884074856185829753149,120,50,1,1001,274.66,166.94,1.76
147764857,AUS / Kalg (AUS) 9th Sep,R3 1400m Hcap,09-09-2018 07:44,4937066,2. Omerta,0,15.986786124,15.4878131038204409571882475265335205196,12.1025221467274447406897738023565838135,18,13.5,1000,7,1860.32,1154.1,162.08
147764857,AUS / Kalg (AUS) 9th Sep,R3 1400m Hcap,09-09-2018 07:44,5912620,7. Any Given Time,0,89.66146108042449,60.1513755111964707157526012895070539329,46.2429426014732782913926929351856429525,85,46,1,1001,404.54,236,2.28
147764857,AUS / Kalg (AUS) 9th Sep,R3 1400m Hcap,09-09-2018 07:44,11659898,5. He Said She Said,1,22,18.1739636320183633249925583401813329684,3.47903187838145257806395458097188016182,21,16,25,1.01,6066.18,763.68,4843.46
147764857,AUS / Kalg (AUS) 9th Sep,R3 1400m Hcap,09-09-2018 07:44,11129758,3. Chhaya,0,9.876427499429557,8.56193432024861815896216152779221766337,7.43349286447564378768381023987507410246,9.2,7.8,960,960,2766.44,1884.96,35.16
147764865,AUS / Kalg (AUS) 9th Sep,R7 1300m CL2,09-09-2018 10:05,20484787,1. Bollinger Boy,0,4.300998444846483,3.69841902239437038740810065724436131418,3.64815994404830599291072458989366086885,4.1,3,100,3.8,15527.68,12056.9,1209.18
147764859,AUS / Kalg (AUS) 9th Sep,R4 1200m Hcap,09-09-2018 08:25,13414808,6. Indriel,0,4.726162689100894,4.30070165535572191939408090907312275488,3.97503018920026562113046775179765455665,4.5,4,960,960,9125.78,7048.72,393.22
147764861,AUS / Kalg (AUS) 9th Sep,R5 1300m Hcap,09-09-2018 09:00,1136174,6. High Limit,0,146.57868863418696,112.65299218655902609250942119552293348,73.6837673317551572539736219141021305377,220,42,1000,1000,591.4,366.06,2.54
147764861,AUS / Kalg (AUS) 9th Sep,R5 1300m Hcap,09-09-2018 09:00,8334970,3. Rikki Tikki Tavi,0,48,74.104828188535142334046803205081282249,45.0590529415299561324439637041043206538,140,42,46,46,1664.1,929.02,44.16
147764861,AUS / Kalg (AUS) 9th Sep,R5 1300m Hcap,09-09-2018 09:00,20484780,7. Wheres Wally,0,2.28,2.29444895230517703602196068075256357764,2.15061927946319131792346338763255120177,2.8,2.12,2.82,2.24,32193.22,24858.8,1380.84
147764863,AUS / Kalg (AUS) 9th Sep,R6 1760m Qlty,09-09-2018 09:30,20484782,5. Master Magician,0,7.766293888735307,7.7711021965905062891786282388680830726,6.22952544327313882225654677590416331528,10,4.8,960,960,8429.34,5473.22,143.4
147764863,AUS / Kalg (AUS) 9th Sep,R6 1760m Qlty,09-09-2018 09:30,20484783,6. The Cruel Sea,0,42.420173316,52.2903017924302095366235127544861510236,28.4477677823949343196797418451375253056,75,42,960,960,1313.94,572.16,16.54
147764863,AUS / Kalg (AUS) 9th Sep,R6 1760m Qlty,09-09-2018 09:30,20484785,13. Thidwick The Moose,0,46.560399413,47.8443877546730136928475566118707931719,33.443070679572494454527122403710425489,120,36,960,960,793.44,451.9,23
147764863,AUS / Kalg (AUS) 9th Sep,R6 1760m Qlty,09-09-2018 09:30,20484786,14. Toppa Dawozza,0,55,75.1987858056640643561772846897481001026,46.3546759259259259259259259259259259259,200,42,970,970,648,368.28,18.26
147770293,AUS / Devn (AUS) 9th Sep,R1 1150m Mdn,09-09-2018 03:55,20482884,7. Onnanoko,0,28.618138697873796,31.2208325234667884002308260775285867028,18.6386742019245455934015579654803726898,40,26,1,1001,654.7,304.7,17.04
147770293,AUS / Devn (AUS) 9th Sep,R1 1150m Mdn,09-09-2018 03:55,20482886,10. Secret Gold,0,6.6,6.87558081078947941289958698487134358613,5.79751762495582135084357967968154169534,7.8,6.4,7.8,7.8,4300.72,3115.62,74.68
147770293,AUS / Devn (AUS) 9th Sep,R1 1150m Mdn,09-09-2018 03:55,16457761,4. San You,0,6.082653742132241,5.6230611487160483101894382109157879629,4.76167350918267859630039861248366750015,5.7,5.4,1,1001,3015.46,1935.8,46.66
147770301,AUS / Devn (AUS) 9th Sep,R5 1000m CL3,09-09-2018 06:33,11084618,6. Miss Scandilous,0,19.209170381699227,18.1179604448260080555363242620911571365,16.9663547817529234687970360078731040871,24,15,1,1001,2763.84,2350.48,73.52
147770303,AUS / Devn (AUS) 9th Sep,R6 1150m CL1,09-09-2018 07:08,20482893,5. Gee Gees Cricket,0,7.06608347345631,8.76727298414286291171846057364962343553,5.87790246074727421602286929165529426975,10,7.4,1,1001,6961.3,3861.42,1102.22
147770303,AUS / Devn (AUS) 9th Sep,R6 1150m CL1,09-09-2018 07:08,16037208,4. Speedy Illusion,0,11.91382587276603,11.9263521948899283193300892870853867587,7.19540141703145448801841238323029017555,12.5,9,1,1001,2215.9,881.46,60.68
147770295,AUS / Devn (AUS) 9th Sep,R2 1350m Mdn,09-09-2018 04:35,20482887,2. Nidoking,1,10.5,11.7962890377002259318602636874910103294,4.01698015809746956242446929207363709676,15,10,2.7,1.01,8655.42,2130.5,5392.14
147770297,AUS / Devn (AUS) 9th Sep,R3 1350m Hcap,09-09-2018 05:15,12148637,3. Olonh Star,0,4.2,4.12005779576522391519866554044388527129,3.71841262417981094908096311097884160254,4.8,3.8,1,1001,9878.82,7689.28,206.76
147770759,AUS / SCst (AUS) 9th Sep,R1 1000m Mdn,09-09-2018 03:30,20229842,1. Angels Of Fenway,0,8.597759525788716,8.54445177920838466534679398305734610614,5.62796333928439204587525813059968571828,10,8.6,5.2,5.2,2430.94,1060.22,355.72
147770759,AUS / SCst (AUS) 9th Sep,R1 1000m Mdn,09-09-2018 03:30,20501945,7. Ima Teamboy,1,19.018334892244305,22.2977502810778545897251949061972956635,5.02901052631578947368421052631578947368,25,20,10.5,1.01,3648,446.68,2482.9
147770763,AUS / SCst (AUS) 9th Sep,R3 1000m Mdn,09-09-2018 04:50,4074969,5. Costa Blanca,0,95,75.8278825178012322986634932114380483883,58.6229135836459372956602539835495749733,120,34,1,1001,581.14,384.2,20.22
147770763,AUS / SCst (AUS) 9th Sep,R3 1000m Mdn,09-09-2018 04:50,12199672,9. Gem Of The Lochs,0,4,4.29142312956630146395428367552391687538,4.10752342375943405658564745383713216851,5,4,960,960,23004.42,20428.04,283.08
147770763,AUS / SCst (AUS) 9th Sep,R3 1000m Mdn,09-09-2018 04:50,20501953,3. Allegro Vita,0,120,105.476749838430502019061523704988099596,91.2504956562488735085252874806243466349,210,50,1,1001,554.82,425.34,4.2
147770763,AUS / SCst (AUS) 9th Sep,R3 1000m Mdn,09-09-2018 04:50,20501956,10. Implacable,0,26.853107303,27.2905961124046626571999725291406823474,24.2635243422239675649285176026066929176,38,25,160,95,1884.38,1556.5,16.9
147770771,AUS / SCst (AUS) 9th Sep,R7 1200m Hcap,09-09-2018 07:25,15694656,1. Saint Patricks Day,0,3.1018185384077874,3.1818233426746189752488596601633641959,3.04107933532322646527761202502698096399,3.4,2.96,34,3.05,31003.34,26503,898.44
147770771,AUS / SCst (AUS) 9th Sep,R7 1200m Hcap,09-09-2018 07:25,1398647,4. Red Letter Day,0,26.187315760496997,24.6095074174171218053208031998206687934,18.0833636259279100022958597994949108441,30,14.5,1,1001,2090.72,1400.26,37.88
147770771,AUS / SCst (AUS) 9th Sep,R7 1200m Hcap,09-09-2018 07:25,4164469,8. Desert Cowboy,0,8.591075810829137,8.50795799715727190566344467526298479122,7.00385995707605497676137413476981679151,10,7.6,9.4,8.2,5628.56,3900.44,318.14
147770761,AUS / SCst (AUS) 9th Sep,R2 1000m Hcap,09-09-2018 04:10,11160760,1. Sunny Victory,0,8.529610599,8.84171818124501256078968255282392509415,6.83780560722827531225086367260164762158,9.6,8.8,8.6,5.9,1806.24,783.3,294.42
147770761,AUS / SCst (AUS) 9th Sep,R2 1000m Hcap,09-09-2018 04:10,11251562,3. Misery,1,1.88,1.83921442084433402683540627140226764194,1.60015585607432090609961576894292559129,2,1.76,2,1.01,19134.32,11396.4,4697.82
147770767,AUS / SCst (AUS) 9th Sep,R5 1400m Mdn,09-09-2018 06:10,20501979,7. Hugs N Kisses,0,38.738325275476086,32.20903672562314082284388039896804053,25.5404925123188318494512246545305591364,46,30,960,29,1660.06,1139.76,121.44
147770767,AUS / SCst (AUS) 9th Sep,R5 1400m Mdn,09-09-2018 06:10,20501982,11. De Lady Deluxe,0,2.978615367,2.75034238129828672078496084173689631101,2.65884758629980351310679292647184454535,2.94,2.58,2.94,2.86,24347.68,20480.16,888.9
147770769,AUS / SCst (AUS) 9th Sep,R6 1800m CL3,09-09-2018 06:44,10877519,1. Tucano,0,11.01777932,7.02535639359982580716468707454374859604,7.55879049493952722638487362454812779863,11,7.2,9,9,4033.22,3775.42,257.8
147770773,AUS / SCst (AUS) 9th Sep,R8 1400m CL3,09-09-2018 08:00,16700991,4. Moreska Sword,0,24.633635478509472,20.4586037916125598429125042054591017806,20.7700816049786301502548642136742823242,30,21,960,960,3303.72,3197.54,106.18
147770773,AUS / SCst (AUS) 9th Sep,R8 1400m CL3,09-09-2018 08:00,18674030,2. I Am Impinge,0,1.5704549094078624,1.49725381301570935842678248389469536672,1.53420460040063549077847620363334945085,1.63,1.5,120,1.35,68041.9,64888.9,3153
147771345,AUS / Musw (AUS) 9th Sep,R4 1450m CL3,09-09-2018 06:00,12118430,9. Hesprettycool,0,15.5,16.6429159456461530779276910767603865829,14.255020990687932394570529618178026422,20,13.5,12,11,2205.74,1700.06,136.7
147771351,AUS / Musw (AUS) 9th Sep,R7 1280m CL1,09-09-2018 07:52,19976536,12. Rubble,0,11.407311956256017,7.5160631399365367101149117544682270679,7.90650109676564547234531187892885008907,12.5,7,19,10.5,4075.62,3945.9,129.72
147771341,AUS / Musw (AUS) 9th Sep,R2 900m Mdn,09-09-2018 04:40,20501470,14. Win The Flag,0,16,17.9142236874576081224537016727881872173,18.0160194430807058260266246860583535865,30,13,1,1001,4929.26,4878.98,50.28
147771339,AUS / Musw (AUS) 9th Sep,R1 1450m Mdn,09-09-2018 04:00,12991650,2. Chunky Charger,0,119.05894030742348,104.980896216379781815800035320364422971,106.818567661117521015328828086368880831,460,95,970,330,485.36,454.48,7.26
147771339,AUS / Musw (AUS) 9th Sep,R1 1450m Mdn,09-09-2018 04:00,16822898,10. Femtometre,0,6.718975774,6.35302209568655336713987777591875409002,5.51682276099748671873824250906737700724,9,6.6,1,1001,6644.7,5287.1,1234.84
147771339,AUS / Musw (AUS) 9th Sep,R1 1450m Mdn,09-09-2018 04:00,19660674,5. Nobility,0,57.19660504817732,43.3509249605167378176902157433275884043,44.5599260980988139936825794147446212528,70,40,1,1001,671.16,669.2,1.96
147771339,AUS / Musw (AUS) 9th Sep,R1 1450m Mdn,09-09-2018 04:00,10985277,7. Alchemy Gold,0,210,58.5470556188766073662004008951586682517,65.6010836077764793370870073302878997132,970,160,300,300,188.26,182.76,5.5
147771339,AUS / Musw (AUS) 9th Sep,R1 1450m Mdn,09-09-2018 04:00,13757342,12. Little Red Mondo,0,705.744232405536,79.5961874924171313281690317799214028853,131.440901360544217687074829931972789116,800,400,1,1001,94.08,86.28,0
147771347,AUS / Musw (AUS) 9th Sep,R5 1280m Hcap,09-09-2018 06:37,18235305,2. Love None,0,10.140264435,10.3777401263282231548212573936448603471,8.04714777449836070448817551241924332201,15,8.8,1,1001,5380.36,3774.44,49.86
147771347,AUS / Musw (AUS) 9th Sep,R5 1280m Hcap,09-09-2018 06:37,10637483,9. Cheeky Bella,0,48,41.8951844302986971428336595155717785695,25.443882192403911758016829656584034569,50,25,960,960,703.52,373.76,7.68
147771349,AUS / Musw (AUS) 9th Sep,R6 1750m Hcap,09-09-2018 07:12,20501480,10. High Rush,1,10.552009865,7.29957017826002854979477693999441756426,2.89390169354494154920088210258550709396,7,6.6,9,6.8,6085.46,1165.34,3781.28
147771349,AUS / Musw (AUS) 9th Sep,R6 1750m Hcap,09-09-2018 07:12,834172,11. The Bohemian,0,12,14.0494633517506395198279762242852424466,10.1477155484914394066142434889297864034,21,11.5,16,16,2868.96,1611.36,73.08
147771349,AUS / Musw (AUS) 9th Sep,R6 1750m Hcap,09-09-2018 07:12,16837060,4. Albert Of Monaco,0,7.6,8.58287590270769607931477485374372976427,5.22826209411208896372523485623951399446,10,6.4,1,1001,6604.04,2686.36,231.38
147771449,AUS / Shep (AUS) 9th Sep,R8 1690m Pace M,09-09-2018 12:04,3833129,5. Governance,0,5.6,5.02179001571585818811019974888648487054,4.73829587441540585010066214240340223007,5.6,4.9,960,960,532.22,2760.6,103.36
147771449,AUS / Shep (AUS) 9th Sep,R8 1690m Pace M,09-09-2018 12:04,20486374,6. Mighty Big Boy,0,249.96870067242537,117.24740330062754848259116829903340782,85.8790913236450592043407365202769401155,150,95,1,1001,7.62,55.66,.94
147771447,AUS / Shep (AUS) 9th Sep,R7 2190m Pace M,09-09-2018 11:40,16286472,4. Mangochililime,0,21,20.9628847623996002210698057696571763297,17.5593904169764141380009461377306210718,24,17,1,1001,295.94,145.04,12.3
147771435,AUS / Shep (AUS) 9th Sep,R1 1690m Pace M,09-09-2018 08:34,7053880,6. Image Of Courage,0,576.4400599956887,487.42303994304320300324616422399593749,295.902699949057564951604686704024452369,510,500,1,1001,78.52,25.08,.8
147771439,AUS / Shep (AUS) 9th Sep,R3 1690m Pace M,09-09-2018 09:33,9547036,3. Jilliby Royal,0,8.665785185289572,8.12568052548102794033971368688690269032,8.49545671534915638566079393731445705846,15,8.8,1,1001,1340.66,1123.36,217.3
147771439,AUS / Shep (AUS) 9th Sep,R3 1690m Pace M,09-09-2018 09:33,16249345,1. Our Novak,0,55,38.0956949167869910649632070996286945646,39.5306064880112834978843441466854724965,60,48,1,1001,212.7,172.46,40.24
147771441,AUS / Shep (AUS) 9th Sep,R4 2190m Pace M,09-09-2018 10:08,11229447,3. Artizz,0,485.58511430311944,154.36377911147602938446797089646707458,102.961448598130841121495327102803738318,170,120,1,1001,51.36,23.92,4.46
147771443,AUS / Shep (AUS) 9th Sep,R5 2190m Pace M,09-09-2018 10:42,20026289,2. Mach Diva,0,3.3,3.55497849908683927822560747215243063455,3.4954671942099852479056643667657430608,5.2,3.15,3.5,3.45,8229.34,6914.8,397.56
147771445,AUS / Shep (AUS) 9th Sep,R6 1690m Pace M,09-09-2018 11:13,20486369,4. Shadow Style,1,1.730087712315108,1.70955638988652931733049858643691684216,1.56890845276751201750646086202750842084,1.81,1.6,1.3,1.01,19796.12,14523.28,4486.42
147771437,AUS / Shep (AUS) 9th Sep,R2 2190m Pace M,09-09-2018 09:03,10887551,4. Ona Safari,0,23.22109181165201,22.4550902167871122643949799017918774376,19.041411179241091264551675108859859593,24,21,1,1001,225.06,93.56,3.72
147771451,AUS / Shep (AUS) 9th Sep,R9 2190m Trot S,09-09-2018 12:32,15475152,6. Imamenace,1,9,9.086724886829978673793004731232265616,1,9.8,8.8,8.4,1.01,0,1717.72,6107.14
147772494,AUS / Sale (AUS) 9th Sep,R4 1400m Mdn,09-09-2018 04:45,20273571,5. Sing Oh Danny Boy,0,86.74582446456304,101.984575289829379327999661585292432437,68.5605612374270983010734511030344011495,150,80,1,1001,473.24,278.38,9.26
147772494,AUS / Sale (AUS) 9th Sep,R4 1400m Mdn,09-09-2018 04:45,16921031,8. Little Rock,0,63.16242551346076,71.0053199943206794686285429292700209015,42.4652813190549039605643379228284888662,95,42,1,1001,941.28,502.44,38.16
147772494,AUS / Sale (AUS) 9th Sep,R4 1400m Mdn,09-09-2018 04:45,20501891,11. Francarlo,0,26,25.9564641571612934716456198040432809462,23.1828397343055486190880487439444638666,40,20,960,960,1601.84,1319.06,9.82
147772494,AUS / Sale (AUS) 9th Sep,R4 1400m Mdn,09-09-2018 04:45,20501892,12. Sir Harald,0,12.10463259015032,12.3483181740645723010831110239949315146,9.73742070139785241534616757751352538928,13.5,9.6,1,1001,4369.56,3086.82,60.96
147772500,AUS / Sale (AUS) 9th Sep,R7 1717m Hcap,09-09-2018 06:40,12813464,6. Prince Alby,0,15,16.3865798354176351877923791883320198256,12.1448076596226842671803297263611126848,22,13.5,17.5,17.5,5295.3,3487.12,69.68
147772500,AUS / Sale (AUS) 9th Sep,R7 1717m Hcap,09-09-2018 06:40,20501898,2. Akhurst,0,3.0416097351306246,3.39042164823710970678430804997690288907,2.93629865572531447389731684932246396372,3.8,2.9,7,2.76,24450.36,15867.2,2948.46
147772502,AUS / Sale (AUS) 9th Sep,R8 2200m Hcap,09-09-2018 07:15,15313856,5. Dont Retreat,0,40.342861602736505,25.0997375786710710307392933012275462812,18.5707543880041845867720562594443798675,44,19.5,960,960,2580.9,1764.94,22.16
147772502,AUS / Sale (AUS) 9th Sep,R8 2200m Hcap,09-09-2018 07:15,12264842,1. Hazard Ahead,0,34.710981487,35.4280882598141425349587547228132086537,21.5170436089180715148041029382387937848,46,17,960,20,2302.74,1217.12,83.42
147772488,AUS / Sale (AUS) 9th Sep,R1 1200m 3yo,09-09-2018 02:45,20501860,2. Amphitrite,1,3.726476685869857,3.7977126890691655025675835887494163303,3.15215147823807194401015439410942830377,5,3.3,2,1.01,31277.1,22461.8,5671.54
147772490,AUS / Sale (AUS) 9th Sep,R2 1000m Mdn,09-09-2018 03:25,20501874,7. Escapesalot,0,210,168.009355398691772078018724117286065296,147.563892453050274116411991134958590925,300,100,970,970,685.84,595.8,1.82
147772490,AUS / Sale (AUS) 9th Sep,R2 1000m Mdn,09-09-2018 03:25,20501881,14. Zoustorm,0,40.18781485429135,56.6501959205585775560373228690923019516,34.2837572412421371920141219760821461426,85,36,1000,1000,804.42,428.58,6.94
147772490,AUS / Sale (AUS) 9th Sep,R2 1000m Mdn,09-09-2018 03:25,20501882,15. Bleu Roche,1,7.54151010748872,7.31611703494787600638021263509019689196,4.24710419087859297144443451134647325357,8.2,6.8,6,1.01,8501.32,3826.44,3530.2
147772490,AUS / Sale (AUS) 9th Sep,R2 1000m Mdn,09-09-2018 03:25,20501873,6. Boo Dup,0,13,14.2967352881223250711140404634072859394,11.6512103970891305848362635953970398272,18.5,9,1000,1000,2028.26,1240.82,16.42
147772496,AUS / Sale (AUS) 9th Sep,R5 1400m Hcap,09-09-2018 05:25,19921013,12. Lady Annabel,0,36.500922871120274,14.7918499691854381231878383802343135406,12.3848175572882000570504896833697822573,50,16.5,11,7.2,1682.72,1102.3,580.42
147772498,AUS / Sale (AUS) 9th Sep,R6 1400m Hcap,09-09-2018 06:05,14406562,6. Lochend Ocky,0,28.020129485533616,25.6833916469716048454981182757494657267,17.2437488395122856966020919725196509253,30,15,1,1001,1938.84,1054.18,30.6
147772492,AUS / Sale (AUS) 9th Sep,R3 1400m Mdn,09-09-2018 04:05,20501885,7. The Delphi,0,5.333038415126792,6.00855042926401892050924443149413871138,4.95379484532359582544709903410889269836,12,5.3,1,1001,9415.14,6770.4,153.1
147774118,AUS / Dubb (AUS) 9th Sep,R5 2120m Pace M,09-09-2018 06:26,14407855,8. Young Rusty,0,55,46.7427973668373554398085629793781911274,60.6659292035398230088495575221238938053,34,34,960,960,36.16,19.92,5.28
147774124,AUS / Dubb (AUS) 9th Sep,R8 2120m Pace M,09-09-2018 07:50,12148052,8. Pump The Brakes,0,2.8,2.74619718692010120728264590198966916134,2.7430356930912072853613008340616536648,2.82,2.52,2.8,2.78,3707.16,2229.78,1313.6
147774124,AUS / Dubb (AUS) 9th Sep,R8 2120m Pace M,09-09-2018 07:50,6608248,4. Desdon Murruffy,0,38,46.1301348915810944452632798849273708636,36.9131321370309951060358890701468189233,48,42,960,960,98.08,42.54,4.58
147774120,AUS / Dubb (AUS) 9th Sep,R6 2120m Pace M,09-09-2018 06:55,13072838,8. Begging Me Please,0,78.23607438157313,93.4135543066049284042563925814244586971,49.243723028638681836014123185562965869,130,120,1,1001,101.96,37.66,1.94
147774112,AUS / Dubb (AUS) 9th Sep,R2 1720m Pace M,09-09-2018 04:54,20503600,5. Milliondollardream,1,2.76,2.68762749435432482841413673349583309283,1.67844174890591129263148054012048122374,3.1,2.5,1.01,1.01,3422.94,1239.84,1778.94
147774112,AUS / Dubb (AUS) 9th Sep,R2 1720m Pace M,09-09-2018 04:54,20503601,8. Banjo Safari,0,417.72176504548645,128.446535875448868240633088524110608841,154.21716101694915254237288135593220339,390,65,960,960,56.64,15.26,.76
147774116,AUS / Dubb (AUS) 9th Sep,R4 1720m Pace M,09-09-2018 05:54,17221346,2. The Pink Falcon,0,170,123.595434220215042714824295967924397012,81.2498958767180341524364847980008329863,130,95,1,1001,48.02,28.34,.76
147751492,AUS / Cast (AUS) 9th Sep,R8 1200m Hcap,09-09-2018 07:30,16823499,8. Revlis,1,5.964432489769059,5.36029757651033652992134676586528069319,4.35804638608300343736223822516699839336,8,6,6.6,1.01,13655.82,9766.32,3889.5
147751478,AUS / Cast (AUS) 9th Sep,R1 3480m Hrd,09-09-2018 02:55,20502318,8. Vlamingh,0,79.34233620069922,41.1644214053892813117167087703328876541,44.0932628621127985548939586539104837091,130,60,970,970,298.94,276.96,21.98
147751478,AUS / Cast (AUS) 9th Sep,R1 3480m Hrd,09-09-2018 02:55,11810649,3. Firefree,0,12.708710206198884,6.74621755320047017973350271402054891033,9.81862921317003162925497080912371636779,16.5,12.5,55,10,1435.38,1262.62,172.76
147751478,AUS / Cast (AUS) 9th Sep,R1 3480m Hrd,09-09-2018 02:55,10289399,4. Fulmineus,0,36,28.0834165457393635248762136721355129405,31.6192183578343492291143779132305485837,40,32,1,1001,278.9,275.7,3.2
147751494,AUS / Cast (AUS) 9th Sep,R9 1400m Hcap,09-09-2018 08:05,9506780,1. Mr Steal,0,126.86169629773477,191.462090788642464809449997732524350465,63.7852433203759287506765733405501156325,270,150,150,150,812.92,221.7,8.3
147751494,AUS / Cast (AUS) 9th Sep,R9 1400m Hcap,09-09-2018 08:05,20502343,4. The Great Artiste,0,9.90618693,11.6898120271425042368498366175766326267,8.97767302588614542372410343342272367269,14.5,10,1,1001,2878.76,1935.1,57.14
147751494,AUS / Cast (AUS) 9th Sep,R9 1400m Hcap,09-09-2018 08:05,20502344,8. Patricia Anne,0,6.926052456478645,6.47233225696254416685763552704141639881,5.76286035623464505840265505797163915348,7.4,4.2,6.8,6.8,7424.32,5997.26,394.78
147751490,AUS / Cast (AUS) 9th Sep,R7 1800m Hcap,09-09-2018 06:47,12608433,6. Circuleight,1,2.46,2.47458140807618344797439873755062152881,2.12402710242450884252527643458560173131,2.54,2.34,3.3,1.01,23658.4,12529.76,7366.82
147751482,AUS / Cast (AUS) 9th Sep,R3 1200m Mdn,09-09-2018 04:15,20502320,2. Henrys Reward,0,114.83268822775457,135.870544277430870862211916495918098838,50.8758386940582416822300615618731410389,240,85,1,1001,289.14,93,2.06
147751482,AUS / Cast (AUS) 9th Sep,R3 1200m Mdn,09-09-2018 04:15,12791002,1. Feed To Burn,0,193.482332364,178.86699075374382131489867856714865,90.6374745417515274949083503054989816701,240,120,970,400,235.68,113.52,1.52
147751484,AUS / Cast (AUS) 9th Sep,R4 3800m Stpl,09-09-2018 04:55,7157645,3. Surging Wave,0,2.7108096234450434,2.55840815486485568481346660545776934297,2.444500795504780882752244580132801052,2.7,2.46,2.92,2.3,17825.16,14221.2,1254.06
147761207,AUS / Nara (AUS) 9th Sep,R3 1000m Hcap,09-09-2018 05:05,6085634,2. Ogunde,1,7.46411993254385,8.09371023492673831827721907204305153738,4.85056280410248127435343522238598049706,10,7.4,4.7,1.01,7924.96,3760.74,2435.02
147761213,AUS / Nara (AUS) 9th Sep,R6 1200m CL2,09-09-2018 07:00,20502245,11. Deeks,0,7.557337164243217,8.35974699619230136982525548025875942053,7.58155236269192914479194669640813950647,15,7.2,1000,5.6,9002.02,7544.76,156.12
147761209,AUS / Nara (AUS) 9th Sep,R4 1000m Mdn,09-09-2018 05:45,20502240,8. October Jewel,0,4.739843989808724,4.99819807078805628305293736131842325451,4.31156601130400981159624721518428507899,6.4,4.8,960,1.25,18573.94,14150.06,2286.12
147761209,AUS / Nara (AUS) 9th Sep,R4 1000m Mdn,09-09-2018 05:45,20502238,5. Casino Magic,0,22,22.6795656165073204080571643139046520843,16.4923434866815906632794224916366929094,26,19.5,1,1001,1590.28,1037.44,57.62
147761211,AUS / Nara (AUS) 9th Sep,R5 2000m Hcap,09-09-2018 06:25,17311725,10. Ceallach,0,11,10.8217529827069600929775985694249939435,11.0759434737124231603883696601333183473,16.5,10,8.6,7,4626.52,4254.96,371.56
147761211,AUS / Nara (AUS) 9th Sep,R5 2000m Hcap,09-09-2018 06:25,7863634,9. Mickiem,0,23.963121031,16.8887335059359143398011395891864557128,18.1696375998415737012344049112152617335,29,22,1,1001,1514.9,1437.14,77.76
147761217,AUS / Nara (AUS) 9th Sep,R8 1430m Hcap,09-09-2018 08:20,6741303,9. Amber Alert,1,5.608989998483593,6.2605673805630083775856046937541995844,4.41848080705876870949811781700055583477,7.6,4.3,1.16,1.03,12017.96,7526.78,2952.32
147761217,AUS / Nara (AUS) 9th Sep,R8 1430m Hcap,09-09-2018 08:20,12173952,10. El Greco,0,39.86647860273761,33.5200714172732576057517090207986975952,22.85183504896592722380401113857513845,42,29,1,1001,1278.44,801.52,16.7
147761205,AUS / Nara (AUS) 9th Sep,R2 1430m Mdn,09-09-2018 04:25,16837527,10. Serena On Court,0,9.504555956810947,7.98828214126698986722862524464923050685,7.71210566929283883813316312435099886633,10.5,8.8,8.8,8,4198.76,3573.38,625.38
147763546,AUS / Gund (AUS) 9th Sep,R2 1400m Mdn,09-09-2018 04:20,20501280,12. Four Beers Please,0,4.7,4.04012728541167925446257323585179299834,3.72485655929194088827777703613717977813,5.4,3.5,9,3.4,13483.62,10141.66,1199.42
147763548,AUS / Gund (AUS) 9th Sep,R3 1000m Mdn,09-09-2018 05:00,20501282,4. Roman Choice,0,130,108.932073462447308114335694132398086081,65.7266765194901163864769998152595603178,130,90,1,1001,216.52,121.1,7.74
147763548,AUS / Gund (AUS) 9th Sep,R3 1000m Mdn,09-09-2018 05:00,20501283,7. Redwood City,0,20.78023328380758,17.2138966111558183166324260451098171923,15.1841951225719430182028719945537719583,23,10,1,1001,3143.46,2675.8,9.4
147763548,AUS / Gund (AUS) 9th Sep,R3 1000m Mdn,09-09-2018 05:00,2361717,3. Nothing,0,11,10.2773639938210884625718468972264537255,7.97216582064297800338409475465313028765,11,9.6,60,60,2009.4,1238.9,34.88
147763550,AUS / Gund (AUS) 9th Sep,R4 1180m Mdn,09-09-2018 05:40,20501292,7. Boombox Babe,0,217.14192882189408,178.39992735580801244749056474516077846,182.169913839944112396181013739035938834,500,46,1000,1000,257.66,256.18,1.48
147763550,AUS / Gund (AUS) 9th Sep,R4 1180m Mdn,09-09-2018 05:40,20501286,1. Medeus,0,36.29210159237671,32.8102991202707459661423757953393837453,34.1040798420706295240184250932221978504,65,32,55,55,1002.98,973.68,29.3
147763550,AUS / Gund (AUS) 9th Sep,R4 1180m Mdn,09-09-2018 05:40,17635852,14. Roulette Star,0,20.479625381322982,13.0060722787403426833478439634003523229,13.6472021454034077901690813356444386303,29,19.5,1,1001,2446.16,2403.78,42.38
147763556,AUS / Gund (AUS) 9th Sep,R7 1400m CL2,09-09-2018 07:35,20501307,3. Jakes Purse,0,4.282004243709854,3.9616077498256757956604981770535013874,3.68040237315980098824911368269627725452,4.5,3.75,3.9,3,23496.1,19297.44,1442.08
147763552,AUS / Gund (AUS) 9th Sep,R5 1180m CL1,09-09-2018 06:20,18984568,13. Keep Me Posted,0,9.2,12.5813010785929334460725174116317752898,8.86549552727852658744158398615896888184,15,10.5,12,12,4138.42,2207.4,123.48
147763552,AUS / Gund (AUS) 9th Sep,R5 1180m CL1,09-09-2018 06:20,74916,9. Liberty Boy,0,10,11.5024593729130449782680165855497094252,8.28337486730888221570041042001351036836,13,9.6,1,1001,3523.22,2150.54,55.52
147763554,AUS / Gund (AUS) 9th Sep,R6 1800m Hcap,09-09-2018 06:55,20501305,12. Frozen Asset,0,9.275415253813042,7.60784823339582345397436582419575802587,8.80070396293419652597883621637881107485,12,9,20,19,4454.78,4141.18,313.6
147764857,AUS / Kalg (AUS) 9th Sep,R3 1400m Hcap,09-09-2018 07:44,11329723,4. Brother Rand,0,90.5305655054003,67.1731785599119793795034620055573071263,56.4966464910845738589890397513495828562,90,46,100,100,489.04,348.1,18.6
147764857,AUS / Kalg (AUS) 9th Sep,R3 1400m Hcap,09-09-2018 07:44,13219650,6. Yeah Yeah Yeah,0,13.934592213486322,12.631620786946378903538941134323211676,10.8780802240294836729807964364222027148,13.5,11.5,960,8,2756.78,1741.72,272.7
147764857,AUS / Kalg (AUS) 9th Sep,R3 1400m Hcap,09-09-2018 07:44,15709091,1. Nashville Cat,0,1.5999957477690985,1.6552805184671026158867460116695714198,1.61879488971091212254797382688274567175,1.7,1.61,110,1.5,38155.18,30210.18,2591.14
147764865,AUS / Kalg (AUS) 9th Sep,R7 1300m CL2,09-09-2018 10:05,14512328,10. Miss Merit,0,14.305806278815483,14.2241346268643340506505931235148951332,9.44368444778362133734034560480841472577,18,11.5,1,1001,1996.5,1132.8,14.48
147764865,AUS / Kalg (AUS) 9th Sep,R7 1300m CL2,09-09-2018 10:05,19342203,14. Excellent Jerry,0,40,50.3778063938718126336600640557642279432,42.0017083796019475527462202101306910396,85,38,1,1001,936.56,736.94,10.14
147764855,AUS / Kalg (AUS) 9th Sep,R2 1400m Mdn,09-09-2018 07:04,15658567,12. Polite Pass,0,13.293191515,8.14503108484940938541969029268624196294,9.1457054474999376335681083013878609977,13.5,10,960,960,2405.14,2334.6,70.54
147764855,AUS / Kalg (AUS) 9th Sep,R2 1400m Mdn,09-09-2018 07:04,14686558,5. North Col,1,5.517364662583567,3.73593441937595506851598347657645517241,2.95194526087200703895763520976468165565,5.6,4.5,5,1.01,8546.72,4817.68,3729.04
147764855,AUS / Kalg (AUS) 9th Sep,R2 1400m Mdn,09-09-2018 07:04,20484776,8. Black Romance,0,268.82219656173254,180.582408259240896866023026584925524946,180.751502107434310824141332615908887095,500,100,1,1001,223.02,222.52,.5
147764855,AUS / Kalg (AUS) 9th Sep,R2 1400m Mdn,09-09-2018 07:04,15426133,7. Bacigallupo,0,623.1537552683037,351.150307591884864373695190349997413542,351.797712002905393136008716179408026149,790,100,1,1001,110.14,109.88,.26
147770293,AUS / Devn (AUS) 9th Sep,R1 1150m Mdn,09-09-2018 03:55,20482882,1. Blackburn,0,14.465720803876177,14.3401167303737869029892109513756421323,8.73664064374032317857688030180779379375,15,14,10,10,1834.28,774.86,163.68
147770303,AUS / Devn (AUS) 9th Sep,R6 1150m CL1,09-09-2018 07:08,11866812,3. Majestic Bow,0,16.735348537338382,15.3512618569323937474309964063203327232,13.0936282467532467532467532467532467533,17.5,13.5,1,1001,3696,2857.08,15.12
147770303,AUS / Devn (AUS) 9th Sep,R6 1150m CL1,09-09-2018 07:08,16480458,1. Meetony,0,12.5,13.2724987578933976320090487867042765171,11.050802706738079257016834924592140049,16,11.5,1,1001,2920.12,2186.08,22.12
147770295,AUS / Devn (AUS) 9th Sep,R2 1350m Mdn,09-09-2018 04:35,20046364,8. Cape Cardinal,0,5.217875454415459,5.39557820749952418813734658735445033122,4.99238845432304637359985079702910555013,6.4,5,30,6.2,7292.08,5766.06,180.76
147770759,AUS / SCst (AUS) 9th Sep,R1 1000m Mdn,09-09-2018 03:30,20453520,6. Derumor,0,6.8,6.75083650850676678857625973685476036509,4.84058483015355979525360632852489530014,8.4,4,1,1001,4298,2497.64,555.74
147770765,AUS / SCst (AUS) 9th Sep,R4 1000m Mdn,09-09-2018 05:30,880854,3. Another Ace,0,47.25829016667695,41.7619569064135415506797512909565312365,29.1743722866222082979009085619657163317,55,11.5,1,1001,893.72,564,9.42
147770765,AUS / SCst (AUS) 9th Sep,R4 1000m Mdn,09-09-2018 05:30,20501970,15. Dulcie Tie,0,130,128.658306987675586006875190747272738638,97.0089305986528418981306289260576704761,180,60,1,1001,264.26,183.98,6.5
147770763,AUS / SCst (AUS) 9th Sep,R3 1000m Mdn,09-09-2018 04:50,20501955,6. Harleigh,0,127.925206595,120.190237023763213154209253480126510936,73.5970547374270630730758544040011114198,210,50,960,780,359.9,202.18,4.02
147770771,AUS / SCst (AUS) 9th Sep,R7 1200m Hcap,09-09-2018 07:25,14381850,9. So Skilled,0,14.5,13.6803258941880070970015857354792484729,7.53738422921382062366583353893352498847,15,12,1,1001,3728.92,1722.94,1193.84
147770771,AUS / SCst (AUS) 9th Sep,R7 1200m Hcap,09-09-2018 07:25,8446283,10. Sunset Hills,0,69.80254118179906,63.2005067074354139767735103672114213313,43.5647242978233261466670604565994270357,80,40,960,11,677.18,417.84,87.72
147770761,AUS / SCst (AUS) 9th Sep,R2 1000m Hcap,09-09-2018 04:10,11129345,4. Rough Eddie,0,8.2,8.83517713926610679773793473415710492619,7.89673971853820848532835638002054878451,9.4,8.2,960,5.9,2121.78,1338.66,334.2
147770767,AUS / SCst (AUS) 9th Sep,R5 1400m Mdn,09-09-2018 06:10,11689072,15. Riseupskating,0,29.07829298284225,29.3452800953735026767092491624948852897,21.6657304731005762432811970364631252724,34,25,960,55,1652.08,1075.74,19.78
147770767,AUS / SCst (AUS) 9th Sep,R5 1400m Mdn,09-09-2018 06:10,14701133,13. Wineries,1,6.4,7.07385017656596800386600019443889889741,3.40432322613395710385018773494821914561,8,6,1.01,1.01,8943.46,3208.74,3502.66
147770767,AUS / SCst (AUS) 9th Sep,R5 1400m Mdn,09-09-2018 06:10,20501985,17. Jetnwild,0,170,155.265481937023286006016058110473779759,117.122894283061413980634036344342751028,220,100,970,970,301.56,220.64,1.28
147770767,AUS / SCst (AUS) 9th Sep,R5 1400m Mdn,09-09-2018 06:10,20501980,9. Classic Pearl,0,89.47867422758134,76.8961519482847029222812575917695056305,47.1889627829645734748689090676557104489,100,70,1,1001,312.76,160.84,3.86
147770769,AUS / SCst (AUS) 9th Sep,R6 1800m CL3,09-09-2018 06:44,6714201,9. Casino Gardens,0,82.77673674783088,44.628056149364738555969642147418899326,47.397216122405610257136785435999149961,100,48,960,40,564.68,475.26,89.42
147770773,AUS / SCst (AUS) 9th Sep,R8 1400m CL3,09-09-2018 08:00,15314156,10. Lucky Captain,0,119.89481766451385,69.6510619562929937205700553224158114333,74.5941131498470948012232415902140672783,170,110,1,1001,261.6,257.9,3.7
147771351,AUS / Musw (AUS) 9th Sep,R7 1280m CL1,09-09-2018 07:52,16011671,9. Urban Royal,0,5.8,5.08838340434889031773925019465165756258,5.11414189568704113471774975363944007692,7.8,5.5,6.8,4,10005.66,9083.94,921.72
147771351,AUS / Musw (AUS) 9th Sep,R7 1280m CL1,09-09-2018 07:52,20482749,3. Diamond Deluxe,0,7.191512437303899,4.92250548873612641690350423473016574626,5.06710174987810446640713882159911461276,8.4,5.1,1,1001,5168.36,5078.66,89.7
147771341,AUS / Musw (AUS) 9th Sep,R2 900m Mdn,09-09-2018 04:40,20501463,3. Shayes Trust,0,516.176429934278,231.88530030399358038118127935896473573,232.481927710843373493975903614457831325,630,85,1,1001,106.24,106.02,.22
147771343,AUS / Musw (AUS) 9th Sep,R3 1000m CL2,09-09-2018 05:20,10093788,12. King Of The Creek,0,170.637092402,142.277978429618591783356939855498666953,118.753700930021944338012469957156292452,290,90,970,970,574.18,458.64,1.48
147771347,AUS / Musw (AUS) 9th Sep,R5 1280m Hcap,09-09-2018 06:37,13739097,7. Taking Liberties,0,17.5,15.5797600336324212124828928483733961957,12.1721530205839597507660216053218911952,19,11,800,18,3700.94,2600.2,107.24
147771349,AUS / Musw (AUS) 9th Sep,R6 1750m Hcap,09-09-2018 07:12,7211007,5. Apache Lad,0,18,14.844078632996083569753527113531550755,12.8991812391648451043943619507047561619,17,12.5,960,14,2122.72,1455.18,120.34
147771449,AUS / Shep (AUS) 9th Sep,R8 1690m Pace M,09-09-2018 12:04,8787028,4. San Severo,0,167.71030894912775,169.667362235931979325184447589721246447,91.3865858978343598363620823672783209312,360,110,970,11,12.98,180.42,58.84
147771449,AUS / Shep (AUS) 9th Sep,R8 1690m Pace M,09-09-2018 12:04,16563336,8. Fantasy Beach,1,3.25,3.58873081333620988881608945108720495887,4.16046996573939428342649931391627716307,3.9,3.6,1.68,1.01,426.82,3056.98,2996.66
147771447,AUS / Shep (AUS) 9th Sep,R7 2190m Pace M,09-09-2018 11:40,20076834,3. Cheeky Major,0,753.9415048551991,388.304619037667127590524426076467152483,250.23206205559146735617323852617970265,970,90,1,1001,61.88,39.82,0
147771435,AUS / Shep (AUS) 9th Sep,R1 1690m Pace M,09-09-2018 08:34,20031326,1. Three Summas,1,1.2665806861057078,1.27483890337214996063775028034065220068,1.22186154967925752965076582006389560907,1.27,1.26,1.4,1.01,18980.96,11320.6,4635.68
147771441,AUS / Shep (AUS) 9th Sep,R4 2190m Pace M,09-09-2018 10:08,16763065,2. Gold Spice,0,70,55.8242819934791977474145978457900825532,54.467118160755658527891641418641953306,65,50,960,960,112.22,78.8,6.98
147771443,AUS / Shep (AUS) 9th Sep,R5 2190m Pace M,09-09-2018 10:42,20486366,10. The Cobblers Piece,0,189.26497332073745,114.085364390151608529043514914471678195,94.898485565546616185518220539517274018,200,110,960,960,84.52,51.68,1.44
147771445,AUS / Shep (AUS) 9th Sep,R6 1690m Pace M,09-09-2018 11:13,20486368,3. Benders Gift,0,8.4,8.40896657167694700420651102938816857009,9.31202750425082680917057493600403594985,8,8,1000,960,1070.38,896.52,26.92
147771437,AUS / Shep (AUS) 9th Sep,R2 2190m Pace M,09-09-2018 09:03,18408426,9. Moytura,1,21,22.6974783833898969147719611740786917904,20.227612325701497676019969013599586848,40,14.5,1,1001,580.9,491.54,9.38
147771437,AUS / Shep (AUS) 9th Sep,R2 2190m Pace M,09-09-2018 09:03,10663481,6. Machli,0,60,79.5741879766656370351581013998511857755,44.7950882578664620107444359171143514966,90,80,440,440,78.18,31.72,2.62
147771451,AUS / Shep (AUS) 9th Sep,R9 2190m Trot S,09-09-2018 12:32,11500899,7. Naked Majesty,0,30,28.8844429475359971955953789273805037164,1,32,28,960,960,0,346.86,11.36
147772494,AUS / Sale (AUS) 9th Sep,R4 1400m Mdn,09-09-2018 04:45,15329497,1. Allageri,0,38.59775685115309,39.4137442251581687929079354104607133052,27.2741760522826800230343774691647359751,85,28,1,1001,1493.42,935.04,3.6
147772494,AUS / Sale (AUS) 9th Sep,R4 1400m Mdn,09-09-2018 04:45,20501894,14. Down Under Dancer,0,129.20972241617739,212.305510478768581528178421084800947122,110.286118659420289855072463768115942029,310,75,1000,1000,353.28,133.7,8.1
147772500,AUS / Sale (AUS) 9th Sep,R7 1717m Hcap,09-09-2018 06:40,2149214,5. Manny,0,68.78777336661472,59.2092101967326421167494794156381099429,37.8197755663773025619309760745289011222,75,36,1000,11,944.6,376.44,187.76
147772500,AUS / Sale (AUS) 9th Sep,R7 1717m Hcap,09-09-2018 06:40,2517184,3. Dodge City,0,16,15.1887393384762294666690962962015839983,12.0764567537962585107068450782877639125,17,12,15.5,9,2793.54,1646.78,397.92
147772502,AUS / Sale (AUS) 9th Sep,R8 2200m Hcap,09-09-2018 07:15,8559629,9. Skyfire,0,34,33.3062820459496616031332232661689001484,19.639782952302445000718450566819684033,40,27,6.8,6.8,2644.58,1400.68,194.92
147772502,AUS / Sale (AUS) 9th Sep,R8 2200m Hcap,09-09-2018 07:15,10151180,7. Scensay,0,9.6,8.3337770828979935575154057451901979979,7.77496925398389868206438782719430609949,10.5,6.2,110,11,9171.92,7494.5,316.28
147772502,AUS / Sale (AUS) 9th Sep,R8 2200m Hcap,09-09-2018 07:15,12822926,3. Flaaj,0,5.00424536774357,4.67792045890000788443381938341222760345,4.2171313366031005624914254355878721361,5.9,4.2,1000,3.9,18659.84,13861.54,1209.72
147772504,AUS / Sale (AUS) 9th Sep,R9 1200m Hcap,09-09-2018 07:55,13126694,4. Toorak Playboy,0,16.236607629532806,14.2352563257207273455349781537559956776,12.4174134675628561564722981122907813812,17,10,1,1001,4692.46,3887.54,22.16
147772504,AUS / Sale (AUS) 9th Sep,R9 1200m Hcap,09-09-2018 07:55,13231709,14. Cuban Belle,0,140,109.211174907837023198203548770951530858,74.7423983816929009419053037486566786775,200,40,1,1001,632.76,411.76,.94
147772490,AUS / Sale (AUS) 9th Sep,R2 1000m Mdn,09-09-2018 03:25,20357344,4. Sharkeen,0,1000,531.901648489226378886443792287965320805,457.414242494763788689783569932511054224,1000,120,1,1001,171.88,142.8,0
147772498,AUS / Sale (AUS) 9th Sep,R6 1400m Hcap,09-09-2018 06:05,10521798,9. Tranquil Miss,1,6.695406276427093,6.07942662279354791389571331326480930848,4.23251199775864720189162447357594796584,7,4.1,4.7,1.01,24842.14,15207.42,5355.64
147772498,AUS / Sale (AUS) 9th Sep,R6 1400m Hcap,09-09-2018 06:05,15708985,4. Wilde Gem,0,12,10.0508117954823851159535774861050486665,6.53319916228227001072687337181386320682,10.5,9.6,1,1001,3915.4,2089.92,93.64
147772498,AUS / Sale (AUS) 9th Sep,R6 1400m Hcap,09-09-2018 06:05,20501897,10. Johnny Vinko,0,2.92,3.07584301552228025755083524112778192222,2.63304363264457690491408298771103435799,3.85,2.92,3.9,3.05,38582.58,26439.28,1080.18
147772492,AUS / Sale (AUS) 9th Sep,R3 1400m Mdn,09-09-2018 04:05,16342390,5. One For Rocky,0,10.066107298213755,9.80279550170829380481760013248923154955,8.19128502705020952932118700556505743325,10,9,6.6,6.6,3870.58,2702.42,260.04
147774118,AUS / Dubb (AUS) 9th Sep,R5 2120m Pace M,09-09-2018 06:26,11196724,3. Sprockets,0,3.256705744119826,2.88069288389360558136044017913266750133,5.26387161436582746688939267390526190192,2.72,2.72,960,960,838.1,736.54,39.14
147774118,AUS / Dubb (AUS) 9th Sep,R5 2120m Pace M,09-09-2018 06:26,9484630,9. Sniggihdis,1,7,10.045859702098322809815297505875850793,1.5680799265043638033991731740927882407,1,1001,1.01,1.01,1436.82,66.7,1338.14
147774118,AUS / Dubb (AUS) 9th Sep,R5 2120m Pace M,09-09-2018 06:26,11338390,5. Jogalong Dee,0,73.28094491630327,62.1736531991612350375021760244296981684,46.6426076833527357392316647264260768335,44,44,960,960,51.54,16.9,2.74
147774118,AUS / Dubb (AUS) 9th Sep,R5 2120m Pace M,09-09-2018 06:26,15583789,6. Keeping It Real,0,9.6,8.46263991654195175815482547180521540599,9.4814434546278121697116110523931752982,1,1001,1,1001,132.46,105.26,15.34
147774122,AUS / Dubb (AUS) 9th Sep,R7 1720m Pace M,09-09-2018 07:24,6095358,8. Willbe Doc,0,19.002462569244678,9.46202393149701137333035991363139512905,12.7953108370375007825705878670256057096,20,11,150,110,319.46,306,13.46
147774120,AUS / Dubb (AUS) 9th Sep,R6 2120m Pace M,09-09-2018 06:55,20503604,2. Eye Trouble,0,10.267699844199024,6.14403459973568562026623782310486485457,5.91633145892986511194673474316072722255,4.8,4.8,1,1001,579.74,448.82,15.1
147774120,AUS / Dubb (AUS) 9th Sep,R6 2120m Pace M,09-09-2018 06:55,13185384,3. Tulhurst Cash,1,15.5,16.4530173939770805669704128926629208126,2.52721005085891097912295052815022939858,1,1001,1.01,1.01,1124.68,98.58,957.96
147774114,AUS / Dubb (AUS) 9th Sep,R3 1720m Pace M,09-09-2018 05:24,15796695,2. Lukes Gift,0,4.461533505716071,4.52111564148150350524652807703830709956,3.82941052796276195225941463510038039917,5,4,3,3,2045.22,1399.7,329.36
147774116,AUS / Dubb (AUS) 9th Sep,R4 1720m Pace M,09-09-2018 05:54,12741253,5. Now Eye See,1,1.05,1.06447173595739896505378211775485062189,1.05608052748815895768026175598842426983,1.12,1.05,1.05,1.01,28570.12,22401.32,4375.68
147774116,AUS / Dubb (AUS) 9th Sep,R4 1720m Pace M,09-09-2018 05:54,19750818,4. Famous Cookie,0,120,85.3555972358728384925252250097432458925,80.0880541871921182266009852216748768473,130,60,960,960,64.96,34.86,1.96
147751478,AUS / Cast (AUS) 9th Sep,R1 3480m Hrd,09-09-2018 02:55,16549025,10. Sweet Lullaby,0,8.4,3.95734884813102238311755422992858333391,5.16483807487670367580962561648162095187,7.6,6.6,7,7,1646.44,1407.76,238.68
147751494,AUS / Cast (AUS) 9th Sep,R9 1400m Hcap,09-09-2018 08:05,16639585,7. Action In Rio,0,12.339859986,13.2253228541789784832925328048728394421,10.4333431989985541139823970655306595763,16,12,25,14,4122.04,2864.04,107.98
147751494,AUS / Cast (AUS) 9th Sep,R9 1400m Hcap,09-09-2018 08:05,19674617,12. Conconi,0,11,13.5592985059464519108715415141633731797,9.17876466143645004342821633607084095387,15,12,1,1001,2832.26,1540.54,87.7
147751494,AUS / Cast (AUS) 9th Sep,R9 1400m Hcap,09-09-2018 08:05,20502345,9. Cha Chang,0,117.10454770547221,158.762043855465825388237883816227417101,61.2972880360289798316036812218523595066,260,60,1,1001,612.84,198.76,65.78
147751480,AUS / Cast (AUS) 9th Sep,R2 3480m Hrd,09-09-2018 03:35,9325435,7. Granddukeoftuscany,0,6.479579196147389,5.59295856438243344139703680498575873066,5.89997362678277777203197881868671720671,10,5.7,1000,5.7,7735.12,7294.62,440.5
147751490,AUS / Cast (AUS) 9th Sep,R7 1800m Hcap,09-09-2018 06:47,12742646,10. Wilkin,0,16,14.9817892985845989857323622878149966518,10.1404531691400680341131801408744039005,17,12,16,12.5,3745.18,1847.72,734.94
147751482,AUS / Cast (AUS) 9th Sep,R3 1200m Mdn,09-09-2018 04:15,20502323,8. Lunch At Rulers,0,24.18503763,27.7762414058525769356060884471201259315,14.5502437737176748510969817295368299364,36,24,1,1001,1591.64,599.18,22.78
147751482,AUS / Cast (AUS) 9th Sep,R3 1200m Mdn,09-09-2018 04:15,20502324,9. Posh Pursuit,0,80,87.6525737115671912697834108442122345086,41.147374989934777357275142926161526693,110,65,1,1001,496.76,213.82,8.82
147751482,AUS / Cast (AUS) 9th Sep,R3 1200m Mdn,09-09-2018 04:15,12889502,3. Patriot Day,0,3.921062194246314,4.07956539225088280134481164613934882149,3.72183817337974473727830266865572683574,4.7,3.85,100,3.95,12066,8373.68,792.06
147751482,AUS / Cast (AUS) 9th Sep,R3 1200m Mdn,09-09-2018 04:15,20502325,10. Scopen Success,0,32,24.9780581781527332833215575890797177248,16.5941163243891470544146304901813821016,32,23,50,50,1334.2,751.1,16.44
147751486,AUS / Cast (AUS) 9th Sep,R5 1400m Mdn,09-09-2018 05:35,13943398,12. Misscino,1,1.9203829437484312,1.9463344196468415039754305922120646033,1.66331420652701601637649798321345218405,2.3,1.86,2.2,1.01,37653.96,21136.14,9400.46
147751486,AUS / Cast (AUS) 9th Sep,R5 1400m Mdn,09-09-2018 05:35,15602524,6. Rocktheblock,0,30.089674893617,29.7440851415885576309050357384371163181,17.8380656813086440255750228348418168231,34,26,1,1001,963.44,469.78,122.1
147761213,AUS / Nara (AUS) 9th Sep,R6 1200m CL2,09-09-2018 07:00,13379751,2. Mista Knowitall,0,3.6,3.42077535936494253426201516878944215683,3.21204493928269991075142454456976936714,3.8,2.4,30,3.2,24762.3,20261.22,755.48
147761213,AUS / Nara (AUS) 9th Sep,R6 1200m CL2,09-09-2018 07:00,20502244,10. Kalashani Gem,0,27.737027938223907,28.2196756555126801988785518993184101393,19.0441992281717317896767969126869271587,34,23,29,10.5,1824.24,1070.84,102.34
147761203,AUS / Nara (AUS) 9th Sep,R1 1800m Mdn,09-09-2018 03:45,20502231,6. Lady Nyora,1,64.64142897943212,67.8524964296841659672172482161005008618,6.47291465421439562318345016242092665413,120,48,80,1.01,3743.36,157.34,3244.44
147761209,AUS / Nara (AUS) 9th Sep,R4 1000m Mdn,09-09-2018 05:45,20502241,13. Man Of Iron,0,16.26824261115864,17.4452232581906184978287379205617045561,14.2540671323905264951439768273981939002,19,16,1,1001,2934.5,2171.7,21.9
147761209,AUS / Nara (AUS) 9th Sep,R4 1000m Mdn,09-09-2018 05:45,20059305,2. Samphire,0,15.599373947748619,15.3271019963769506723600657255919587678,11.6718211524382622359516454475653090013,17.5,14,1,1001,2240.12,1515.1,34.38
147761209,AUS / Nara (AUS) 9th Sep,R4 1000m Mdn,09-09-2018 05:45,490559,11. Star Flight,0,14,14.5370554703796776815821941031104698377,11.3867485572817376452422645285395119342,16.5,12.5,1,1001,2318.54,1604.64,21.46
147761209,AUS / Nara (AUS) 9th Sep,R4 1000m Mdn,09-09-2018 05:45,13136150,7. Just Wanto Run Now,0,9.878313217383115,8.7481416531589412066840825261924870468,7.37762558818403624956430812129661903102,11,8,1,1001,3672.32,2635.02,57.48
147761211,AUS / Nara (AUS) 9th Sep,R5 2000m Hcap,09-09-2018 06:25,11394955,8. First Star,0,43.6693670541991,23.0335628334016620039843221358370415777,25.6059151757147610637589905039801377051,65,48,1,1001,781.38,704.76,53.32
147761215,AUS / Nara (AUS) 9th Sep,R7 1200m Hcap,09-09-2018 07:40,20502246,6. Lilac Wine,0,40.36275683188404,45.0782523437870420137238813669475254508,31.5467126906185683958059863548705981493,60,34,960,960,1234.14,793.44,14.24
147763546,AUS / Gund (AUS) 9th Sep,R2 1400m Mdn,09-09-2018 04:20,13083676,4. Pasaga,0,7.940545959399545,8.87365216884656900123956314356075365815,7.8344691177914626790298371372059421774,9.4,8,1,1001,2851.48,2175.7,151.74
147763548,AUS / Gund (AUS) 9th Sep,R3 1000m Mdn,09-09-2018 05:00,20501285,12. Obella Bai,0,132.24762802984566,94.8480215640132533737367598722325862337,49.8077316076294277929155313351498637602,140,80,1,1001,234.88,98.86,4.76
147763548,AUS / Gund (AUS) 9th Sep,R3 1000m Mdn,09-09-2018 05:00,20501284,11. Mr Menzies,0,12.44367843720786,10.5211476449071754640280075041987966533,7.19326453883689304855611551075913926886,14,8.4,1000,7,2250.18,1094.3,155.34
147763556,AUS / Gund (AUS) 9th Sep,R7 1400m CL2,09-09-2018 07:35,10514037,5. Sintara,0,22,20.6877786608333705381632333844577090153,18.0908307262757762303629696908534329061,24,18,1,1001,2378.16,1924.66,20.22
147763556,AUS / Gund (AUS) 9th Sep,R7 1400m CL2,09-09-2018 07:35,11388280,10. Hoffski,0,97.73105683925561,108.119191467294743722974882287888056129,74.5747838326965614317313492861451839936,180,46,1,1001,497.3,329.6,2.84
147763552,AUS / Gund (AUS) 9th Sep,R5 1180m CL1,09-09-2018 06:20,20501297,1. Secret Copy,0,4.136097639,3.34865785242155427741516081306001278304,3.1243183386395826019586717832629196073,3.85,2.76,12,3.25,13217.12,10200.94,773.02
147763558,AUS / Gund (AUS) 9th Sep,R8 1400m Hcap,09-09-2018 08:15,10516864,4. Bid Of Faith,0,8.956078333347106,6.49804214788790123064214965482035181691,6.72114467325068291657911325908804370666,9.6,6.8,1,1001,7614.4,7521.34,93.06
147763558,AUS / Gund (AUS) 9th Sep,R8 1400m Hcap,09-09-2018 08:15,12742470,7. My Maher,1,8.342867264527813,6.75753848822637583023212631558192632841,5.20185592880554706622889779255699453537,9.8,6.4,20,1.01,7133.14,5033.22,2099.92
147763558,AUS / Gund (AUS) 9th Sep,R8 1400m Hcap,09-09-2018 08:15,12980604,12. Attainment,0,10.500929536656475,8.91420356510666555440215298806789842796,9.19338555340610750310902307586016305099,16,9,13,13,6947.52,6766.16,181.36
147764865,AUS / Kalg (AUS) 9th Sep,R7 1300m CL2,09-09-2018 10:05,13310027,8. Spirited Action,0,14,12.2861583649343531987855122933652816381,10.9720593824228028503562945368171021378,13.5,10,1,1001,1684,1212.52,8.96
147764865,AUS / Kalg (AUS) 9th Sep,R7 1300m CL2,09-09-2018 10:05,20484790,9. Dazzling Poet,0,15.5,15.4449400396771911887553921044211568682,13.5405368997588145614700212146389074864,24,12.5,1,1001,2479.42,1963.08,67.32
147764859,AUS / Kalg (AUS) 9th Sep,R4 1200m Hcap,09-09-2018 08:25,11821424,7. Foxy Royale,0,8.062174967597718,8.02839500005077665529155615312407680912,6.13380333652305244589967372632210014181,9.2,7.8,1000,8.2,5204.22,3404.32,84.22
147764859,AUS / Kalg (AUS) 9th Sep,R4 1200m Hcap,09-09-2018 08:25,9423991,9. One Hot Fox,0,75,62.002801259370737926216310009199331142,41.2057993527508090614886731391585760518,75,50,960,960,772.5,464.64,19.04
147764861,AUS / Kalg (AUS) 9th Sep,R5 1300m Hcap,09-09-2018 09:00,12177477,8. Outer Detention,0,6.536243659686771,5.62306942425550585882990565332010196149,5.03348361982352372424636054464664808579,6.2,5,1,1001,9515.16,7263.98,79.12
147764853,AUS / Kalg (AUS) 9th Sep,R1 1100m CL2,09-09-2018 06:29,13715362,7. Miss Slater,0,26.098418626239173,26.5344994625752400496961981533586145724,17.2613058984910836762688614540466392318,38,24,9.2,7,1458,780.04,358.04
147764853,AUS / Kalg (AUS) 9th Sep,R1 1100m CL2,09-09-2018 06:29,19921927,2. Humanity,1,4.841049730678149,5.18593668797978881446322874928681571726,2.90389814163917878837037437588997638746,5.5,4.9,2,1.01,8876.64,3389.12,3125.5
147764855,AUS / Kalg (AUS) 9th Sep,R2 1400m Mdn,09-09-2018 07:04,20484777,9. Volkswagon Frank,0,22,14.3867877293109524002037183025579364434,16.3733448384060244744273611546909319109,23,18.5,21,12,1274.8,1208.92,65.88
147770305,AUS / Devn (AUS) 9th Sep,R7 1350m Hcap,09-09-2018 07:48,13370369,4. Khatun,0,7.8,7.63497409619165076442663684826370901678,6.13761520128195742534794244206382130685,9,6,1,1001,4917.48,3406.44,126.7
147770305,AUS / Devn (AUS) 9th Sep,R7 1350m Hcap,09-09-2018 07:48,20482895,6. Tambros Game,0,6.8,6.87573353305695508628138695499287587092,5.35439581169955001730702665282104534441,7.4,6.4,1,1001,4622.4,3091.68,172.42
147770293,AUS / Devn (AUS) 9th Sep,R1 1150m Mdn,09-09-2018 03:55,15568662,3. Race The Wind,0,17.363612955827268,13.618347920148946565847498929668914349,11.8749728656213195390619587557444056994,17,12,960,960,1732.12,1208.42,53.48
147770299,AUS / Devn (AUS) 9th Sep,R4 1000m Hcap,09-09-2018 05:55,8668427,7. Gee Gees Style,1,6.934985485,6.22147368946202253089374972087559241162,3.32311905411701139349030050916468872588,7.8,6.6,5,1.01,7255.02,3060.06,4194.96
147770303,AUS / Devn (AUS) 9th Sep,R6 1150m CL1,09-09-2018 07:08,289414,6. Garland,1,2.895462682393008,2.73079660293392669078190447789693468259,2.3921227319628208063584666076539813431,3.05,2.6,1.01,1.01,33280.98,25017.68,3751.34
147770759,AUS / SCst (AUS) 9th Sep,R1 1000m Mdn,09-09-2018 03:30,19376481,5. Craiglea Treacle,0,381.37604230732984,488.516578639808390314581974622599904325,198.709623709623709623709623709623709624,580,410,1,1001,120.12,39.4,.14
147770765,AUS / SCst (AUS) 9th Sep,R4 1000m Mdn,09-09-2018 05:30,20501966,11. Tequila Boom,0,24,30.2333645215380837272164033380802530298,24.2557194461167971101745936183022275738,42,25,30,30,1328.8,939.5,63.54
147770765,AUS / SCst (AUS) 9th Sep,R4 1000m Mdn,09-09-2018 05:30,18275657,5. Flirty Mccoy,0,26,26.6874310901639256239503896598051625361,22.8141945474754286713374046182858141946,32,23,1,1001,1601.46,1268.3,25.42
147770765,AUS / SCst (AUS) 9th Sep,R4 1000m Mdn,09-09-2018 05:30,20501968,13. Zoucara,0,11.325236582198706,12.392257650327527973134616815729678132,10.7832020130785998204898063854340300039,21,11,960,9.8,6239.2,4706.66,412.08
147770763,AUS / SCst (AUS) 9th Sep,R3 1000m Mdn,09-09-2018 04:50,20501954,4. Charway,0,2.406964927,2.12400891985955453934869801211463542724,2.23008063936116190422223336159343377656,2.4,1.98,110,2.46,36706.64,30152.1,1773.64
147770763,AUS / SCst (AUS) 9th Sep,R3 1000m Mdn,09-09-2018 04:50,11504143,13. Single Lass,0,42,45.9852135186077046014383158060659540805,28.6908494349252643091505650747356908494,65,40,1,1001,987.48,571.68,7.54
147770771,AUS / SCst (AUS) 9th Sep,R7 1200m Hcap,09-09-2018 07:25,12748026,7. Hingus Rose,1,5.9,5.38772482797040059068278190404281885995,4.58787300670707903566590402262377317493,5.9,4.2,4.7,1.01,28331.26,22439.88,3998.7
147770771,AUS / SCst (AUS) 9th Sep,R7 1200m Hcap,09-09-2018 07:25,9346266,5. Counter Meal,0,33.994656955832625,28.3651483403051516346929126961166297315,20.5977220649683245720447499663027362178,34,22,95,95,1187.04,718.64,18.1
147770767,AUS / SCst (AUS) 9th Sep,R5 1400m Mdn,09-09-2018 06:10,20501981,10. Molinari,0,170,112.011148069376832372827695974370200726,73.4799119427627958172812328013208585581,170,42,1,1001,327.06,193.08,1.16
147770767,AUS / SCst (AUS) 9th Sep,R5 1400m Mdn,09-09-2018 06:10,20501983,12. Doonya,0,371.77214734436416,301.990940486475742728380155662049279865,202.855031352642579874589429680501642281,450,240,970,970,133.96,83.86,.66
147770769,AUS / SCst (AUS) 9th Sep,R6 1800m CL3,09-09-2018 06:44,11866674,3. Fairlighting,1,3.761021964,3.42847616691574492964292273973977297328,2.74994372641433602970317098964205358397,4.5,3.4,3.8,1.01,28613.78,17916.04,10697.74
147770769,AUS / SCst (AUS) 9th Sep,R6 1800m CL3,09-09-2018 06:44,11948527,8. Nossuh,0,6.576621925254586,5.71820562433122225630220964925107327845,5.85695769103740201265831316855507849098,7.6,5.2,4.2,4.2,11868.88,11582.02,286.86
147770769,AUS / SCst (AUS) 9th Sep,R6 1800m CL3,09-09-2018 06:44,18491316,4. Romakash,0,15.976867172530618,10.7014540824129069823912955777984650506,11.3682832049876873585469659658662263533,16,12,13,9.2,2810.12,2512.46,297.66
147770769,AUS / SCst (AUS) 9th Sep,R6 1800m CL3,09-09-2018 06:44,909040,5. Portsea,0,23,20.4274014544237869577311166452513665426,20.9387607619681404150896310776525392006,30,23,24,21,1923.44,1787.2,136.24
147770773,AUS / SCst (AUS) 9th Sep,R8 1400m CL3,09-09-2018 08:00,12286404,9. Sol Witness,0,290,116.874744737429061591475756724565820623,121.306086679413639260675589547482472913,280,65,1,1001,125.52,124.46,1.06
147770773,AUS / SCst (AUS) 9th Sep,R8 1400m CL3,09-09-2018 08:00,10924000,5. Napoleons War,0,242.990922173718,181.36134283064388888658769730259761435,157.504190560211733568592853992059991178,510,85,150,65,226.7,169.96,56.74
147771345,AUS / Musw (AUS) 9th Sep,R4 1450m CL3,09-09-2018 06:00,16396528,13. Isadiva,0,143.543775183,154.634885301075689551556470447251196434,96.6102628718252791777843660440755015318,290,40,960,12.5,404.76,205.58,87.44
147771345,AUS / Musw (AUS) 9th Sep,R4 1450m CL3,09-09-2018 06:00,17427249,4. Winners Lane,0,5.4,4.95585581012120363578848395383251251216,5.14603063931605340128259408732671190575,7.2,4.3,1000,5,10297.88,8720.18,385.5
147771345,AUS / Musw (AUS) 9th Sep,R4 1450m CL3,09-09-2018 06:00,12455761,10. Falsified,0,23.774345188,29.1445650853143853093319722910840262216,22.0861752234146880481774610146548985483,38,24,30,30,1447.98,946.78,83.5
147771351,AUS / Musw (AUS) 9th Sep,R7 1280m CL1,09-09-2018 07:52,16326408,5. Big Reg,0,7.020555615,5.2505887591054314686677723887309473229,5.40494057560986694844962561497994568861,7.6,5.6,6,6,7040.88,6954.7,86.18
147771351,AUS / Musw (AUS) 9th Sep,R7 1280m CL1,09-09-2018 07:52,10974667,14. Prince High,0,70,56.5894004944729947082074827773716037802,57.6825105670308637052396522848712018502,120,70,1,1001,501.56,499.08,2.48
147771341,AUS / Musw (AUS) 9th Sep,R2 900m Mdn,09-09-2018 04:40,20501462,2. Snippets Of Rain,0,5.1,4.37712256799000648972152896692071630768,4.35367928920473168260778880247906796579,6,5,2.5,2.5,10739.52,9933.48,806.04
147771339,AUS / Musw (AUS) 9th Sep,R1 1450m Mdn,09-09-2018 04:00,20501460,14. Mr Wong,1,2.9393896088861426,2.48931126318488438306169361732575570555,2.41712700624511872258245895644048647416,3.25,2.66,3.3,1.01,34289.18,30893.64,3225.16
147771343,AUS / Musw (AUS) 9th Sep,R3 1000m CL2,09-09-2018 05:20,4157558,8. With Purpose,0,2.14,2.19057749154354466360334548558122705045,2.12140575845535042019662233096005851813,2.6,2.1,2.18,1.75,44731.44,37986.86,2798.8
147771343,AUS / Musw (AUS) 9th Sep,R3 1000m CL2,09-09-2018 05:20,13688224,5. Azcannyaz,0,9.2,9.39915683870429625264843593627494792045,8.44125388521647769557413649695749244845,10.5,8.2,1,1001,3654.88,3009.54,20.4
147771343,AUS / Musw (AUS) 9th Sep,R3 1000m CL2,09-09-2018 05:20,20501476,7. Rosella Amalfi,0,14.463301298253647,14.0204655376679294445471961116901724333,10.4940537214299667903887478023051377222,17,12,7,7,4095.2,2555.2,672.08
147771347,AUS / Musw (AUS) 9th Sep,R5 1280m Hcap,09-09-2018 06:37,10569034,12. Envision,0,229.24989933178762,169.376777618798375134430595944780832144,119.858123926954893085687529264866552209,370,75,930,230,384.42,227.74,13.72
147771347,AUS / Musw (AUS) 9th Sep,R5 1280m Hcap,09-09-2018 06:37,13542843,6. Majestic Pedrille,1,5.737888901471676,5.3620994290200606370648364958876630753,3.39949637787698147504611189820631398861,6.2,4.7,5.1,5.1,11970.88,6282.88,2690.04
147771349,AUS / Musw (AUS) 9th Sep,R6 1750m Hcap,09-09-2018 07:12,11988899,3. The Grandson,0,68.436964836,56.5240240124675836859926208269854001641,45.8344257938792683466938305505115372691,95,26,960,290,903.16,646.52,25.54
147771435,AUS / Shep (AUS) 9th Sep,R1 1690m Pace M,09-09-2018 08:34,12847544,3. Flyin Circles,0,125.14506276542767,73.1326028364292058042316308837635872215,79.8508736286062576188541243396993092239,90,55,1,1001,49.22,35.38,2.92
147771435,AUS / Shep (AUS) 9th Sep,R1 1690m Pace M,09-09-2018 08:34,10827477,7. Mister Zhivago,0,44,47.1176864106087767193165189411754518514,37.1947000776139261558931145359795986251,65,44,26,26,180.38,95.62,40.92
147771435,AUS / Shep (AUS) 9th Sep,R1 1690m Pace M,09-09-2018 08:34,11781873,8. Hayjoshandco,0,372.1059227467329,164.418671887852701174397991004077453167,157.267406659939455095862764883955600404,370,70,1,1001,79.28,54.22,2.04
147771441,AUS / Shep (AUS) 9th Sep,R4 2190m Pace M,09-09-2018 10:08,20357276,7. Mongiana,0,4.6,4.61984651734932597453347409585826002389,4.69321017006041620049228015215931975834,4.7,4.5,1000,3.15,2145.12,1693.46,193.82
147771441,AUS / Shep (AUS) 9th Sep,R4 2190m Pace M,09-09-2018 10:08,20486364,8. Just Dad,0,18.346643049792043,18.6996763746712196777493361451021771319,15.5951298030065861366254171712100180159,22,16,19,19,677.18,381.3,113.44
147771443,AUS / Shep (AUS) 9th Sep,R5 2190m Pace M,09-09-2018 10:42,20486365,9. Breakntherules,0,12.5,12.6143184807414515862400396111419072444,12.3816758241758241758241758241758241758,13,12.5,960,14,946.4,590.46,69.64
147771443,AUS / Shep (AUS) 9th Sep,R5 2190m Pace M,09-09-2018 10:42,18697000,4. Rebeccas Copy,0,21,21.2037570041774618391970258822734783536,15.2115665110851808634772462077012835473,22,21,1,1001,411.36,246.36,4.6
147771443,AUS / Shep (AUS) 9th Sep,R5 2190m Pace M,09-09-2018 10:42,11603352,6. Bally Barfly,0,678.576484163478,342.500942977581713874107669326162008301,252.773735810113519091847265221878224974,330,330,1,1001,77.52,25.5,.08
147771437,AUS / Shep (AUS) 9th Sep,R2 2190m Pace M,09-09-2018 09:03,15583788,5. Ima Rocknroll Diva,0,4.7,5.50054080579931831584747946500481854363,5.27894482027661829553930099577352367743,6.8,6.8,5.5,5,1528.46,960.18,321.96
147771437,AUS / Shep (AUS) 9th Sep,R2 2190m Pace M,09-09-2018 09:03,11170123,8. Juscallmechief,0,254.95109535049647,186.880437617392999491571413141693515033,133.120431115276476101218369259606373008,250,100,1,1001,42.68,18.98,.7
147771451,AUS / Shep (AUS) 9th Sep,R9 2190m Trot S,09-09-2018 12:32,20486375,1. Aldebaran Willo,0,2.14,2.41141650909125071293816008081712721641,1,2.9,2.2,960,32,0,8109.76,169.6
147772494,AUS / Sale (AUS) 9th Sep,R4 1400m Mdn,09-09-2018 04:45,20297634,9. Such A Drama Queen,0,100,99.8962404900306968843252852675091728538,50.6862332695984703632887189292543021033,150,40,1,1001,313.8,146.5,19.86
147772502,AUS / Sale (AUS) 9th Sep,R8 2200m Hcap,09-09-2018 07:15,11569004,2. Foraoise,0,27,25.3733577422490266404650837298520068178,18.4444907270932930033451674506235340861,38,12,960,11,3120.92,2107.92,87.2
147772504,AUS / Sale (AUS) 9th Sep,R9 1200m Hcap,09-09-2018 07:55,13321219,7. Miss Mo,0,9.841006576745112,11.4057734655463390931044319252224649345,8.96890233419295113403425246313562123917,14.5,7,1,1001,6049.2,4303.32,52.88
147772504,AUS / Sale (AUS) 9th Sep,R9 1200m Hcap,09-09-2018 07:55,15313726,8. Ritorno,0,4.7,4.49878235792261724756996250829031331698,4.01902276079207371482202382878780173191,7,3.85,1,1001,21629.3,17953.22,141.32
147772504,AUS / Sale (AUS) 9th Sep,R9 1200m Hcap,09-09-2018 07:55,20501907,15. Miss Oklahoma,0,13.556743815237427,14.817066406144791845464679336073067673,10.6065240309296103557913217326293948902,16.5,13.5,1,1001,4761.78,3049.46,58.26
147772490,AUS / Sale (AUS) 9th Sep,R2 1000m Mdn,09-09-2018 03:25,20501883,16. Olive,0,9.80460501843423,9.84451857353678128860344393436180636324,8.24238858877450148282025422628735758435,12,8.8,9.2,9.2,4005.88,2787.96,543.04
147772496,AUS / Sale (AUS) 9th Sep,R5 1400m Hcap,09-09-2018 05:25,18235265,2. Alsvin,0,9.01813315754873,6.58348373193700266122568748771934730404,6.86047596069673198706972017132193749226,9.2,8,8.4,8.4,4683.58,4528.22,155.36
147772496,AUS / Sale (AUS) 9th Sep,R5 1400m Hcap,09-09-2018 05:25,18986165,4. Elle Street,0,22.361587350512853,12.8695472472519704070487235397309334214,13.4000392226327243281542588187661318893,23,19,55,7,1580.72,1435.56,145.16
147772496,AUS / Sale (AUS) 9th Sep,R5 1400m Hcap,09-09-2018 05:25,17007247,9. The Queens Regent,0,22.059887410840027,17.8930797159201629563164817131022086936,18.4240962372105982750912024467526745158,27,19.5,19.5,18,3086.54,2981.32,105.22
147772492,AUS / Sale (AUS) 9th Sep,R3 1400m Mdn,09-09-2018 04:05,20501884,1. Chaba Charli,0,29.019072420420997,34.2386956711734754215024454466287936767,12.704330751717487050495610590258791247,38,30,11.5,6,2011.66,453.74,504.1
147772492,AUS / Sale (AUS) 9th Sep,R3 1400m Mdn,09-09-2018 04:05,20501888,13. The Naysayer,0,63.90105822337236,67.8605267221706540827819613107267196354,58.6541214750542299349240780911062906725,130,44,960,960,553.2,449.5,4.38
147772492,AUS / Sale (AUS) 9th Sep,R3 1400m Mdn,09-09-2018 04:05,8879794,11. Mr Exclusive,1,2.6843242508328875,2.68710570961540736917416205089564985589,2.38008474202253809813833283856739943127,2.86,2.4,2.74,1.01,43050.66,33068.54,4731.16
147774118,AUS / Dubb (AUS) 9th Sep,R5 2120m Pace M,09-09-2018 06:26,11164884,4. Nekite River,0,634.2159579402023,62.173790748996689240172572290918937035,85.2531815137307434695244474212993971869,44,44,960,860,29.86,16.9,1.7
147774124,AUS / Dubb (AUS) 9th Sep,R8 2120m Pace M,09-09-2018 07:50,9763718,7. Swaggie Shannon,0,7.4,6.53843847889027736381958245894898856169,6.77928454357585690871517138174303427635,7.4,6,5.5,5.5,561.32,354.88,143.78
147774124,AUS / Dubb (AUS) 9th Sep,R8 2120m Pace M,09-09-2018 07:50,19180568,10. Big Bill,0,19.697242615376602,19.6211335402569066333998503987296317373,15.2052919708029197080291970802919708029,1,1001,1,1001,98.64,20.12,12.56
147774124,AUS / Dubb (AUS) 9th Sep,R8 2120m Pace M,09-09-2018 07:50,8944523,1. Sunscreen,1,3.7,4.35514836596328780079268676464836264208,2.16871842165253973846185729384701469339,5,5,4.4,1.01,2895.18,577.5,2149.24
147774120,AUS / Dubb (AUS) 9th Sep,R6 2120m Pace M,09-09-2018 06:55,8682819,9. The Only Child,0,6.839052158868581,9.56366279333047340441900430682473863192,8.44344541266907255816682803743801895373,17.5,7.2,960,960,1363.32,901.64,9.54
147774112,AUS / Dubb (AUS) 9th Sep,R2 1720m Pace M,09-09-2018 04:54,18740237,4. Bradness Abuela,0,423.3115658412779,183.373404232712963761567086287994980044,219.702933985330073349633251833740831296,350,350,970,970,32.72,4.8,.86
147774114,AUS / Dubb (AUS) 9th Sep,R3 1720m Pace M,09-09-2018 05:24,7825739,5. Big Heart,0,1.65,1.50940624411492449259874953931238105951,1.4783998229985934709659746403341955128,1.67,1.27,1,1001,7593.16,6658.4,117.4
147774116,AUS / Dubb (AUS) 9th Sep,R4 1720m Pace M,09-09-2018 05:54,14122271,10. Aces For Annie,0,622.991992364,226.863199507269074666844442498639318376,208.499696785930867192237719830200121286,1,1001,1,1001,32.98,4.02,.56
147774110,AUS / Dubb (AUS) 9th Sep,R1 1720m Pace M,09-09-2018 04:28,20457356,6. Cullens Desire,1,1.15,1.15327158653235451075524006881581987875,1.10838893146334031964692956133952560776,1.16,1.15,1.01,1.01,8664.56,5622.4,2197.92
147751492,AUS / Cast (AUS) 9th Sep,R8 1200m Hcap,09-09-2018 07:30,19674618,14. Burnvale Lady,0,25,14.9151247765441609971779426186722651111,16.7107957006181345722272530414583251309,25,17,110,110,1523.94,1479.18,44.76
147751492,AUS / Cast (AUS) 9th Sep,R8 1200m Hcap,09-09-2018 07:30,20502339,9. Zcastle,0,157.8615662956471,69.8452311113244094887432133795748727675,84.4425703107699121576732855982874437145,210,42,410,410,541.88,519.96,21.92
147751492,AUS / Cast (AUS) 9th Sep,R8 1200m Hcap,09-09-2018 07:30,15268701,6. Bassons,0,45.86821353,25.409293578625567700582168444281133797,28.9647309861301630848955951836610272824,50,36,1,1001,656.1,635.56,20.54
147751488,AUS / Cast (AUS) 9th Sep,R6 1000m Hcap,09-09-2018 06:15,9531502,11. Secret Lake,0,26,24.6874139500229553574770830623841101315,20.6465811069452819800214991741170918434,29,18,1000,24,1525.64,858.54,119.34
147751488,AUS / Cast (AUS) 9th Sep,R6 1000m Hcap,09-09-2018 06:15,14909940,10. Tamerett,0,7.2,6.68274492242343914442285341658529339833,5.71793757408139075464243382062425918609,9.4,5.9,960,6.8,7744.86,5698.38,318.92
147751494,AUS / Cast (AUS) 9th Sep,R9 1400m Hcap,09-09-2018 08:05,457778,2. Under Oath,1,8.758751439197805,8.80004855590746133234944614237717433176,6.15890042407681165912586420582657647568,11,7,8.6,1.01,10715.04,6776.18,3005.18
147751494,AUS / Cast (AUS) 9th Sep,R9 1400m Hcap,09-09-2018 08:05,15568587,5. Canny Move,0,13,12.7958112048515312783237111571593051112,9.19707857443441461838915593383080743722,14,10.5,1,1001,3374.38,2179.6,55.52
147751494,AUS / Cast (AUS) 9th Sep,R9 1400m Hcap,09-09-2018 08:05,20502348,13. Desperate Diva,0,85,86.9642512492150407550483261035694798771,50.9056007226738934056007226738934056007,120,75,1,1001,575.64,319.58,2.94
147751480,AUS / Cast (AUS) 9th Sep,R2 3480m Hrd,09-09-2018 03:35,12272769,5. Rosss Point,0,38.457571686,22.7766793508240029552363712284455730309,24.3200851113670525308919124680344349659,55,26,960,960,1024.54,1002.7,21.84
147751480,AUS / Cast (AUS) 9th Sep,R2 3480m Hrd,09-09-2018 03:35,9205797,4. October Date,0,12.5,10.9287165684093507289911892742606788127,10.2447999609679937548790007806401249024,19.5,12.5,18,10,3074.4,2542.28,532.12
147751482,AUS / Cast (AUS) 9th Sep,R3 1200m Mdn,09-09-2018 04:15,14909936,5. Farewell Greta,0,9.583432679161632,10.4404123473735477289046233783949608909,8.17506099143524526343109265507396833636,12,9.6,1,1001,4238.3,2750.96,286.5
147751484,AUS / Cast (AUS) 9th Sep,R4 3800m Stpl,09-09-2018 04:55,7245884,6. Entirely Perfect,0,49.01454630174005,57.8887590390434193697251917545043236115,31.0162125647376716955640621481648277415,70,46,960,960,799.38,370.26,2.72
147751484,AUS / Cast (AUS) 9th Sep,R4 3800m Stpl,09-09-2018 04:55,2795527,4. Aldous,1,7.6,7.73533075644007731411274313057047932909,4.00639243137930420010335426158132020219,9,6.6,4.5,1.01,6734.12,2597.38,3271
147751486,AUS / Cast (AUS) 9th Sep,R5 1400m Mdn,09-09-2018 05:35,20502328,3. Mileys Man,0,7,6.47183836393453313277924385651706926488,5.75178490821546795064700571772494733674,7,6,1,1001,4253.44,2928.34,375.2
147751486,AUS / Cast (AUS) 9th Sep,R5 1400m Mdn,09-09-2018 05:35,19487396,1. Comzig,0,14,14.0805069506069676279135117388151599692,11.7101681824441237928164721801450117051,15.5,12.5,1000,1000,3340.42,2109.8,69.86
147761207,AUS / Nara (AUS) 9th Sep,R3 1000m Hcap,09-09-2018 05:05,20502235,1. Zarfarie,0,12.576983456533272,13.9300005679909440231150916859489534123,9.36998174232379259835194968378815541934,15.5,12.5,960,9,2880.98,1560.94,130.62
147761209,AUS / Nara (AUS) 9th Sep,R4 1000m Mdn,09-09-2018 05:45,16039970,10. Toffee Bell,0,4.423447667157161,4.1416539090605357649689380141919500328,3.76321209878873057573786123292229301894,6.2,3.8,13.5,5.5,16108.72,12604.48,367.08
147761211,AUS / Nara (AUS) 9th Sep,R5 2000m Hcap,09-09-2018 06:25,12324551,3. Allaboutattitude,0,8.581009923145757,6.78658481530818784072191667997457764743,7.31869684853969104054515738834153593293,9,8,9,8.2,4331.96,3849.84,482.12
147761215,AUS / Nara (AUS) 9th Sep,R7 1200m Hcap,09-09-2018 07:40,15779128,4. Cavalry Gold,0,5.356651689,4.7537058370825362438121901808160114553,4.34380763514545870094186071472315558064,5.6,3.75,960,4.4,15838.86,13132.94,266.8
147761205,AUS / Nara (AUS) 9th Sep,R2 1430m Mdn,09-09-2018 04:25,14406036,3. Euro Gold,0,4.1,3.47378686324262171793641871653709021421,4.37657669987955764808934632650826672506,4.7,3.9,860,860,10959.6,10693.1,266.5
147761205,AUS / Nara (AUS) 9th Sep,R2 1430m Mdn,09-09-2018 04:25,20124675,7. Highly Skilled,0,60,35.7339200417732634297058229301071622938,36.64642348092389593291164601162025244,90,55,25,25,698.78,667.42,31.36
147763550,AUS / Gund (AUS) 9th Sep,R4 1180m Mdn,09-09-2018 05:40,20501293,8. Is Anyone There,1,52.54199848847465,45.1998696524993523340820958487903817631,9.33691214390962671905697445972495088409,95,46,65,1.01,3257.6,542.54,2715.06
147763550,AUS / Gund (AUS) 9th Sep,R4 1180m Mdn,09-09-2018 05:40,20501294,10. Single Red Rose,0,24.089028177552173,16.012690636727496651851138938838631111,16.7221001476649108500650166398518942984,23,14.5,1,1001,1814.92,1802.1,12.82
147763550,AUS / Gund (AUS) 9th Sep,R4 1180m Mdn,09-09-2018 05:40,20501289,4. Eurosay,0,1.9002518432794564,1.70626689537008466813155640025484715036,1.73567175057175977524348002338642448914,2.2,1.75,1.82,1.82,37594.46,34218.22,3376.24
147763556,AUS / Gund (AUS) 9th Sep,R7 1400m CL2,09-09-2018 07:35,12945339,1. Ribs,1,10.5,7.98379961747501469273416692306388432955,4.04591727167925613633081859564485622912,9.4,6.6,9.2,1.01,8448.86,3074.74,3875.5
147763552,AUS / Gund (AUS) 9th Sep,R5 1180m CL1,09-09-2018 06:20,20501300,5. Brother Adam,0,55,45.5708491965674913007901772434045429966,26.8602698184362971890672990941254228063,75,36,1,1001,514.42,254.54,24.24
147763558,AUS / Gund (AUS) 9th Sep,R8 1400m Hcap,09-09-2018 08:15,19475100,11. Prontissimo,0,13.116920568355471,7.65817138408664125650760510839939641439,8.59037620297462817147856517935258092738,14,11,13,13,4000.5,3628.9,88.8
147763544,AUS / Gund (AUS) 9th Sep,R1 1400m Mdn,09-09-2018 03:40,20501272,10. Whicker,0,10.140057210253508,13.8538699207203510332208102678966214537,10.0657439637178859484113690828974154147,23,11.5,8.8,8.8,3880.7,2367.58,681.92
147764857,AUS / Kalg (AUS) 9th Sep,R3 1400m Hcap,09-09-2018 07:44,8787596,9. Poets Prince,0,44,38.6902699077536897094334955952675440252,31.0571837026447462473195139385275196569,48,26,1,1001,755.46,566.52,3.3
147764857,AUS / Kalg (AUS) 9th Sep,R3 1400m Hcap,09-09-2018 07:44,20484779,10. Reverend John,0,150,123.617189357572087846471961643946032882,88.5468072256080821391313896667215725032,160,95,1,1001,364.26,254.28,.88
147764865,AUS / Kalg (AUS) 9th Sep,R7 1300m CL2,09-09-2018 10:05,11492294,2. Card Knight,1,12,12.0081206682283976120630060714036198538,2.56806710629580177958068757453140766259,21,9.2,11.5,1.01,9811.3,1167.06,7868.74
147764865,AUS / Kalg (AUS) 9th Sep,R7 1300m CL2,09-09-2018 10:05,20484788,4. My Tradition,0,48,59.6319902759481401177286449900449052266,41.8358730466854314277394933514510336795,90,48,1,1001,1030.3,622.04,4.88
147764859,AUS / Kalg (AUS) 9th Sep,R4 1200m Hcap,09-09-2018 08:25,19741715,3. Little Hercules,0,5.5,5.96043516901770221197558108941904896806,5.31103080533281125513580831028847539571,7,3.7,960,960,7355.22,5819.4,63
147764859,AUS / Kalg (AUS) 9th Sep,R4 1200m Hcap,09-09-2018 08:25,7561621,8. Killorglin,0,95.46994825572533,68.2449659183584805963302000844180240726,48.5005650053526822885690496015225407399,110,48,960,960,672.56,443.18,4.34
147764861,AUS / Kalg (AUS) 9th Sep,R5 1300m Hcap,09-09-2018 09:00,8150870,2. Red Publisher,0,8.95555898069164,8.42666459179421400183456731850534245783,4.72958977388602042633086771441982422349,12.5,7.2,1.01,1.01,9885.28,4682.08,3306.76
147764861,AUS / Kalg (AUS) 9th Sep,R5 1300m Hcap,09-09-2018 09:00,9622602,1. Pegatego,0,32.46251738567176,34.3980489950802661807474509585200658096,23.4265138923425250952112970985093379052,40,29,960,960,1528.18,899.92,41.3
147764861,AUS / Kalg (AUS) 9th Sep,R5 1300m Hcap,09-09-2018 09:00,10173400,9. A Bit Sketchy,1,14.99874587248224,15.755156441364186398159509394837765206,12.4136690605271186838461357929076016804,23,9,16,14,3408.72,2366.18,157.08
147764853,AUS / Kalg (AUS) 9th Sep,R1 1100m CL2,09-09-2018 06:29,20484774,1. Cosmic Eyes,0,1.666288272679067,1.61862695829030375042995452045085323688,1.68924112751256281407035175879396984925,1.71,1.55,600,1.64,44321.28,35315.06,2638.84
147764853,AUS / Kalg (AUS) 9th Sep,R1 1100m CL2,09-09-2018 06:29,20484775,4. Can He Rule Her,0,10.5,10.954873792773272749268343323797156898,8.91424773055351100916907732949909564483,12,9.6,11.5,10,3505.26,2449,471.48
147764863,AUS / Kalg (AUS) 9th Sep,R6 1760m Qlty,09-09-2018 09:30,2348422,10. Oorah,0,24.579662618438597,24.7255403498354287842156370445068901404,16.4515145618473114094830382045793604463,34,22,960,960,1233.36,685.82,9.36
147764863,AUS / Kalg (AUS) 9th Sep,R6 1760m Qlty,09-09-2018 09:30,2909321,8. Gloryland,0,6.2970888465223815,7.11335629201942895983500795778988589845,6.32701901425801544707608916883589891913,12,5.5,100,4.9,9335.1,7459.92,745.78
147764863,AUS / Kalg (AUS) 9th Sep,R6 1760m Qlty,09-09-2018 09:30,16480750,4. Friaresque,0,4.097489690264338,4.00009596681442109097538393791027393989,3.59466938764393587157194799535436578728,4.5,3.75,960,3.85,10280.62,7224.08,341.2
147770305,AUS / Devn (AUS) 9th Sep,R7 1350m Hcap,09-09-2018 07:48,20482896,7. Jodi Nicole,1,40.61212978238785,38.1544242651025687614458694808434868895,6.1790546911834040546911834040546911834,46,36,1.01,1.01,2884.56,357.42,2282.46
147770305,AUS / Devn (AUS) 9th Sep,R7 1350m Hcap,09-09-2018 07:48,11821193,5. Meteor Strike,0,4.143774754,4.18880160652798365544410021078363706373,3.24491207481638885745460540194669024936,4.4,4,1,1001,14315.58,7904.78,861.74
147770305,AUS / Devn (AUS) 9th Sep,R7 1350m Hcap,09-09-2018 07:48,12502127,3. Its A Battle,0,4.8,4.36617512915107916953199609370396868452,3.84482970616794022037404483471946637396,4.9,3.95,25,3.1,7579.84,5628.98,303.42
147770297,AUS / Devn (AUS) 9th Sep,R3 1350m Hcap,09-09-2018 05:15,10561083,1. Box Of Frogs,0,9.4,8.85902916699428836924253089683202850585,7.33279556763026954424738239873011996703,10,4.3,960,6,3931.08,2474.5,443.44
147770759,AUS / SCst (AUS) 9th Sep,R1 1000m Mdn,09-09-2018 03:30,4119454,3. Blue On Black,0,138.11812742517623,122.222815686041530314359649566292286756,87.6686190447436748988587645673570436568,180,80,1,1001,331.22,183,1.62
147770759,AUS / SCst (AUS) 9th Sep,R1 1000m Mdn,09-09-2018 03:30,20501943,2. Axlrows,0,3.2,3.23678893943531645011938207409354554151,3.65719790625493187437529591246251775475,3.3,2.7,940,3.4,9124.32,6989.6,470.12
147770759,AUS / SCst (AUS) 9th Sep,R1 1000m Mdn,09-09-2018 03:30,20501948,10. Piano Man,0,911.002010422,755.889326345962075750147907920412104166,282.36680053547523427041499330655957162,950,650,1,1001,44.82,15.78,.14
147770765,AUS / SCst (AUS) 9th Sep,R4 1000m Mdn,09-09-2018 05:30,20501959,1. Alto Harmony,0,50,38.1531511068783399642816593629465845686,30.7552782883264998350534897968801545784,50,19,1,1001,848.76,591.82,4.66
147770765,AUS / SCst (AUS) 9th Sep,R4 1000m Mdn,09-09-2018 05:30,20501963,8. Godfathers Girl,0,2.2,2.18441417376731750788520839922392654657,2.08201803313018382509295691547232664417,2.6,2.08,1.99,1.99,37151.62,30542.7,1977.9
147770771,AUS / SCst (AUS) 9th Sep,R7 1200m Hcap,09-09-2018 07:25,20501988,12. Rothabye,0,44,39.6191897031000206574338233428504977883,27.4830798759781485309316403366307397018,55,27,1,1001,1354.6,868.82,18.92
147770761,AUS / SCst (AUS) 9th Sep,R2 1000m Hcap,09-09-2018 04:10,8815099,2. I Am The General,0,4.343497625168238,4.27515922745993283027526405034143098158,4.19246346587336880683299342155705150813,4.6,3.95,100,4.4,6521.3,5011.52,528.3
147770767,AUS / SCst (AUS) 9th Sep,R5 1400m Mdn,09-09-2018 06:10,20501978,6. El Arish,0,130,177.051411719078258315162973995854061172,131.763812450861267957972982631691801873,330,100,1,1001,559.64,409.7,7.96
147770773,AUS / SCst (AUS) 9th Sep,R8 1400m CL3,09-09-2018 08:00,10896562,11. Miss Polly Beat,0,70,61.3232554843649855209803004951845889926,64.6898958921798079251069324509724800258,120,65,960,75,495.64,439.66,55.98
147770773,AUS / SCst (AUS) 9th Sep,R8 1400m CL3,09-09-2018 08:00,19569391,1. Clairvue Diamond,0,45.93412534028175,24.2528241121448427826949282114111157312,25.7327365121580547112462006079027355623,48,26,960,90,842.24,729.82,112.42
147771345,AUS / Musw (AUS) 9th Sep,R4 1450m CL3,09-09-2018 06:00,11689231,8. Gronky,0,10.886501501845197,9.8251994505078798052992018139914671329,7.81518545369699090856061931785038707366,12,9.2,1,1001,2400.06,1675.1,35.84
147771351,AUS / Musw (AUS) 9th Sep,R7 1280m CL1,09-09-2018 07:52,11381578,4. Nathan Road,0,65,45.3488184274208943456124227110816146499,43.2387525125090877988282085275627592696,80,36,1,1001,935.32,853.96,81.36
147771351,AUS / Musw (AUS) 9th Sep,R7 1280m CL1,09-09-2018 07:52,13036569,11. Meliboea,0,12.588647193,10.9123799092260484921632967777512848171,11.0909861857869598546210874471312859494,21,9.8,1,1001,3730.94,3678,52.94
147771341,AUS / Musw (AUS) 9th Sep,R2 900m Mdn,09-09-2018 04:40,20501465,7. In Good Health,1,8.224948485647328,5.06873472002637188671827169891910456769,3.76407706518007487452794716277853160915,8.4,6.6,1,1001,6116.9,4093.28,2023.62
147771341,AUS / Musw (AUS) 9th Sep,R2 900m Mdn,09-09-2018 04:40,20501466,10. Lucky Siren,0,3.265514382161528,2.62174628285570751498519663289980986952,2.7124750207361451386325171522680308573,3.4,2.96,3.7,3,16685.84,15535.76,1150.08
147771343,AUS / Musw (AUS) 9th Sep,R3 1000m CL2,09-09-2018 05:20,14311038,2. Bed Talk,0,4.7,4.60243560093769198018202664045582508105,4.34577584025845123873654710701983146177,5.1,4.2,20,20,11304.26,9408.08,212.72
147771343,AUS / Musw (AUS) 9th Sep,R3 1000m CL2,09-09-2018 05:20,16038057,13. Snasybird,0,405.0896436388046,189.218531655172875214572267765245648703,159.071146245059288537549407114624505929,390,90,1,1001,192.28,116.88,6.1
147771347,AUS / Musw (AUS) 9th Sep,R5 1280m Hcap,09-09-2018 06:37,13941785,3. Princess Pattern,0,12.5,11.9268897043851556172145684508282439863,9.99492278952906915088875655656798844902,13.5,9.6,1,1001,7355.22,5893.58,21.36
147771347,AUS / Musw (AUS) 9th Sep,R5 1280m Hcap,09-09-2018 06:37,12455567,11. Tibidabo,0,13,13.9398027134897855084157411862079005152,12.0844577059458348322113161005190400329,17,11.5,9,9,3113.44,2287.54,145.12
147771347,AUS / Musw (AUS) 9th Sep,R5 1280m Hcap,09-09-2018 06:37,10716322,1. Annandale Lass,0,19.5,16.7436485931253737884822028334322626988,14.3904157029204686983707393945555753247,20,13.5,1000,1000,3147.44,2286.54,45.2
147771349,AUS / Musw (AUS) 9th Sep,R6 1750m Hcap,09-09-2018 07:12,8793294,14. Laugharne,0,32.12290777944378,37.9440944044730913541860245484448309336,27.3160490797546012269938650306748466258,75,27,1,1001,815,536.14,6.8
147771447,AUS / Shep (AUS) 9th Sep,R7 2190m Pace M,09-09-2018 11:40,10982089,1. Playing Arkabella,1,2.490557598621308,2.74286512575403323173625902722614829388,1.9386960005763477500319139927375127814,2.98,2.5,2.34,1.01,15823.78,6509.96,6711.26
147771439,AUS / Shep (AUS) 9th Sep,R3 1690m Pace M,09-09-2018 09:33,5555272,7. Royal Hustler,1,6.220423677838407,3.82681337620035027476793445081176107342,2.07804125021848632672842546835523493239,3.55,3.55,1.01,1.01,3775.98,958.26,2817.72
147771439,AUS / Shep (AUS) 9th Sep,R3 1690m Pace M,09-09-2018 09:33,11004113,6. Jilliby Dreamtime,0,3.4,3.35470981227798571708698752017056598801,3.755278190391689678892223030834720713,4.4,3.25,3.2,3.2,4012.36,3636.54,375.82
147771445,AUS / Shep (AUS) 9th Sep,R6 1690m Pace M,09-09-2018 11:13,8700589,5. Safina,0,19.334642278,19.4641960365408554157775024108631452331,16.9055747825273594612290711813675053784,23,18,1,1001,641.46,448.36,10.16
147771445,AUS / Shep (AUS) 9th Sep,R6 1690m Pace M,09-09-2018 11:13,20486367,1. Fast Is Bettor,0,6.2,6.06177135341674992762247741987384286898,5.40120814833165005621510375974236332107,1,1001,1,1001,1049.54,674.94,142.42
147771437,AUS / Shep (AUS) 9th Sep,R2 2190m Pace M,09-09-2018 09:03,8823309,1. Nelbell,0,575.6274745552055,154.460206624875449813013515161983424598,231.016718266253869969040247678018575851,160,160,970,820,32.3,9.46,1.1
147771451,AUS / Shep (AUS) 9th Sep,R9 2190m Trot S,09-09-2018 12:32,8655816,4. Bad Boy Leroy,0,151.44126636320675,81.4867361147148932744290760312084571485,1,75,65,970,970,0,65.98,14.58
147772494,AUS / Sale (AUS) 9th Sep,R4 1400m Mdn,09-09-2018 04:45,20501890,10. Firstclass Dreamer,0,1.65,1.68598106960054546275573551334555051931,1.66947639447386716770790058410880980607,1.99,1.62,930,1.2,65761.72,52625.46,5390.98
147772494,AUS / Sale (AUS) 9th Sep,R4 1400m Mdn,09-09-2018 04:45,3118007,3. Mr Ziggy,0,75,80.1553981285351572679946460320563075027,46.245023773067934563623176726569425417,100,65,960,70,496.36,239.94,19.64
147772500,AUS / Sale (AUS) 9th Sep,R7 1717m Hcap,09-09-2018 06:40,16250090,7. Hunboshi,1,13,10.3394393791559904103410449897099762921,4.40163308486316102761130426547978192346,13,7,14,1.01,7391.9,2098.7,4221.04
147772500,AUS / Sale (AUS) 9th Sep,R7 1717m Hcap,09-09-2018 06:40,10289240,12. Mr Charisma,0,22.49194763927488,19.1246453860006547435019483039811637968,17.9616396282879193573791148212316900299,50,11,960,15,3809.4,2919.72,454.68
147772502,AUS / Sale (AUS) 9th Sep,R8 2200m Hcap,09-09-2018 07:15,13127001,12. Zoffany Rose,0,12.875757207618882,18.2440879054540609714293004081254717987,12.0537520002435814593912493360713693676,24,14,960,7.6,5911.78,3172.34,202.8
147772502,AUS / Sale (AUS) 9th Sep,R8 2200m Hcap,09-09-2018 07:15,4106310,13. Dont Shoot,0,130.71320860467853,114.908561771668751869278939386145627241,81.9687223108275739854687223108275739855,190,55,960,140,677.16,454.52,6.64
147772504,AUS / Sale (AUS) 9th Sep,R9 1200m Hcap,09-09-2018 07:55,20501905,6. I Am Vinnie,0,27.405302358417252,22.3512374574766805863087429021421552869,18.3269844106568419894971268318165571472,30,8,40,40,2909.68,2209.7,28.78
147772488,AUS / Sale (AUS) 9th Sep,R1 1200m 3yo,09-09-2018 02:45,20501867,11. Just Remember This,0,14.251021040584527,16.6822777707073111288928562568357191554,11.8890187285676602479556845159588499077,26,14.5,10.5,10.5,2274.6,1274.88,218.1
147772488,AUS / Sale (AUS) 9th Sep,R1 1200m 3yo,09-09-2018 02:45,20501863,5. Celestial Shower,0,5.038027359738187,5.2073633255942016656774440146626756662,4.86515585384870388787338344806384164782,6.2,4.7,1000,1000,10799.22,8760.4,799.1
147772488,AUS / Sale (AUS) 9th Sep,R1 1200m 3yo,09-09-2018 02:45,20501861,3. Beamstar,0,303.94324383221567,191.594937191362284323274224733603836999,155.47354747283892300425129900803023146,280,80,1,1001,84.68,38.04,.48
147772490,AUS / Sale (AUS) 9th Sep,R2 1000m Mdn,09-09-2018 03:25,12817640,3. Moonlights Reward,0,40,36.2750016428797247843812125007796432022,29.6839560105192236639064571515507161331,44,26,1000,11,920.22,608.9,157.26
147772496,AUS / Sale (AUS) 9th Sep,R5 1400m Hcap,09-09-2018 05:25,2232436,11. Celestial Sky,0,291.7097033213824,120.96406423673254477308314576503359769,138.249806551457312354913592984266185195,300,36,970,430,310.16,298.9,11.26
147772496,AUS / Sale (AUS) 9th Sep,R5 1400m Hcap,09-09-2018 05:25,20501896,6. Radiant Rouge,0,2.74,2.62994404563288273239093463386037109403,2.71875019034988789047982174498774467618,3.5,2.62,34,2.88,34278.98,33469.72,809.26
147772496,AUS / Sale (AUS) 9th Sep,R5 1400m Hcap,09-09-2018 05:25,4277512,10. Thumbtacks,0,16.217350128216204,15.4015942260911177438690448807587943867,15.6921571254516603095783387274379189503,28,15.5,17.5,17.5,4776.82,4707.58,69.24
147772492,AUS / Sale (AUS) 9th Sep,R3 1400m Mdn,09-09-2018 04:05,20501889,14. Queen Of Ascot,0,34,28.5789756241484592065993570858066947669,20.4997589564882026418368892990454676933,36,24,1,1001,1452.02,873.6,4.76
147772492,AUS / Sale (AUS) 9th Sep,R3 1400m Mdn,09-09-2018 04:05,16312042,3. Kalleske,0,6,5.93987587866993167225807142268215039802,5.45707247135900998273328924181828673393,6.2,5.5,5.8,5.8,13517.34,11237.2,546.98
147772492,AUS / Sale (AUS) 9th Sep,R3 1400m Mdn,09-09-2018 04:05,18389934,2. Just Rhinestone,0,79.43425736,83.8295564943284539597500523358721643678,47.4901687277019233348534027200300437244,130,44,1,1001,745.58,376.3,1.74
147774122,AUS / Dubb (AUS) 9th Sep,R7 1720m Pace M,09-09-2018 07:24,11246867,1. Glenferrie Crest,1,3.723598439,3.08128503480430961320477773761530658815,2.18866486345082205912112970814556690243,3.65,3.3,1.01,1.01,4052.02,2226.96,1825.06
147774122,AUS / Dubb (AUS) 9th Sep,R7 1720m Pace M,09-09-2018 07:24,10410265,9. Dot Ayou,0,70,64.2347566896415602333020995242473265424,66.0383711824588880187940485512920908379,100,90,1,1001,76.62,76.24,.38
147774114,AUS / Dubb (AUS) 9th Sep,R3 1720m Pace M,09-09-2018 05:24,15919881,9. Headline Hunter,0,48.49869407,38.3379634209946559088670899815735033359,29.7339986235375086028905712319339298004,36,36,1,1001,116.24,84.5,3.68
147774114,AUS / Dubb (AUS) 9th Sep,R3 1720m Pace M,09-09-2018 05:24,20047690,8. Remember Bubbles,1,15.460710379118101,15.2600230488494685243221650684254742112,12.1301569772028082353869211958665299361,14,14,1,1001,253.54,119.1,18.42
147774114,AUS / Dubb (AUS) 9th Sep,R3 1720m Pace M,09-09-2018 05:24,12456420,3. Jimmy Wirrawee,0,97.63051172386852,116.168558749422215744773878247493254086,24.77249575551782682512733446519524618,1,1001,1,1001,35.34,3.76,3.54
147774116,AUS / Dubb (AUS) 9th Sep,R4 1720m Pace M,09-09-2018 05:54,20503602,7. Our Pocketrocket,0,586.5170361251382,206.864442048168638318681317573558045178,125.973493975903614457831325301204819277,230,150,1,1001,41.5,19.84,.5
147774110,AUS / Dubb (AUS) 9th Sep,R1 1720m Pace M,09-09-2018 04:28,20191837,2. Neville Shannon,0,102.15045183442534,65.7483387193664585441309710632461753287,106.351460221550855991943605236656596173,1,1001,960,960,19.86,8.28,1.68
147751492,AUS / Cast (AUS) 9th Sep,R8 1200m Hcap,09-09-2018 07:30,378215,7. Divine Jewel,0,3.5,3.10578660979775857235382510240198614799,3.23366308047009760501120995460921971087,4.8,3.4,5.9,2.62,18876.08,17186.9,1689.18
147751494,AUS / Cast (AUS) 9th Sep,R9 1400m Hcap,09-09-2018 08:05,11781824,15. Squadron Leader,0,100,111.275144446248135688961790320085201913,48.9147883124627310673822301729278473465,120,65,100,100,335.4,132.9,8.34
147751494,AUS / Cast (AUS) 9th Sep,R9 1400m Hcap,09-09-2018 08:05,20502346,10. Pique,0,5.108909112,4.11506529920742872161555027824386968207,4.67767673096610061340161853688039084586,5.4,3.55,960,6.4,21626.94,19004.12,321.88
147751490,AUS / Cast (AUS) 9th Sep,R7 1800m Hcap,09-09-2018 06:47,7599517,3. Hollow Log,0,12,12.6925185369992891188091954119219159795,9.71453611700346098023891928100926649548,20,11.5,11,11,2687.1,1566.16,184.9
147751490,AUS / Cast (AUS) 9th Sep,R7 1800m Hcap,09-09-2018 06:47,9275668,7. The Mexican,0,25,24.2118507536138697577701137650533761105,14.6084189676812048948854722309381863822,32,22,22,13,1019.84,408.12,200.26
147751482,AUS / Cast (AUS) 9th Sep,R3 1200m Mdn,09-09-2018 04:15,20502322,7. Kaphark,0,61.14263250589079,98.3717734763676629112937196671482630871,39.0650108447379028388260811148006679591,180,55,1,1001,1041.98,318.28,29.92
147751484,AUS / Cast (AUS) 9th Sep,R4 3800m Stpl,09-09-2018 04:55,18130065,5. Ebazan,0,12.537346036249073,12.5819298114160875389473437068415625857,10.3039292037754436412529786865822649999,13.5,11.5,11.5,11,3004.68,1931.98,258.78
147751486,AUS / Cast (AUS) 9th Sep,R5 1400m Mdn,09-09-2018 05:35,20502329,4. Mista Legend,0,8.290890310392715,8.65527735096680944299715034130388392603,7.82617876685155659353409235513836802826,9.6,8,1,1001,5343.72,4334.76,146.46
147751486,AUS / Cast (AUS) 9th Sep,R5 1400m Mdn,09-09-2018 05:35,20502333,13. Thats Our Girl,0,41.89174046477304,32.2677633457549217282535444903443058205,22.0978047396674376991227687339065159516,40,30,30,30,458.26,194.16,52
147761207,AUS / Nara (AUS) 9th Sep,R3 1000m Hcap,09-09-2018 05:05,13334568,5. Phar Link,0,6.379444307,6.62914865850589851317962810060195659921,4.78500105152471083070452155625657202944,7.6,3.4,4.5,4.5,4564.8,2623.4,394.36
147761207,AUS / Nara (AUS) 9th Sep,R3 1000m Hcap,09-09-2018 05:05,6111384,7. Akerboy,0,5.8,5.85819700097676187037900736207207913306,4.5257498639768162471493013617753630179,6,4.9,1000,1000,5182.94,3144.42,93.22
147761203,AUS / Nara (AUS) 9th Sep,R1 1800m Mdn,09-09-2018 03:45,20502232,7. Poetic Diva,0,1.93,1.75260858801010672370070568960822946307,1.72067653058415537327326669374496846389,1.99,1.6,2.02,2.02,35600.46,28829.16,1290.9
147761209,AUS / Nara (AUS) 9th Sep,R4 1000m Mdn,09-09-2018 05:45,20076161,1. Bear Pass,0,25.493030760679247,29.9476578563504731332005552291362987309,15.0670825728491409150984958147145824155,38,28,1,1001,1271.12,470.08,14.52
147761211,AUS / Nara (AUS) 9th Sep,R5 2000m Hcap,09-09-2018 06:25,213306,2. Last Stand,0,3.2,2.73530548682469242784016367096365782794,2.84081304919453255864330585886142871543,3.3,2.72,1,1001,18650.04,17913.36,736.68
147761217,AUS / Nara (AUS) 9th Sep,R8 1430m Hcap,09-09-2018 08:20,18758060,1. Delightful Scoop,0,8.719723984603224,8.6086153726504940190621242422991093877,8.13646502918157123261881068287566230064,9.6,7,60,8.6,11897.92,10062.26,309.78
147761205,AUS / Nara (AUS) 9th Sep,R2 1430m Mdn,09-09-2018 04:25,20502234,9. Miss Bomber Belle,0,27.80569981213688,15.5935275370428264117516647518265213708,16.6624938366295951350462937599298745412,40,23,38,38,1460.24,1439.22,21.02
147763546,AUS / Gund (AUS) 9th Sep,R2 1400m Mdn,09-09-2018 04:20,15831805,1. Dante Pierro,0,11.5,14.1193276269749846864253335570947287751,12.5885937876879371800712888269503926246,19.5,11.5,9.2,9.2,5223.82,4408.66,86.52
147763546,AUS / Gund (AUS) 9th Sep,R2 1400m Mdn,09-09-2018 04:20,20501277,8. Aurora Run,0,5.933648900512198,5.69431451181466833724490276411644865656,5.35424237829483147386389759793395908026,7.6,5.2,5.5,5,8177.96,6878.56,410.06
147763548,AUS / Gund (AUS) 9th Sep,R3 1000m Mdn,09-09-2018 05:00,18545156,2. Direct Default,0,4.9,5.74345110449651572075959687777130306945,4.70433204700929661462901245395544641291,6.8,5,1,1001,5701,3897.62,162.04
147763548,AUS / Gund (AUS) 9th Sep,R3 1000m Mdn,09-09-2018 05:00,13904192,10. Tiffoni,0,8.95277093419805,8.67451662872861155189085168938609184238,7.28631643822108273345823883246228182625,10,8,1,1001,4056.4,2976.34,117.06
147763550,AUS / Gund (AUS) 9th Sep,R4 1180m Mdn,09-09-2018 05:40,20501291,6. Whos Shout,0,5.105817618678558,3.96030549779486062453884443874144372252,4.16437160792519453344667494932321977375,4.9,3.9,1,1001,8564.08,8283.14,280.94
147763550,AUS / Gund (AUS) 9th Sep,R4 1180m Mdn,09-09-2018 05:40,19945081,11. Euroflyer,0,42.625609482579165,41.0059726565551437371043345384626571643,42.3793377979674987121247599868870884653,100,42,960,960,854.12,832.42,21.7
147763556,AUS / Gund (AUS) 9th Sep,R7 1400m CL2,09-09-2018 07:35,20501308,6. Black Roe,0,14.319271374498495,13.0834192201767431868261968857838534255,12.5292360176755431404823210419555106306,15.5,9.2,1,1001,5856.68,5369.06,66.14
147763556,AUS / Gund (AUS) 9th Sep,R7 1400m CL2,09-09-2018 07:35,20501310,13. The Middle Man,0,27.798914411,27.6637422593580417806230335758665862816,23.9067958824863883847549909255898366606,34,25,1,1001,1410.56,1098.36,13.84
147763554,AUS / Gund (AUS) 9th Sep,R6 1800m Hcap,09-09-2018 06:55,20501306,13. Rock Prodigy,0,42.111253953495556,41.9736391383530511062627195140466607784,43.6391428312816799420709630702389572773,120,44,1,1001,883.84,864.62,19.22
147763554,AUS / Gund (AUS) 9th Sep,R6 1800m Hcap,09-09-2018 06:55,13178669,7. Hello China,1,42,22.6371062510268964880611942485269481533,6.15718899868783167086637946050141087126,46,26,1.01,1.01,3444.68,760.86,2683.82
147763554,AUS / Gund (AUS) 9th Sep,R6 1800m Hcap,09-09-2018 06:55,19376236,6. Red Heat,0,9.56334320045222,6.56098408547582048999728703005040781031,7.0410730405431924329840260606774206209,11,7.8,6.6,4,3057.48,2737,320.48
147763544,AUS / Gund (AUS) 9th Sep,R1 1400m Mdn,09-09-2018 03:40,18545160,9. Average Out,0,14.781174344166356,20.1099594383441308178448786949546747836,11.7325458273196919217125052268098250536,48,16,1,1001,2965.48,1339.8,30.52
147763544,AUS / Gund (AUS) 9th Sep,R1 1400m Mdn,09-09-2018 03:40,19858298,3. Gorush Lightning,0,2.9997772221010157,2.88756914537840344335683909566259956241,2.75643522007705690518619737555732427997,3,2.52,1,1001,11357.84,9056.7,422.8
147764865,AUS / Kalg (AUS) 9th Sep,R7 1300m CL2,09-09-2018 10:05,20484792,12. Smartravella,0,27.39060333810281,20.1395807450166833537805416816663439996,18.6474022306256282609736250059834378441,30,8.4,1,1001,2089.1,1726.02,36.88
147764859,AUS / Kalg (AUS) 9th Sep,R4 1200m Hcap,09-09-2018 08:25,8575810,1. Bells Tower,0,75,68.0942960225770471158445500225167169507,40.7341772151898734177215189873417721519,95,48,960,70,605.14,313.74,43.28
147764853,AUS / Kalg (AUS) 9th Sep,R1 1100m CL2,09-09-2018 06:29,4764610,5. Splash,0,46,46.7944689377249020006066727267977680008,26.9020050540618915448030158664402005054,60,36,1,1001,482.78,206.18,74.32
147764853,AUS / Kalg (AUS) 9th Sep,R1 1100m CL2,09-09-2018 06:29,9093076,6. Dance Mindy Dance,0,65,73.5722348316060981885889395052273751122,40.1096713865882981565589099652685012022,120,60,1,1001,449.16,200.22,79.54
147764863,AUS / Kalg (AUS) 9th Sep,R6 1760m Qlty,09-09-2018 09:30,10442811,1. Pushin Shapes,1,7.4,6.41961501945797997472056119391307687918,3.84550477561363261511702877363441440631,7.2,5.9,5.9,1.01,9337.02,4346.3,3571.1
147764863,AUS / Kalg (AUS) 9th Sep,R6 1760m Qlty,09-09-2018 09:30,10944665,7. First Affair,0,46,42.0885996519827881030840410933775979398,34.7574755997977991212038729245246335109,65,27,960,960,1028.68,783.6,11.78
147764863,AUS / Kalg (AUS) 9th Sep,R6 1760m Qlty,09-09-2018 09:30,16992542,9. Major Mambo,0,58.84700345533435,57.6075168874807108632245981903788898835,32.1023656450908183009799637975157605643,100,42,960,960,640.84,296.62,11.32
147764855,AUS / Kalg (AUS) 9th Sep,R2 1400m Mdn,09-09-2018 07:04,14446547,3. Let Me Pass,0,4.2,3.85575984202692968928727535709598241339,2.97354085724100352988557485015754187297,4.9,4.2,3.15,1.19,13507.52,6705.44,6802.08
147770299,AUS / Devn (AUS) 9th Sep,R4 1000m Hcap,09-09-2018 05:55,16480702,4. Invincible Rock,0,2.41370144,2.14075407214960388884756933428680281354,2.55156738750833345721548748008832607003,2.6,2.26,1000,2.42,17489.74,16521.26,968.48
147770301,AUS / Devn (AUS) 9th Sep,R5 1000m CL3,09-09-2018 06:33,20482891,3. Gee Gees Queenie,1,4.428318801729182,4.5732503088421076297317597218795862387,2.87959723826623305596832756638218745748,5,4.2,1.9,1.01,14993.48,7349.02,5103.16
147770303,AUS / Devn (AUS) 9th Sep,R6 1150m CL1,09-09-2018 07:08,16385328,8. Pontypaul,0,9.2,9.2993758041817820919526318299206152912,7.12407584674926145601941969908626651705,10.5,8.8,960,960,4366.7,2813.3,40.38
147770295,AUS / Devn (AUS) 9th Sep,R2 1350m Mdn,09-09-2018 04:35,13536008,1. Gee Gees Roughie,0,45.43233776027627,49.9866528284226290381124784594807953546,32.2963990441398632131183563600406515231,60,34,60,60,728.14,410.36,15.7
147770295,AUS / Devn (AUS) 9th Sep,R2 1350m Mdn,09-09-2018 04:35,16807867,4. Fontein Ali,0,3.784537822,3.56944121972190059412128482511231163203,3.41686294347956469707882928961993671684,3.85,3.2,1,1001,14272.36,12220,393
147770295,AUS / Devn (AUS) 9th Sep,R2 1350m Mdn,09-09-2018 04:35,20046379,9. Buzzered,0,20.578701046875494,24.8724125629983889748225847287918340017,16.7360347942704937880678749045392739397,28,22,1,1001,1073.74,569.18,33.32
147770759,AUS / SCst (AUS) 9th Sep,R1 1000m Mdn,09-09-2018 03:30,20501950,12. Surface To Surface,0,23.139372462181015,28.5845740675622229294171141431695515241,22.6730614151163695804467969175683038842,85,22,1,1001,1284.7,899.34,35.6
147770763,AUS / SCst (AUS) 9th Sep,R3 1000m Mdn,09-09-2018 04:50,20273271,1. Aavaara,0,119.36558774636478,133.498056806968487935935534529849124634,55.249188978762057182404083221592629439,180,95,970,430,462.38,151.22,2.08
147770767,AUS / SCst (AUS) 9th Sep,R5 1400m Mdn,09-09-2018 06:10,19753297,2. Nine Cigars,0,8.473428094494517,9.55875330529314982128216616188391583171,7.19061788531794355906178853179435590618,11,8.6,1000,1000,5288.36,3340.98,113.9
147770769,AUS / SCst (AUS) 9th Sep,R6 1800m CL3,09-09-2018 06:44,11301595,6. General Assault,0,21.164205192411323,10.4086955158159154820674967187872376859,12.1266662755221778925134944848627082844,21,14.5,960,12,1704.4,1583.3,121.1
147770773,AUS / SCst (AUS) 9th Sep,R8 1400m CL3,09-09-2018 08:00,11029182,3. Hearts Honour,0,100,71.7012160433207291846907778307016037634,75.3928220944903967475115659610262161783,130,65,1,1001,285.32,281.44,3.88
147770773,AUS / SCst (AUS) 9th Sep,R8 1400m CL3,09-09-2018 08:00,11320487,12. Sinister Princess,0,48.926790250266194,37.268950223738843381269394967502900461,39.7763493955389068619104375957772858846,80,32,1,1001,587.3,571.34,15.96
147770773,AUS / SCst (AUS) 9th Sep,R8 1400m CL3,09-09-2018 08:00,18953453,7. Miss Miao,1,4.8,4.55598912577660719747221004286509333124,3.49286792546263970803064291692045617736,7,4.3,27,1.01,20193.9,13030.96,7162.94
147771345,AUS / Musw (AUS) 9th Sep,R4 1450m CL3,09-09-2018 06:00,11948325,1. Aberration,0,7.005527768669533,6.70477758413406778287337298713693912492,5.06885085552116530891523773661153001901,7.4,6.4,6.6,6,4355.24,2703.44,208.92
147771339,AUS / Musw (AUS) 9th Sep,R1 1450m Mdn,09-09-2018 04:00,19647910,1. Bonnie Prince,0,328.927825863,95.3020335311658218861935917801087870653,106.960884142555569353036135601639140693,960,500,1,1001,161.06,153.02,.02
147771339,AUS / Musw (AUS) 9th Sep,R1 1450m Mdn,09-09-2018 04:00,13326267,11. Fleur De Force,0,38,36.5308922335845558940771927223357775204,37.2704226796196139748289031861174480301,75,38,30,30,780.26,723.12,57.14
147771347,AUS / Musw (AUS) 9th Sep,R5 1280m Hcap,09-09-2018 06:37,20501478,10. Lips N Lashes,0,3.622661938506572,4.24533015281349161101678557378741269667,3.71840430236245795682450631373477400537,5,4,3.5,3.35,17910.16,12977.96,766.44
147771349,AUS / Musw (AUS) 9th Sep,R6 1750m Hcap,09-09-2018 07:12,20501479,6. Dynamic Dynasty,0,14.06350273,13.3485279545845623167603037741373903691,9.18624787328161154212603783857356744249,16,12.5,12.5,12.5,2351.04,1218.16,444.76
147771349,AUS / Musw (AUS) 9th Sep,R6 1750m Hcap,09-09-2018 07:12,7107463,1. Phrases,0,240,197.738953702879204127270823739335107227,82.0160383386581469648562300319488817891,270,85,22,11,313,120.14,80.96
147771449,AUS / Shep (AUS) 9th Sep,R8 1690m Pace M,09-09-2018 12:04,16563199,3. Major Maguire,0,23.058688443406133,26.4457418927287795068907299844143549628,36.9340296711365571128795845467947242479,28,20,1,1001,28.82,207.8,42.82
147771435,AUS / Shep (AUS) 9th Sep,R1 1690m Pace M,09-09-2018 08:34,17118834,2. Zuberi,0,12.5,11.0186984052896081556510986201351754087,8.56671142544444546633434807000763351758,12,10.5,8,5,2174.62,1165.22,823
147771441,AUS / Shep (AUS) 9th Sep,R4 2190m Pace M,09-09-2018 10:08,20486363,6. Are Doubleyou,0,3.3,3.32451852200831707304059864582081691926,3.24711608117621851054494995357569202828,3.4,3.25,1,1001,3920.36,2977.44,246.84
147771443,AUS / Shep (AUS) 9th Sep,R5 2190m Pace M,09-09-2018 10:42,13688534,8. Rockin In Memphis,1,2.4715790845921046,2.27566244421382694977913983213005203246,2.09261023980981396851774915754973918663,2.44,1.88,6,1.01,13864.32,9331.22,3423.88
147771443,AUS / Shep (AUS) 9th Sep,R5 2190m Pace M,09-09-2018 10:42,4590869,3. Hidden Energy,0,42,31.4922754244796027667752789532737210002,20.9119904076738609112709832134292565947,44,27,1,1001,250.2,139.04,8.74
147771445,AUS / Shep (AUS) 9th Sep,R6 1690m Pace M,09-09-2018 11:13,12910114,2. Rawhide Cowgirl,0,22,24.0268037682058604969598336695755689808,24.2845180498697432080387048753256419799,1,1001,960,960,161.22,61.06,22.42
147772500,AUS / Sale (AUS) 9th Sep,R7 1717m Hcap,09-09-2018 06:40,20501901,11. Mapping,0,249.187701491,179.589540227205252587165589269491261964,121.300137863920201119130646338496472306,260,40,1,1001,246.62,161.36,1.22
147772502,AUS / Sale (AUS) 9th Sep,R8 2200m Hcap,09-09-2018 07:15,20501903,6. Chilean Wonder,1,29.262714928876086,27.5546181089314909543421969169716302895,7.69589161354102834082114236768245821329,42,21,6,1.01,5907.38,1379.3,3827.7
147772502,AUS / Sale (AUS) 9th Sep,R8 2200m Hcap,09-09-2018 07:15,10779873,8. Jims Special,0,23.680690086348914,25.35882699475276747474360306706570049,22.2230720780725124522182323641839453261,50,19,960,960,2762.56,2231.38,68.32
147772504,AUS / Sale (AUS) 9th Sep,R9 1200m Hcap,09-09-2018 07:55,16654159,10. Miss Skeptical,0,19.5,20.6389014596266926618665460799865753599,17.1368600708665581534736953443139282755,36,18.5,1,1001,3403.58,2683.9,355.14
147772488,AUS / Sale (AUS) 9th Sep,R1 1200m 3yo,09-09-2018 02:45,20501862,4. Blonde Disposition,0,10.655445119198339,10.9001258366682128374066592484273055581,8.87202440377149195784803105934553521908,13,8.4,9,7.2,3425.7,2250.76,217.46
147772488,AUS / Sale (AUS) 9th Sep,R1 1200m 3yo,09-09-2018 02:45,1556176,13. No Shame,0,10.5,9.12286284409431998687651699433311206037,8.34252514826328872710393393961973749305,12.5,8,960,9,3274.58,2422.32,166.58
147772490,AUS / Sale (AUS) 9th Sep,R2 1000m Mdn,09-09-2018 03:25,20501877,10. Master Rock,0,1.723265844766702,1.72778098411196967788649812140829748124,1.67115469825703761330401445402075664609,1.8,1.65,1,1001,62830.96,53655.32,1022.3
147772496,AUS / Sale (AUS) 9th Sep,R5 1400m Hcap,09-09-2018 05:25,771797,8. Cop This,0,27.81964933264069,16.7286173082814959749732451073357798821,17.7239536561308463497578282568050995922,29,22,1,1001,1358.54,1354.04,4.5
147772496,AUS / Sale (AUS) 9th Sep,R5 1400m Hcap,09-09-2018 05:25,12231842,13. Tupelo Boy,0,190,98.0300649536436833765181080128413335494,99.6817564508827523766410140334993209597,220,55,1,1001,265.08,264.56,.52
147772498,AUS / Sale (AUS) 9th Sep,R6 1400m Hcap,09-09-2018 06:05,10663348,5. Curvano,0,12,13.3771773542860195954952645804554379839,9.83812144055905576801386634385231243294,15,12,960,7,3634.7,2056.44,694.32
147774122,AUS / Dubb (AUS) 9th Sep,R7 1720m Pace M,09-09-2018 07:24,4097600,4. Lucky Lyla,0,2.26,2.13298388117812369974043758203634143174,2.45453303672051951293826562264829722953,2.42,1.98,190,190,5448.18,5346.74,101.44
147774122,AUS / Dubb (AUS) 9th Sep,R7 1720m Pace M,09-09-2018 07:24,11301774,5. Lorenzo Shannon,0,60,27.0568108710981505985340761280281385464,34.9449125081011017498379779650032404407,1,1001,1,1001,30.86,29.9,.96
147774122,AUS / Dubb (AUS) 9th Sep,R7 1720m Pace M,09-09-2018 07:24,11427284,6. Punters Delight,0,122.0596272787219,80.5962905842466700232101579988797278937,81.034002846749960461806104697137434762,130,65,1,1001,126.46,126.38,.08
147774120,AUS / Dubb (AUS) 9th Sep,R6 2120m Pace M,09-09-2018 06:55,10442104,7. Cyclone Charlie,0,1.918038922363885,1.86915782864282477246427122537863333914,2.25067343914669483095735067500973079278,1.99,1.83,960,1.84,8786.54,7467.56,400.56
147774112,AUS / Dubb (AUS) 9th Sep,R2 1720m Pace M,09-09-2018 04:54,20503599,2. Joanandi,0,10,8.10702019778883307132239039349150148209,8.88926240308889774154996475959917874544,12,8,30,30,652.66,567.98,27.24
147774112,AUS / Dubb (AUS) 9th Sep,R2 1720m Pace M,09-09-2018 04:54,4284213,7. Warren,0,3.95,4.22631219139498447859096907323022611048,5.21823187519118996635056592230039767513,4.6,4.1,1000,1000,1046.08,909.38,21.52
147774112,AUS / Dubb (AUS) 9th Sep,R2 1720m Pace M,09-09-2018 04:54,17220264,6. Sporty,0,240.41060819149948,134.039043493388442660608518570582972877,57.9162621359223300970873786407766990291,430,110,1,1001,32.96,11.14,.68
147774114,AUS / Dubb (AUS) 9th Sep,R3 1720m Pace M,09-09-2018 05:24,20261497,7. The Warp Reactor,0,26.021492962,22.0338531484280388385082822579649137645,18.0332651391162029459901800327332242226,1,1001,1,1001,244.4,157.4,4.06
147751492,AUS / Cast (AUS) 9th Sep,R8 1200m Hcap,09-09-2018 07:30,10911077,3. Captain Smooth,0,19,10.7871342134812767928332895408225082508,11.6567882467512705803585014760035302353,18.5,10.5,13.5,13.5,2628.72,2490.06,138.66
147751492,AUS / Cast (AUS) 9th Sep,R8 1200m Hcap,09-09-2018 07:30,20502342,16. Blazing Harada,0,160.8748142025748,85.6640348757197508547451110495786031313,88.0504504504504504504504504504504504505,220,150,100,100,344.1,334.84,9.26
147751488,AUS / Cast (AUS) 9th Sep,R6 1000m Hcap,09-09-2018 06:15,11537846,1. Breaker Of Chains,0,6,5.40564128244125817519526301346230666204,4.39275544860221353015890651711155272853,5.9,4.8,5.1,5,7920.38,4946.76,1070.42
147751488,AUS / Cast (AUS) 9th Sep,R6 1000m Hcap,09-09-2018 06:15,11740965,12. Edraak,0,85,79.3065514577765870778118245640347563641,64.9374779497001159215765334408547956252,100,36,960,80,793.64,584.5,51.18
147751478,AUS / Cast (AUS) 9th Sep,R1 3480m Hrd,09-09-2018 02:55,12010668,2. Doc Holliday,0,12,6.03991273041811477104420877815404536516,8.07239126571593584788306899462437247323,11.5,11.5,14.5,8,900.36,643.38,256.98
147751494,AUS / Cast (AUS) 9th Sep,R9 1400m Hcap,09-09-2018 08:05,15313422,6. Tommy Standup,0,12.06174765062056,10.9104111543069294598004182278508537356,8.63870903060782103529003728431457556577,12.5,9.6,960,960,3690.56,2438.5,320.16
147751480,AUS / Cast (AUS) 9th Sep,R2 3480m Hrd,09-09-2018 03:35,5268478,8. Monte Carlo,0,119.49698844,45.6087657401496736358787913984198295672,48.2633513393105752631285849529431419502,140,50,960,960,359.14,355.96,3.18
147751480,AUS / Cast (AUS) 9th Sep,R2 3480m Hrd,09-09-2018 03:35,13672506,3. Tough Vintage,0,44,18.3673176601827975217682460946953206362,21.7963511512050626093981419146357883398,44,25,960,32,594.16,559.4,34.76
147751490,AUS / Cast (AUS) 9th Sep,R7 1800m Hcap,09-09-2018 06:47,6273188,12. Knucklemanna,0,148.9130733845895,144.839075839453796510186307856168927648,83.0882113821138211382113821138211382114,200,100,55,55,344.4,182.92,7.42
147751490,AUS / Cast (AUS) 9th Sep,R7 1800m Hcap,09-09-2018 06:47,12714458,8. Gotta Wear Shades,0,12,12.2863036259418625320342899426519008559,11.2284955062045195821304804493166537733,15,7,11.5,11.5,3179.94,2514.9,231.02
147751490,AUS / Cast (AUS) 9th Sep,R7 1800m Hcap,09-09-2018 06:47,20502337,1. Poetic Ray,0,3.95,3.86836378031562669321126420342372690005,3.72647808795121396916783455172152569978,4.3,3.5,4.2,3.9,13200.5,10638.9,913.14
147751490,AUS / Cast (AUS) 9th Sep,R7 1800m Hcap,09-09-2018 06:47,20502338,11. Dexters Command,0,170,115.629427921611386340910933709550877948,101.963735887786520697913102976394115635,190,75,970,290,350.76,248.14,27.94
147751482,AUS / Cast (AUS) 9th Sep,R3 1200m Mdn,09-09-2018 04:15,13590083,4. Sleek Acheeva,1,2.840383761,2.93204637560787763186347581380881692746,2.60420839121830538066786542163696207699,3.1,2.84,2.98,1.01,60162.42,48376.2,8361.96
147761213,AUS / Nara (AUS) 9th Sep,R6 1200m CL2,09-09-2018 07:00,11989069,9. Sweet Schilly,0,9.824758383,10.5885690143726859183799062222845891463,8.41643799809122022090782538920262852349,14.5,9.4,40,40,6580.12,4535.68,85.7
147761213,AUS / Nara (AUS) 9th Sep,R6 1200m CL2,09-09-2018 07:00,12312109,8. Party Set,1,8.4,8.05445128320188214524455148539930316538,4.52172000490245555347281300015860885614,8.8,7.6,8.4,1.01,11096.48,5084.9,3704.04
147761203,AUS / Nara (AUS) 9th Sep,R1 1800m Mdn,09-09-2018 03:45,19376562,1. Bodidley,0,6.2,7.06410650242314929308411084699743005149,5.81599551711279365748471927236174386744,8.2,6.4,4.8,3.8,4934.32,3093.32,1049.1
147761209,AUS / Nara (AUS) 9th Sep,R4 1000m Mdn,09-09-2018 05:45,20502236,3. Wokit,0,7.457951739885029,6.82318256789858406287282047407627691945,5.75179749837209528344979736230841748224,7.2,6,100,6,6173.58,4294.62,261.24
147761211,AUS / Nara (AUS) 9th Sep,R5 2000m Hcap,09-09-2018 06:25,16639584,7. Tzarevna,0,20,11.597993888672198100260597192098907314,13.8018116917149453942802102072326019519,24,20,960,15,1411.94,1217.9,194.04
147761217,AUS / Nara (AUS) 9th Sep,R8 1430m Hcap,09-09-2018 08:20,7590671,7. Red Dazzle,0,9.604393485365737,9.98046721144830425374743404701592449608,8.52276010924788432234672019958468347571,12,6.4,11,11,5499.42,4343.04,389.36
147761217,AUS / Nara (AUS) 9th Sep,R8 1430m Hcap,09-09-2018 08:20,16023545,3. Queens Palace,0,15.316791745199588,12.2406015702313789723891191219321017528,9.35489956974898189264431815567264109703,14,10,960,9.6,3477.04,2206.82,169.38
147761205,AUS / Nara (AUS) 9th Sep,R2 1430m Mdn,09-09-2018 04:25,16479489,5. Woodcroft,0,4.593536634772899,3.99734001730911364696320506987690453779,3.61259158890722217707600934173288438369,5,4.1,100,1.01,11321.24,8706.16,2615.08
147761205,AUS / Nara (AUS) 9th Sep,R2 1430m Mdn,09-09-2018 04:25,17311694,2. Bronski,1,3.320405901,2.50543056667507551328717774200268911221,2.38748951113544130345804157581684336657,3.75,2.5,100,1.01,23601.22,18947.6,4653.62
147763546,AUS / Gund (AUS) 9th Sep,R2 1400m Mdn,09-09-2018 04:20,20501275,3. Holmesy,0,29.75536117111799,34.4436048999382855983284745201452208142,22.6322576443387931876648539516102771175,42,19,11,11,1228.36,672.76,211.9
147763546,AUS / Gund (AUS) 9th Sep,R2 1400m Mdn,09-09-2018 04:20,9526386,5. Run For Raffin,1,13.5,13.1421216872443974615414837171259690409,5.00703234911343331118518233785631524324,14,13,11,1.01,3642.14,1116.26,2301.54
147763548,AUS / Gund (AUS) 9th Sep,R3 1000m Mdn,09-09-2018 05:00,20058787,5. Accellar Raider,0,19.21051665638908,21.8554714688633380252978384097078005503,11.9754504074357015533486121721415839063,25,19.5,1,1001,1256.64,513.8,17.32
147763550,AUS / Gund (AUS) 9th Sep,R4 1180m Mdn,09-09-2018 05:40,20501290,5. Manhattan Rush,0,18,17.6904976821370252888993348111338280264,18.8716422214897824653922214897824653922,26,18.5,960,10.5,1941.76,1880.84,60.92
147763550,AUS / Gund (AUS) 9th Sep,R4 1180m Mdn,09-09-2018 05:40,19487060,12. Kyoko,0,34,24.2240862744195520500524164056639961869,14.500011509493029851021122221608382594,36,29,30,30,2172.12,1104.36,1067.76
147763556,AUS / Gund (AUS) 9th Sep,R7 1400m CL2,09-09-2018 07:35,10689779,7. Snipps Parade,0,37.04280658850018,35.3906698081185533372333267695555886588,30.0640003633803456655538143580659081102,48,23,960,960,880.62,684.9,9.98
147763552,AUS / Gund (AUS) 9th Sep,R5 1180m CL1,09-09-2018 06:20,941061,3. South Africa,0,20,20.134917508851792491997007998176973304,14.9447929435254571417739754590373169221,28,17.5,1,1001,1582.66,1029.9,95.84
147763552,AUS / Gund (AUS) 9th Sep,R5 1180m CL1,09-09-2018 06:20,20501302,10. Kappy Cino,1,4.656594530229704,4.79831454148799369622255200722915250464,3.63598625100036200694714335354034319227,8,4,4.7,1.01,16519.02,10260.92,4315.88
147763552,AUS / Gund (AUS) 9th Sep,R5 1180m CL1,09-09-2018 06:20,20501301,6. Zafeera,0,24.10539139989764,18.0574539014901458094935206053610079864,12.6444398944398944398944398944398944399,23,13,30,10.5,1318.68,542.2,149.02
147763554,AUS / Gund (AUS) 9th Sep,R6 1800m Hcap,09-09-2018 06:55,13601944,10. Spare Ticket,0,9.6,8.72044527709175607740457348939094993542,9.67138790814790486356296357117442592441,15,9.6,60,8,3653.7,3412.16,241.54
147763554,AUS / Gund (AUS) 9th Sep,R6 1800m Hcap,09-09-2018 06:55,20501303,8. Monkery,0,8.8,8.14255044336072596466033863471399968408,8.56355199730727156887494440237056270812,10.5,8,960,6.2,4991.22,4632.78,358.44
147763558,AUS / Gund (AUS) 9th Sep,R8 1400m Hcap,09-09-2018 08:15,8149944,6. Bondo,0,7.354761535644647,5.777247784505004333686825290101937583,6.0238197302006724531450682679014062615,8.4,6.2,5.1,5.1,4889.56,4692.18,190.46
147764865,AUS / Kalg (AUS) 9th Sep,R7 1300m CL2,09-09-2018 10:05,20484789,6. Pieronova,0,75,37.7021913756571294979642337653574121526,33.1088853984412279306505487513917607762,100,26,960,960,1005.92,825.32,14.86
147764865,AUS / Kalg (AUS) 9th Sep,R7 1300m CL2,09-09-2018 10:05,20484791,11. Quirky Girl,0,38,41.9687519791475610149800030577771366779,35.3339160839160839160839160839160839161,55,40,1,1001,755.04,588.1,5.96
147764855,AUS / Kalg (AUS) 9th Sep,R2 1400m Mdn,09-09-2018 07:04,15658553,1. Buff Man,0,12,7.35752430312537543377425927718595275957,10.5153903526414588361491016358272995441,12.5,9,1000,960,2386.56,2351.18,35.38
147764855,AUS / Kalg (AUS) 9th Sep,R2 1400m Mdn,09-09-2018 07:04,20260523,2. Moschard,0,3.55,3.01738432296555853656091185010140231756,3.33662479791070762342992165153587862206,3.8,3.4,960,4.6,13026.42,12401.58,624.84
147764855,AUS / Kalg (AUS) 9th Sep,R2 1400m Mdn,09-09-2018 07:04,20484778,10. Spiros,0,45.367609392,19.8397372580910497241847989670962392134,22.9275442089237615645860170980208455323,60,40,960,360,853.9,828.42,25.48
147770293,AUS / Devn (AUS) 9th Sep,R1 1150m Mdn,09-09-2018 03:55,17181251,9. Moonlight Escapade,0,23.385399990488082,24.1628079349646146974727654143190061548,17.3431171386409950108917152694821165062,30,20,30,30,1423.1,903.46,16.64
147770293,AUS / Devn (AUS) 9th Sep,R1 1150m Mdn,09-09-2018 03:55,20482885,8. Glass Warrior,0,11,10.7792764518571514031007011464770320088,8.47893740889295318116381612900305123725,11.5,9.8,1,1001,2208.94,1453.92,18.34
147770293,AUS / Devn (AUS) 9th Sep,R1 1150m Mdn,09-09-2018 03:55,19167475,6. Swinley Forest,1,4.832363285114697,4.58908817214244865607347151630830906478,2.80345048244697725883454428685283626206,4.7,4.4,4.2,4.2,7754.22,3233.4,3449.66
147770299,AUS / Devn (AUS) 9th Sep,R4 1000m Hcap,09-09-2018 05:55,11100684,6. Gee Gees Blondie,0,8.555048854,6.57448999583489283255341663048217525882,6.82763010835032236031915223892953607021,9.2,6.4,6,6,3865.24,3465.14,400.1
147770295,AUS / Devn (AUS) 9th Sep,R2 1350m Mdn,09-09-2018 04:35,11406857,7. Sorturo,0,140,218.45709782726853451537474266490594895,123.063508985683825769113615595491928115,420,65,1,1001,393.96,217.34,.94
147770295,AUS / Devn (AUS) 9th Sep,R2 1350m Mdn,09-09-2018 04:35,19463701,3. Push Pause,0,3.5689190875533683,3.23399375586542976476277896942355054086,3.03572105695690239027371690040801493302,3.75,2.98,3.5,2.4,19371.84,15979.86,637.1
147770295,AUS / Devn (AUS) 9th Sep,R2 1350m Mdn,09-09-2018 04:35,20370048,6. Rubyranger,0,31.005760924285276,24.5021238975940191835209325310641998819,18.0153781208539380050657339283560487275,30,19,36,36,1658.2,1054.46,26.98
147770759,AUS / SCst (AUS) 9th Sep,R1 1000m Mdn,09-09-2018 03:30,20501949,11. Sixty One Tigers,0,9.751293714508357,9.82764627467119745097734267230751271127,9.04789244167069237900014362000757269131,12,9,1000,1000,3063.64,2402.72,53.82
147770765,AUS / SCst (AUS) 9th Sep,R4 1000m Mdn,09-09-2018 05:30,20501962,6. Foozle,0,120,95.0582025155243091786863589971196417408,71.5300457217504898758981058131939908557,150,60,1,1001,367.44,258.98,3.06
147770765,AUS / SCst (AUS) 9th Sep,R4 1000m Mdn,09-09-2018 05:30,20501965,10. Lucky Bee,0,190,174.251652045036379416856772948304332355,106.214432675455307475424826640249942848,250,65,1,1001,262.46,151.6,2.58
147770765,AUS / SCst (AUS) 9th Sep,R4 1000m Mdn,09-09-2018 05:30,20501967,12. Udeandindy,0,42,35.794118755031194731543267247106097682,25.9368471541249200596887657215945427414,44,32,12.5,12.5,750.56,471.98,38.34
147770763,AUS / SCst (AUS) 9th Sep,R3 1000m Mdn,09-09-2018 04:50,20059430,7. Chinch,0,16,18.0987240559539432969088050886846767046,15.2289706005997589753650402174826938707,24,14,16,15,3568.1,2693.7,189.36
147770763,AUS / SCst (AUS) 9th Sep,R3 1000m Mdn,09-09-2018 04:50,20501957,11. Harrys Star,0,54.15942487376423,70.1696496053155782359764127072041700835,41.0538755730812171888733163883412119629,100,55,10.5,10.5,841.94,414.94,43.88
147771345,AUS / Musw (AUS) 9th Sep,R4 1450m CL3,09-09-2018 06:00,12785037,11. Stately Lady,0,16.631984942638447,20.0204523263176574263230451839800584866,14.6563474638870650032829940906106369009,40,17,1,1001,1949.44,1267.54,34.66
147771345,AUS / Musw (AUS) 9th Sep,R4 1450m CL3,09-09-2018 06:00,15029187,5. I Wear Prada,0,6,6.42004632185100398974058145124903142049,5.12097955084491192202330513224026075923,7,6,1,1001,4460.82,2989.78,214.8
147771345,AUS / Musw (AUS) 9th Sep,R4 1450m CL3,09-09-2018 06:00,17549354,3. Yuralla Boy,0,22,23.2240534381200682225369859146681203633,18.3475884916791406181209826538698599982,29,18.5,10.5,10.5,1817.12,1281.14,61.22
147771351,AUS / Musw (AUS) 9th Sep,R7 1280m CL1,09-09-2018 07:52,11732033,13. Sweatball,0,12,10.8215779880432417727662012781489581766,10.6222757434259031703121159990169574834,16,9,11,8.6,2604.16,2274.68,329.48
147771351,AUS / Musw (AUS) 9th Sep,R7 1280m CL1,09-09-2018 07:52,20501481,1. Highly Desired,1,4.113891680255483,3.41309698941102382229631899041524138568,3.10001128357515839400157317822439574172,5.2,4,3.65,1.01,15332.02,12658.44,2673.58
147771339,AUS / Musw (AUS) 9th Sep,R1 1450m Mdn,09-09-2018 04:00,20501457,6. So You Oughta,0,9.4,6.91824721023523661722143037884455594555,7.23034240434245280732788911236581287712,9.6,5.4,29,29,4126.7,4034.9,90.56
147771339,AUS / Musw (AUS) 9th Sep,R1 1450m Mdn,09-09-2018 04:00,20501458,9. Elusive Valley,0,5.4,3.46152629265820352654783777316869093209,3.7438188967711044946973907970699438094,5.5,4.9,5.7,5.7,7268.12,6761.56,367.3
147771347,AUS / Musw (AUS) 9th Sep,R5 1280m Hcap,09-09-2018 06:37,19555895,8. Big Legged Woman,0,7.216911902,7.58834922490153065341415739191609729443,6.551975373028182846460719438104075371,9,5.8,1,1001,5905.72,4625.9,34.62
147771349,AUS / Musw (AUS) 9th Sep,R6 1750m Hcap,09-09-2018 07:12,17651214,8. Elaborate,0,3.26074664676933,2.98880011241750489593252467982973208086,2.75655886654650218316653486041249335951,4.6,2.7,5.2,2.6,14946.18,10387.62,1148.38
147771349,AUS / Musw (AUS) 9th Sep,R6 1750m Hcap,09-09-2018 07:12,20185140,7. Bellabrook,0,14.5,13.8315580800514391144402835951957458592,11.3876852523411274638802061604225903557,15.5,12,10,10,3116.02,2249.78,275.84
147771349,AUS / Musw (AUS) 9th Sep,R6 1750m Hcap,09-09-2018 07:12,13326265,9. Athenas Voice,0,17.412481674,15.766594354190061775284617191408742364,6.26390343392299687825182101977107180021,19,7.4,1,1001,2402.5,619.78,45.52
147771449,AUS / Shep (AUS) 9th Sep,R8 1690m Pace M,09-09-2018 12:04,14535189,1. Illawong Achilles,0,2.2876080878276115,2.18102370343945320637204555224362353756,2.12010836328420418988133395703842697483,2.84,1.9,3.35,2.54,6321.98,12325.14,481.78
147771449,AUS / Shep (AUS) 9th Sep,R8 1690m Pace M,09-09-2018 12:04,16824383,7. Dont Tell Alice,0,190.79911320734772,116.352915004266927301770227788272879118,72.8632918298333851838116385257857063748,190,90,1,1001,11.42,65.26,.82
147771447,AUS / Shep (AUS) 9th Sep,R7 2190m Pace M,09-09-2018 11:40,20486372,7. Shezalittlecranky,0,16.317687252,17.2819837640130831873416587049033326804,14.8207919292292777508482792050412021328,19.5,9.6,960,960,660.16,357.72,14.74
147771447,AUS / Shep (AUS) 9th Sep,R7 2190m Pace M,09-09-2018 11:40,13029081,6. One For Granny,0,100,70.7817725312378730212749287836479665849,69.2718237980123556271823798012355627182,95,60,1,1001,74.46,52.28,1.8
147771435,AUS / Shep (AUS) 9th Sep,R1 1690m Pace M,09-09-2018 08:34,9035192,4. Major Wish,0,476.12542590660973,177.065505726090975982491557081674622191,119.179674796747967479674796747967479675,1,1001,1,1001,49.2,2.12,2.34
147771439,AUS / Shep (AUS) 9th Sep,R3 1690m Pace M,09-09-2018 09:33,9590897,8. Final Over,0,3.9,3.2880280343142584135636783413821382991,4.27479181579233689707895023163392105549,4.2,2.58,28,3,3492.58,2437.48,1055.1
147771441,AUS / Shep (AUS) 9th Sep,R4 2190m Pace M,09-09-2018 10:08,11247286,4. Concorde Dawn,0,270,199.390026571040117056142749984142251566,108.918053141296250310404767817233672709,340,120,970,820,80.54,35.44,3.36
147771441,AUS / Shep (AUS) 9th Sep,R4 2190m Pace M,09-09-2018 10:08,20486362,1. Iowa Hanover,0,44,53.3498419342448439290144814608569305879,35.2475427224513847967000589275191514437,110,40,960,380,169.7,72.7,16.24
147771445,AUS / Shep (AUS) 9th Sep,R6 1690m Pace M,09-09-2018 11:13,20486370,8. Shesalwaysdreaming,0,24,24.4516277352139157019148948715903867823,21.8623081463990554899645808736717827627,32,18,1,1001,406.56,299.84,12.74
147771437,AUS / Shep (AUS) 9th Sep,R2 2190m Pace M,09-09-2018 09:03,12929381,3. Lifeasweknowit,0,256.59872197348614,188.150670743684631245909939359434791697,172.843387815750371471025260029717682021,240,130,970,250,67.3,19.04,7.5
147771437,AUS / Shep (AUS) 9th Sep,R2 2190m Pace M,09-09-2018 09:03,18041623,2. Mygirl Rocks Lombo,0,13.5,11.5561355799633460919937624326791069865,12.8685946969696969696969696969696969697,12.5,9,960,21,528,270,86.8
147771437,AUS / Shep (AUS) 9th Sep,R2 2190m Pace M,09-09-2018 09:03,10109956,10. I Hope Ican,0,488.1913157944474,147.918509924655969793484561285844006829,106.829896907216494845360824742268041237,1,1001,1,1001,31.04,8.94,.84
147771451,AUS / Shep (AUS) 9th Sep,R9 2190m Trot S,09-09-2018 12:32,12535320,3. Clarkes Hill,0,2.52,2.36870674810824843178245570986639613303,1,2.66,2.16,1000,4,0,8099.76,266.9
147772494,AUS / Sale (AUS) 9th Sep,R4 1400m Mdn,09-09-2018 04:45,20501893,13. Tarwin,1,11,10.1024628976959612213029672598584788919,4.45853152422601291667873381795012887718,12,9,10.5,1.01,8286.96,2953.06,4284.34
147772502,AUS / Sale (AUS) 9th Sep,R8 2200m Hcap,09-09-2018 07:15,20501902,4. Truly High,0,2.4162164464520632,2.45165578299508331567651777502917108951,2.29682644548666423416127510746037537711,2.7,2.3,3.4,2.2,56183.5,45048.26,4005.86
147772504,AUS / Sale (AUS) 9th Sep,R9 1200m Hcap,09-09-2018 07:55,12902589,9. Milady Cabriot,0,150,158.034763545594271178241766027633006835,137.274896206563157595404652220895182847,290,65,1,1001,703.32,606,1.04
147772504,AUS / Sale (AUS) 9th Sep,R9 1200m Hcap,09-09-2018 07:55,16270399,1. Parsifal,0,6.2392935985594535,6.15566114955649004218906205161937388749,5.53218981507172387003690241669210066313,7.6,5.5,1,1001,11533.12,9453.24,443.94
147772488,AUS / Sale (AUS) 9th Sep,R1 1200m 3yo,09-09-2018 02:45,3739415,10. Infinite Spirit,0,845.0384166668914,864.576220607269112752602266574175146456,579.570039458850056369785794813979706877,1000,400,250,250,141.92,91.24,11.02
147772488,AUS / Sale (AUS) 9th Sep,R1 1200m 3yo,09-09-2018 02:45,20501865,8. Halcyon Dame,0,12.322389554107648,12.166229294250632148827624353464266877,9.08956463783294851348456356668491585537,13,11,1,1001,3360.88,2065.68,23.56
147772490,AUS / Sale (AUS) 9th Sep,R2 1000m Mdn,09-09-2018 03:25,20501879,12. Silver Scout,0,60.019970719,59.619405882790893971206219949727198266,46.9432555902861264727097860062515027651,120,32,1000,1000,665.44,469,3.82
147772496,AUS / Sale (AUS) 9th Sep,R5 1400m Hcap,09-09-2018 05:25,4157476,7. Bella Mia,0,4.7,4.09101557101843285440002370945671891864,4.27784729876857117739743164927608755926,5.1,4.2,1,1001,11830.16,11576.68,253.48
147772498,AUS / Sale (AUS) 9th Sep,R6 1400m Hcap,09-09-2018 06:05,11465525,2. Hard To Kiss,0,30.7037584978994,28.3517131163887873716061048672570336266,18.8450537018673445159848601237447450383,32,26,32,32,1431.98,767.86,35.9
147772498,AUS / Sale (AUS) 9th Sep,R6 1400m Hcap,09-09-2018 06:05,4859408,1. Hokkaido,0,7.8,7.76230220165917513820372971702414328547,5.37341946850682719130817794743796799295,8,7.4,8,6,6129.9,3168.48,611.08
147772492,AUS / Sale (AUS) 9th Sep,R3 1400m Mdn,09-09-2018 04:05,18275612,9. La Ville Lumiere,0,650.4426122077241,453.362022866574859278752989345096139017,234.003924133420536298234139960758665795,480,400,1,1001,61.16,31.46,.02
147774122,AUS / Dubb (AUS) 9th Sep,R7 1720m Pace M,09-09-2018 07:24,8799693,7. Tim Mcgee,0,6.8,6.47837779582289513134888097454430923762,6.61207590334375063831525624527646710378,10,6,1,1001,1958.28,1956.06,2.22
147774124,AUS / Dubb (AUS) 9th Sep,R8 2120m Pace M,09-09-2018 07:50,9617584,9. Barlor Troubadour,0,65.48416237979197,52.2289655504465682852259322564337128963,53.965382740126767430521696733300828864,1,1001,1,1001,41.02,10.8,3.72
147774124,AUS / Dubb (AUS) 9th Sep,R8 2120m Pace M,09-09-2018 07:50,13178431,5. Smooth Mace,0,261.3993433311953,217.784317643970247979069327902393914985,148.495084446685152508192588858079153012,330,48,1,1001,79.34,50.92,1.08
147774120,AUS / Dubb (AUS) 9th Sep,R6 2120m Pace M,09-09-2018 06:55,10801740,5. Satellite Village,0,18,20.2446362970493972101366912116756875438,16.8000886001181334908446544595392793857,1,1001,960,960,135.44,65.44,6.36
147774112,AUS / Dubb (AUS) 9th Sep,R2 1720m Pace M,09-09-2018 04:54,20261510,9. Girl Of Royalty,0,5.540852113,6.1404847412257632306857974795385308111,4.82338084521130282570642660665166291573,8.2,6,1,1001,719.82,455.52,15.62
147774110,AUS / Dubb (AUS) 9th Sep,R1 1720m Pace M,09-09-2018 04:28,20160107,5. Matatoa,0,95,47.0265976617228472183029794333343076897,62.8078141499472016895459345300950369588,38,38,960,960,37.88,24.7,2.22
147751492,AUS / Cast (AUS) 9th Sep,R8 1200m Hcap,09-09-2018 07:30,7346261,5. Barge And Charge,0,64.29237792120085,28.4944543958365934984320716116892949978,31.575642523364485981308411214953271028,85,50,1,1001,547.84,538.84,9
147751492,AUS / Cast (AUS) 9th Sep,R8 1200m Hcap,09-09-2018 07:30,10736766,2. Tough Vic,0,23.502293798,16.211251425372443761600736654298137497,17.0713864283265429785605510950942012231,29,17,34,34,2508.46,2489,19.46
147751492,AUS / Cast (AUS) 9th Sep,R8 1200m Hcap,09-09-2018 07:30,11367377,1. Mr Liberty,0,5.778944956498453,4.29010744497996521721883643811366236986,4.5572962820659549073786439514085313016,6.6,4.5,4.9,4.9,9786.08,9548.14,237.94
147751478,AUS / Cast (AUS) 9th Sep,R1 3480m Hrd,09-09-2018 02:55,2578438,7. Referee,0,18,11.6523334972777372702764965764152318543,14.3431890682283483311907822691996381469,21,18.5,23,23,420.06,403.84,16.22
147751478,AUS / Cast (AUS) 9th Sep,R1 3480m Hrd,09-09-2018 02:55,9401609,1. Ascot Red,1,3.5668260002981693,2.92639015735587194658010349183599866512,2.64953897850767721697242805947536589393,3.7,3,3.85,1.01,8237.36,5244.92,2992.44
147751494,AUS / Cast (AUS) 9th Sep,R9 1400m Hcap,09-09-2018 08:05,9479381,3. Unrealistic,0,29.134393398687244,25.1147874094965089554501042420848366132,20.5721459983091993516012192378987536162,32,19,1,1001,2578.66,2030.1,13.02
147751480,AUS / Cast (AUS) 9th Sep,R2 3480m Hrd,09-09-2018 03:35,9568195,1. Big Blue,1,3.1969518708344546,2.7578445197762532197673819114971251835,2.32040133330447392913573299279236380165,3.6,3.15,2.5,1.01,18480.4,11760.7,6719.7
147751480,AUS / Cast (AUS) 9th Sep,R2 3480m Hrd,09-09-2018 03:35,11040633,6. Zoffman,0,17.5,11.2206542449588315666589967926593186638,12.173208722741433021806853582554517134,17.5,14.5,960,15,2150.7,2042.78,107.92
147751482,AUS / Cast (AUS) 9th Sep,R3 1200m Mdn,09-09-2018 04:15,20502326,11. True Dinks,0,62.84747409340751,73.865218620655805014882066688782987092,25.1531252450788173476590071366951611638,85,65,65,65,510.04,135.2,9.78
147751486,AUS / Cast (AUS) 9th Sep,R5 1400m Mdn,09-09-2018 05:35,19583189,2. Flying Conqueror,0,180,149.84727651850326931829667170090185112,92.2607628996517885406774295663184552073,220,80,1,1001,252.72,145.62,1.96
147761207,AUS / Nara (AUS) 9th Sep,R3 1000m Hcap,09-09-2018 05:05,8420310,6. Visual Image,0,19.5,19.6918400844958247005818777622797289284,10.6716469491416446987719411046100430785,22,18,23,23,1244.24,515.6,27.98
147761213,AUS / Nara (AUS) 9th Sep,R6 1200m CL2,09-09-2018 07:00,8526554,4. Ready For Action,0,4.517119772587103,4.20266812603643597712629566193657495878,3.42832196299044625785040248691461349866,5.3,3.8,3.1,3,18085.06,12038.84,833.62
147761203,AUS / Nara (AUS) 9th Sep,R1 1800m Mdn,09-09-2018 03:45,12286692,4. Az Lucky,0,132.50896548472338,112.687092714540254851546220799006179868,82.9009929078014184397163120567375886525,150,70,960,960,211.5,140.22,28.58
147761217,AUS / Nara (AUS) 9th Sep,R8 1430m Hcap,09-09-2018 08:20,589868,4. Pewter,0,3.9940895284472937,3.56573696947220491567806864890097212189,3.27989591629824481656643352497198544627,4.2,3.1,2,2,20239.48,15910.58,1367.3
147761217,AUS / Nara (AUS) 9th Sep,R8 1430m Hcap,09-09-2018 08:20,15425719,11. Greta Affair,0,95.49081474335865,106.665669367875637344424934821272672366,67.6805765430663721957456701150761362316,190,55,960,50,688.24,337.26,36.8
147763546,AUS / Gund (AUS) 9th Sep,R2 1400m Mdn,09-09-2018 04:20,20501276,7. Tuskegee Navigator,0,30,26.9955753379260812427273963628749175753,21.2910453843514070006863417982155113246,36,19,48,27,932.48,625.68,70.8
147763546,AUS / Gund (AUS) 9th Sep,R2 1400m Mdn,09-09-2018 04:20,290333,6. Sly Grin,0,16.951113164280546,16.039447977839759762389160566300984889,13.8977158042931489947324295679959504564,18,15,10.5,10.5,1264.34,871.64,69.64
147763548,AUS / Gund (AUS) 9th Sep,R3 1000m Mdn,09-09-2018 05:00,13135822,6. Dream And Journey,0,414.5837146528227,325.839013526030952726340002963816801713,122.792491121258244545915778792491121258,560,75,1,1001,118.26,40.92,1.5
147763550,AUS / Gund (AUS) 9th Sep,R4 1180m Mdn,09-09-2018 05:40,20501295,13. Ready For Red,0,71.210935398,81.7576990602141432477795682406727483527,82.7945375722543352601156069364161849711,240,65,1,1001,692,687.22,4.78
147763556,AUS / Gund (AUS) 9th Sep,R7 1400m CL2,09-09-2018 07:35,18509666,4. Riverbend Chief,0,49.572565165,30.7133361322247849450088094815668405141,20.1929525982492084186999441236729372323,44,23,9.6,9.6,859.04,422.4,117.56
147763556,AUS / Gund (AUS) 9th Sep,R7 1400m CL2,09-09-2018 07:35,12080440,2. Gagosian,0,29,26.0771483303265605535799207906304210958,21.2648389166150199519413728240423611791,30,16,1,1001,1839.42,1329.62,13.64
147763552,AUS / Gund (AUS) 9th Sep,R5 1180m CL1,09-09-2018 06:20,15189696,12. Young Jackson,0,155.69099713555534,185.765234687731024603269499328734160437,111.435120618168111571805503203920090464,250,100,120,90,424.48,212.68,116.48
147763552,AUS / Gund (AUS) 9th Sep,R5 1180m CL1,09-09-2018 06:20,11704179,14. Sparkling Glow,0,320,168.989280374131219633496050416593136933,100.218118395403713963270749974351082384,250,75,1,1001,194.94,100.56,1.36
147763554,AUS / Gund (AUS) 9th Sep,R6 1800m Hcap,09-09-2018 06:55,11067217,3. Blue Seal,0,14,11.1917330870786668430637600031607903892,11.5927585235277542969850662158354466047,15.5,11,9,9,4116.84,3951.72,165.12
147763554,AUS / Gund (AUS) 9th Sep,R6 1800m Hcap,09-09-2018 06:55,19660724,5. Not Bossy,0,3.845197962203092,2.52715035726517433867993801348264704811,2.89083660710652702651264072411969081055,3.5,3,11.5,3.3,15237.26,13460.36,1776.9
147763544,AUS / Gund (AUS) 9th Sep,R1 1400m Mdn,09-09-2018 03:40,17774467,4. Koufax,0,6.6,6.22435422239399438401683068940477392714,5.59139063424424656816122340465367073819,10,5.8,11,11,5341.16,4323.96,96.96
147764857,AUS / Kalg (AUS) 9th Sep,R3 1400m Hcap,09-09-2018 07:44,19169277,8. Partybus,0,32,24.8497331027215568849937092766842675047,19.7487704498104443457768366405956487585,30,21,30,30,1171.16,825.04,17.74
147764865,AUS / Kalg (AUS) 9th Sep,R7 1300m CL2,09-09-2018 10:05,11029500,7. Ronboy,0,12.379717655433922,14.3596296850239102235319584421367852106,11.2054160373713603315654525657686768993,16,11.5,9.2,9.2,2277.68,1472.22,88.72
147764865,AUS / Kalg (AUS) 9th Sep,R7 1300m CL2,09-09-2018 10:05,18853348,3. Urquell,0,11.507230899,10.6989714554613489020037016729102449773,9.28632165638544430985106815015019220401,12,9.6,960,960,2856.34,2106.62,18.54
147764865,AUS / Kalg (AUS) 9th Sep,R7 1300m CL2,09-09-2018 10:05,19169271,5. Mybak,0,19.80956585847015,24.409703459161159385834254737700516473,19.8196193280859218518237822504682611002,30,21,1,1001,1847.26,1380.68,10.26
147764859,AUS / Kalg (AUS) 9th Sep,R4 1200m Hcap,09-09-2018 08:25,12818302,2. Its Dynamite,0,20.00487570015714,23.2575781418337913395564403673319490077,15.4077902595638880957189717732106667038,32,18.5,1,1001,2871.74,1812.24,281.76
147764859,AUS / Kalg (AUS) 9th Sep,R4 1200m Hcap,09-09-2018 08:25,15174029,4. Temple Man,1,9.240919642,7.36466876592283486221862010650892167853,5.01638421630682967715829937281424318622,8.6,6.6,8.6,8,5535.84,2996.52,371.66
147764861,AUS / Kalg (AUS) 9th Sep,R5 1300m Hcap,09-09-2018 09:00,13179357,4. Viking Forrest,0,19.5,16.7449476012992866479370249412266937686,12.8857383521435363181611476290876018025,18.5,14,1,1001,1935.12,1355.98,13.88
147764861,AUS / Kalg (AUS) 9th Sep,R5 1300m Hcap,09-09-2018 09:00,20484781,10. Bonny Be Good,0,11.444544786801758,11.4463565770319277262688577664556681913,9.90289194998287932606426647194478479519,14,10,1,1001,4847.94,3945.2,30.4
147764863,AUS / Kalg (AUS) 9th Sep,R6 1760m Qlty,09-09-2018 09:30,9418466,2. Our Finest Moment,0,15.232692875801588,12.4412060042955623639483504860446553152,9.78375861489325937132291141368297192806,14.5,11.5,960,10.5,2379.6,1448.5,152.06
147764863,AUS / Kalg (AUS) 9th Sep,R6 1760m Qlty,09-09-2018 09:30,10442822,11. Push To Pass,0,30.30769249276956,32.4859429655191819315356086481955347922,21.8561732385261797026502908855850032321,55,29,960,960,1051.96,595.28,10.12
147764855,AUS / Kalg (AUS) 9th Sep,R2 1400m Mdn,09-09-2018 07:04,20020143,6. Bangcrash,0,92.32626018021256,53.8858719219248281133375897759240618511,60.2153183635804367886804060289141802522,95,70,90,90,325.1,312.06,13.04
147764855,AUS / Kalg (AUS) 9th Sep,R2 1400m Mdn,09-09-2018 07:04,11821393,4. Big Ransom,0,82.88356257334648,26.359857519434249459183450016005326261,32.3500489715964740450538687561214495593,95,60,1,1001,306.3,295.82,10.48
147764855,AUS / Kalg (AUS) 9th Sep,R2 1400m Mdn,09-09-2018 07:04,13185305,11. Slurpin Turpin,0,46.73123747,18.6427120333052727374459738076168150936,22.0626976679525944461821846870329823098,50,32,1,1001,575.46,567.12,8.34
147770293,AUS / Devn (AUS) 9th Sep,R1 1150m Mdn,09-09-2018 03:55,20482883,5. Shbourne Rebel,0,8.68926183726813,8.84772715478498843678778573445395187988,7.28917472959780391853620344684264960322,10,8.4,7.6,7.6,2069.14,1226.1,177.78
147770293,AUS / Devn (AUS) 9th Sep,R1 1150m Mdn,09-09-2018 03:55,12247510,2. Gee Gee Countryboy,0,19.52305963673265,21.4335744328040359253858595293521608788,15.7201207971498552660877310175907370296,32,17.5,1,1001,2155.68,1286.36,42.22
147770301,AUS / Devn (AUS) 9th Sep,R5 1000m CL3,09-09-2018 06:33,20259950,1. Prince Of Virtue,0,1.6974496171739881,1.65644451371835141096833517142339129615,1.68446044169891392672418388039335639386,1.75,1.58,1000,100,58159.98,50892.62,1203.4
147770303,AUS / Devn (AUS) 9th Sep,R6 1150m CL1,09-09-2018 07:08,16980140,7. Astrobelle,0,14.58835416478949,15.870615342288302354700163923900745686,9.50722077387486278814489571899012074643,17,13.5,1,1001,2332.16,1002.5,35.9
147770295,AUS / Devn (AUS) 9th Sep,R2 1350m Mdn,09-09-2018 04:35,20370054,5. Oceania Hope,0,21,20.3160656639052641398689792599751247957,16.8107175551017533976480529540173227238,24,16,1,1001,1988.14,1462.96,52.3
147770297,AUS / Devn (AUS) 9th Sep,R3 1350m Hcap,09-09-2018 05:15,448722,4. Fragment,1,1.9012540294530802,1.95759300485080232451148817553306980585,1.6896430891659138286679251638926500408,2.4,1.89,1.92,1.01,36572.72,22616.98,8959.82
147770297,AUS / Devn (AUS) 9th Sep,R3 1350m Hcap,09-09-2018 05:15,11266846,2. Step The Pedal,0,15.5,15.999696692192505972139040361203095118,10.9183857680263959817581909505495660215,18.5,11.5,230,10,1903.32,1094.96,124.9
147770759,AUS / SCst (AUS) 9th Sep,R1 1000m Mdn,09-09-2018 03:30,20501947,9. Mountain Courage,0,4.4,4.14263051214621104091711073156885656482,3.85659362569308297801915856641747342733,4.6,3.95,960,2.98,10211.62,8168.76,461.14
147770765,AUS / SCst (AUS) 9th Sep,R4 1000m Mdn,09-09-2018 05:30,20501964,9. Jami Lady,1,3.415242232353485,3.39537576537485121140764515304408287337,2.93208661750222997416877505612239822531,3.8,3.25,3.3,1.01,24125.84,18465.8,3699.36
147770763,AUS / SCst (AUS) 9th Sep,R3 1000m Mdn,09-09-2018 04:50,17427901,8. Underthemistletoe,0,21.298750008,21.2980062091817624940339737704867539081,12.5031771231453715136904411908821857667,23,20,1,1001,2040.84,1059.7,13.4
147770771,AUS / SCst (AUS) 9th Sep,R7 1200m Hcap,09-09-2018 07:25,12693259,11. Pinch Mountain,0,4.9048133403190874,4.92673665785411211613623431310297876373,4.54709630233990648175386530707107809277,6,4.2,4.5,3.95,12305.62,9757.82,1077.6
147770767,AUS / SCst (AUS) 9th Sep,R5 1400m Mdn,09-09-2018 06:10,20501977,5. Alpine Dancer,0,5.041015564396801,5.00427487377725197889662072855217851871,4.36452089489916504237663859829010222951,6,4.7,1,1001,12405.42,9679.78,354.9
147770767,AUS / SCst (AUS) 9th Sep,R5 1400m Mdn,09-09-2018 06:10,18129823,14. Secret Lily,0,39.27755472153541,31.1464873968340148682716252031953433633,18.5583254092673023052607231888155020431,38,23,1,1001,1556.44,751.38,10.4
147770767,AUS / SCst (AUS) 9th Sep,R5 1400m Mdn,09-09-2018 06:10,18277115,8. Der Sieger,0,16.895700709377415,18.6098300087252522753357420356971618936,15.8680438101700665846728020696382374147,24,15.5,960,960,2829.48,2115.92,229.32
147770767,AUS / SCst (AUS) 9th Sep,R5 1400m Mdn,09-09-2018 06:10,20501984,16. Its Not An Issue,0,140,117.585767668595573171108449929704932109,91.3971203996180121942261073973407771983,190,100,1,1001,272.26,200.24,2.18
147770773,AUS / SCst (AUS) 9th Sep,R8 1400m CL3,09-09-2018 08:00,12417704,8. She Goes Pop,0,38,21.3319320983278162606582173419636940679,23.0844492113017854047495233142659039695,42,22,29,29,923.04,860.16,62.88
147770773,AUS / SCst (AUS) 9th Sep,R8 1400m CL3,09-09-2018 08:00,20501666,6. Prince Of Tie,0,42,33.2311677695341000600646838631297264474,35.4552763413057530704589528118939883646,60,34,1,1001,742.56,729.48,13.08
147771345,AUS / Musw (AUS) 9th Sep,R4 1450m CL3,09-09-2018 06:00,934142,6. Kulnura,1,5.8,5.08948769025667123977479369368355777762,2.77680592988679263396124981700102479426,5.3,4.9,3.8,1.01,8333.38,2905.02,3392.3
147771341,AUS / Musw (AUS) 9th Sep,R2 900m Mdn,09-09-2018 04:40,20482713,4. Cliffs Choice,0,9.730172760176938,7.51740808048772440642287416842059527251,7.84335051910445652941591920333356875486,12,7.8,1,1001,2831.8,2804.2,27.6
147771343,AUS / Musw (AUS) 9th Sep,R3 1000m CL2,09-09-2018 05:20,1265574,4. Real Classic,0,37.02677773437928,38.1590958575086944800485646403991630211,28.0472764124651634152520901950848745883,50,16.5,1,1001,947.28,580.58,63.56
147771343,AUS / Musw (AUS) 9th Sep,R3 1000m CL2,09-09-2018 05:20,11942849,9. Torios Delight,1,8.290005225191901,8.12681922138548752183907395160343546705,3.83527271690388575064682470600241321143,8.6,7.4,1.01,1.01,6663.32,2531.92,2945.02
147771349,AUS / Musw (AUS) 9th Sep,R6 1750m Hcap,09-09-2018 07:12,12377981,12. Bunny Bad Girl,0,28,28.1966915376541483100914403314990869619,18.3385473865424000474904277106645691728,42,21,1,1001,1347.64,767.34,13.3
147771349,AUS / Musw (AUS) 9th Sep,R6 1750m Hcap,09-09-2018 07:12,5627909,15. Exotic Fever,0,292.7085698923514,223.36563595785126355107229544909262953,83.6464646464646464646464646464646464647,480,100,290,280,150.48,27.2,7.74
147771447,AUS / Shep (AUS) 9th Sep,R7 2190m Pace M,09-09-2018 11:40,11619068,5. Shady Mcfly,0,42,45.5275524895657769985489160719524137328,60.0766246362754607177497575169738118332,42,42,960,960,41.24,20.16,5
147771435,AUS / Shep (AUS) 9th Sep,R1 1690m Pace M,09-09-2018 08:34,20486361,5. Rosas First,0,31.960444890845686,34.4611423960345380359307890120329823607,28.5442888609188168659534298300818124607,36,30,1,1001,254.24,131.4,31
147771439,AUS / Shep (AUS) 9th Sep,R3 1690m Pace M,09-09-2018 09:33,4937695,5. Lights And Music,0,24.92754901245266,13.3404696483445243946457636673301338356,19.2176159918223635640865466522800840479,25,25,25,25,352.18,264.04,88.14
147771439,AUS / Shep (AUS) 9th Sep,R3 1690m Pace M,09-09-2018 09:33,6840237,4. Art Prevails,0,9.6,7.39661586552818788849911231140622394853,10.4707760829063809967396367023754075454,10,10,29,9.8,687.04,562.42,124.62
147771443,AUS / Shep (AUS) 9th Sep,R5 2190m Pace M,09-09-2018 10:42,8495211,5. Tennaya,0,31.491363636,27.6107777613886658471446670479282915387,20.6606016140865737344093910491562729274,32,25,960,960,436.16,214.18,87.56
147771437,AUS / Shep (AUS) 9th Sep,R2 2190m Pace M,09-09-2018 09:03,17399092,7. Elianna Franco,0,1.67,1.63098035904317066701797335077558973858,1.49713725529946176379872833190218784255,1.67,1.6,1.71,1.08,13811.78,5543.16,7271.1
147771451,AUS / Shep (AUS) 9th Sep,R9 2190m Trot S,09-09-2018 12:32,5411234,5. Conchs Critter,0,398.1302507525495,131.45372994553781006856216643147700017,1,160,95,970,970,0,45.6,15.32
147772500,AUS / Sale (AUS) 9th Sep,R7 1717m Hcap,09-09-2018 06:40,20501900,10. Immelmann,0,5.386848689703475,5.94161739226210618330647269172632195156,5.44570953028726894454669120588941345923,8.6,5.2,5.5,2,12497,10161.88,976.6
147772488,AUS / Sale (AUS) 9th Sep,R1 1200m 3yo,09-09-2018 02:45,20501864,6. Fiftyonestates,0,60,54.9434210167926297644725697898683905042,33.7540393948044533257208107336568655438,75,46,1,1001,350.3,186.58,9.66
147772496,AUS / Sale (AUS) 9th Sep,R5 1400m Hcap,09-09-2018 05:25,17846756,5. Scallop,0,40,19.0162857078348449454783544841940196122,20.4235439956056354755860389851393280779,42,17,160,160,1347.18,1340.24,6.94
147772496,AUS / Sale (AUS) 9th Sep,R5 1400m Hcap,09-09-2018 05:25,20501895,3. So White,0,32,17.6852368270631629160276637101997546272,18.7023391725901912381405585462332332035,38,26,1,1001,1344.92,1335.84,9.08
147772498,AUS / Sale (AUS) 9th Sep,R6 1400m Hcap,09-09-2018 06:05,10728887,7. Koolama Bay,0,12.5,14.1100225704996592243912158722178072073,11.4720262401619157927193235588269011072,17,12,9.2,6,5059.42,3564.92,489.88
147772492,AUS / Sale (AUS) 9th Sep,R3 1400m Mdn,09-09-2018 04:05,17221481,6. Sharkbright,0,11,9.29353134241910400642537878763282370445,8.2851542227873445833597035792574522315,10.5,8.8,10.5,10,3476.14,2531.78,210.76
147774118,AUS / Dubb (AUS) 9th Sep,R5 2120m Pace M,09-09-2018 06:26,8253610,2. Spanish Lustre,0,10.5,10.2409474925948192119261356029120802685,9.5812801625603251206502413004826009652,10,10,1,1001,157.48,101.04,28.58
147774122,AUS / Dubb (AUS) 9th Sep,R7 1720m Pace M,09-09-2018 07:24,2510118,2. Destiny Warrior,0,19.5,9.5772744598244615298450402275106224703,11.1816896345116836428999400838825644098,1,1001,1,1001,166.9,165.3,1.6
147774124,AUS / Dubb (AUS) 9th Sep,R8 2120m Pace M,09-09-2018 07:50,13483261,6. Siotada,0,13.234849031304476,15.7288062317609286838631921811022689189,12.260546875,1,1001,1,1001,92.16,19.92,18.46
147774124,AUS / Dubb (AUS) 9th Sep,R8 2120m Pace M,09-09-2018 07:50,5662034,3. Fantasy Level,0,23,18.5659796114483358147012512615438806746,34.1062686567164179104477611940298507463,1,1001,960,960,67,15.58,15.4
147774124,AUS / Dubb (AUS) 9th Sep,R8 2120m Pace M,09-09-2018 07:50,9212994,2. Kenny Dee Dee,0,19.736458797,19.2512093016375497403884557920740817444,17.9621366649668536460989291177970423253,1,1001,1,1001,78.44,10.14,6.74
147774120,AUS / Dubb (AUS) 9th Sep,R6 2120m Pace M,09-09-2018 06:55,12268932,4. Camelot Speedstar,0,13,13.0299902876524074079500103481382125632,9.92935533780299123259412068076328004126,15,13.5,1,1001,387.8,253.92,34.22
147774120,AUS / Dubb (AUS) 9th Sep,R6 2120m Pace M,09-09-2018 06:55,12050937,6. Safely Under Wraps,0,60,71.8659296884420524584551381701238571443,48.8676470588235294117647058823529411765,1,1001,1,1001,23.12,11.66,2.88
147774112,AUS / Dubb (AUS) 9th Sep,R2 1720m Pace M,09-09-2018 04:54,8440149,3. On Angels Wings,0,40.09023711912684,55.0995893836260728027213876684708301932,31.7618666666666666666666666666666666667,90,50,960,960,82.5,25.28,25.28
147774112,AUS / Dubb (AUS) 9th Sep,R2 1720m Pace M,09-09-2018 04:54,20503598,1. Moresco,0,26.200627484247093,19.2562868974221361595762575006965032367,17.3321654706627268889826931194596876319,34,15,1,1001,236.9,171.6,2.58
147774114,AUS / Dubb (AUS) 9th Sep,R3 1720m Pace M,09-09-2018 05:24,11853135,4. Best Beau,0,311.1510662257484,223.356673179134892124115039600008403185,162.751788662630709961474958723170060539,1,1001,1,1001,36.34,2.38,.42
147774116,AUS / Dubb (AUS) 9th Sep,R4 1720m Pace M,09-09-2018 05:54,13185388,8. Im Super Sophie,0,410.9310314414091,127.486149551947442782520043923274357321,122.369433558959743498396864980406127538,170,100,1,1001,56.14,36.52,.58
147774116,AUS / Dubb (AUS) 9th Sep,R4 1720m Pace M,09-09-2018 05:54,13369074,6. Soldtoyoulady,0,911.7612394054329,271.708140828808059263651620616272200786,182.918822479928635147190008920606601249,210,200,1,1001,22.42,6.26,0
147774116,AUS / Dubb (AUS) 9th Sep,R4 1720m Pace M,09-09-2018 05:54,12975954,3. Carinya Gold,0,75,51.3302551311112411093697470026298103227,39.3945794164326700036625564644121596875,80,38,1,1001,163.82,117.54,11.28
147774110,AUS / Dubb (AUS) 9th Sep,R1 1720m Pace M,09-09-2018 04:28,20503595,1. Navua Pixie,0,11,11.2732262059119008951883802376938320368,10.7698515887613369696200925984651487284,13,10,960,960,630.68,396.48,14.2
